type,role,mac,rssi,rate,sig_mode,mcs,bandwidth,smoothing,not_sounding,aggregation,stbc,fec_coding,sgi,noise_floor,ampdu_cnt,channel,local_time,ant,sig_len,rx_state,real_time_set,real_timestamp,len,CSI_DATA
,,,-80,0,0,0,0,0,0,0,0,0,0,-92,0,6,1723325464013,0,0,0,0,1723325464013,124,[-23 -8 -24 -8 -23 -8 -24 -8 -23 -8 -23 -8 -23 -8 -22 -7 -22 -7 -23 -6 -22 -5 -21 -5 -22 -5 -21 -5 -20 -5 -20 -5 -19 -5 -18 -5 -17 -6 -17 -6 -16 -6 -15 -6 -15 -5 -14 -6 -13 -6 0 0 0 0 0 0 0 0 0 0 0 0 0 0 0 0 0 0 0 0 0 0 -5 1 -6 0 -7 0 -8 0 -8 0 -9 -1 -11 -2 -11 -3 -12 -3 -13 -4 -15 -5 -15 -6 -15 -6 -16 -6 -16 -7 -17 -7 -17 -7 -17 -8 -19 -8 -19 -8 -20 -8 -20 -8 -21 -8 -22 -8 -23 -8 -23 -9]
,,,-80,0,0,0,0,0,0,0,0,0,0,-92,0,6,1723325464034,0,0,0,0,1723325464034,124,[13 -23 12 -23 13 -23 13 -24 12 -24 12 -23 11 -23 13 10 -23 11 -23 13 10 -23 13 10 -22 9 -22 9 -22 8 -22 8 -21 9 -21 8 -20 8 -20 8 -18 8 -18 8 -16 8 -16 8 -15 8 -14 9 -13 0 0 0 0 0 0 0 0 0 0 0 0 0 0 0 0 0 0 0 0 0 0 -1 -6 -1 -7 0 -8 1 -8 2 -9 2 -10 3 -11 4 -12 5 -13 6 -13 8 -15 9 -14 13 10 -15 13 10 -15 11 -15 11 -16 11 -17 11 -17 12 -18 12 -19 12 -19 12 -20 13 -21 14]
,,,-80,0,0,0,0,0,0,0,0,0,0,-92,0,6,1723325464055,0,0,0,0,1723325464055,124,[-24 -7 -24 -7 -23 -7 -24 -7 -23 -7 -23 -7 -23 -7 -22 -6 -22 -6 -22 -5 -22 -5 -21 -5 -22 -4 -21 -4 -21 -4 -20 -4 -19 -4 -19 -5 -17 -5 -17 -5 -16 -5 -16 -5 -15 -5 -14 -5 -13 -6 0 0 0 0 0 0 0 0 0 0 0 0 0 0 0 0 0 0 0 0 0 0 -5 1 -6 0 -7 0 -8 0 -8 0 -9 -1 -10 -2 -11 -3 -13 -3 -13 -4 -14 -5 -15 -6 -16 -6 -16 -7 -16 -8 -17 -8 -17 -8 -17 -8 -18 -8 -19 -8 -20 -8 -20 -8 -21 -8 -22 -8 -22 -8 -23 -8]
,,,-80,0,0,0,0,0,0,0,0,0,0,-92,0,6,1723325464081,0,0,0,0,1723325464081,124,[-26 7 -27 8 -25 8 -26 8 -25 8 -25 8 -25 8 -25 8 -23 8 -23 9 -22 9 -22 9 -23 13 10 -21 9 -21 9 -20 9 -20 9 -19 8 -19 7 -18 7 -18 6 -17 5 -16 5 -16 4 -16 4 0 0 0 0 0 0 0 0 0 0 0 0 0 0 0 0 0 0 0 0 0 0 -4 3 -5 4 -6 4 -7 4 -8 5 -9 5 -11 5 -12 4 -13 4 -14 5 -16 4 -17 4 -18 3 -19 4 -19 3 -19 3 -20 3 -20 3 -22 4 -22 5 -23 5 -24 5 -24 5 -25 6 -25 7 -26]
,,,-80,0,0,0,0,0,0,0,0,0,0,-92,0,6,1723325464096,0,0,0,0,1723325464096,124,[26 -7 26 -7 25 -7 25 -8 25 -8 24 -8 24 -8 23 -8 23 -9 23 -9 22 -9 21 -9 22 -9 21 -9 21 -9 20 -8 19 -8 18 -8 18 -7 18 -7 16 -6 16 -5 16 -5 15 -4 15 -4 0 0 0 0 0 0 0 0 0 0 0 0 0 0 0 0 0 0 0 0 0 0 3 -4 4 -5 5 -5 6 -5 7 -5 8 -5 13 10 -5 11 -5 12 -5 14 -5 15 -4 16 -4 17 -3 18 -3 18 -3 18 -3 19 -3 20 -3 21 -4 21 -4 22 -5 23 -5 23 -5 24 -6 25 -6 25]
,,,-80,0,0,0,0,0,0,0,0,0,0,-92,0,6,1723325464113,0,0,0,0,1723325464113,124,[13 -23 13 -24 13 -23 13 -24 13 -24 12 -24 12 -23 11 -23 11 -23 13 10 -23 13 10 -22 9 -22 9 -22 9 -22 9 -22 8 -20 8 -20 8 -20 9 -18 8 -18 8 -16 8 -16 8 -15 8 -15 9 -14 0 0 0 0 0 0 0 0 0 0 0 0 0 0 0 0 0 0 0 0 0 0 -1 -6 0 -7 0 -7 1 -8 2 -9 2 -10 3 -11 4 -12 5 -13 7 -14 8 -14 9 -15 13 10 -15 13 10 -15 11 -15 11 -16 11 -17 11 -17 12 -18 12 -19 12 -20 12 -20 12 -21 13 -22]
,,,-80,0,0,0,0,0,0,0,0,0,0,-92,0,6,1723325464133,0,0,0,0,1723325464133,124,[-15 -22 -16 -22 -16 -22 -16 -22 -16 -21 -16 -22 -16 -21 -16 -21 -16 -21 -16 -19 -16 -19 -16 -18 -16 -18 -16 -18 -15 -18 -15 -17 -14 -17 -14 -17 -12 -16 -12 -16 -11 -15 -10 -15 -10 -14 -9 -14 -8 -14 0 0 0 0 0 0 0 0 0 0 0 0 0 0 0 0 0 0 0 0 0 0 -6 -2 -6 -3 -7 -4 -7 -5 -8 -5 -8 -7 -9 -8 -9 -10 -10 -11 -10 -12 -10 -13 -10 -15 -10 -15 -10 -16 -10 -16 -11 -17 -11 -18 -11 -19 -11 -19 -12 -19 -12 -20 -13 -20 -14 -21 -14 -21 -15 -22 -15 -23]
,,,-80,0,0,0,0,0,0,0,0,0,0,-92,0,6,1723325464153,0,0,0,0,1723325464153,124,[32 0 33 1 32 0 33 -1 33 -1 32 -2 32 -2 31 -2 30 -2 30 -2 29 -3 29 -3 29 -4 27 -4 28 -4 27 -4 26 -4 25 -4 24 -3 24 -2 22 -2 21 -1 21 -1 20 0 20 0 0 0 0 0 0 0 0 0 0 0 0 0 0 0 0 0 0 0 0 0 0 0 5 -4 6 -4 8 -3 13 10 -3 13 10 -3 12 -3 13 -2 15 -2 16 -1 18 0 20 1 20 2 22 2 22 3 23 3 23 3 25 4 25 4 27 3 28 2 29 2 29 2 30 2 31 2 32 2]
,,,-80,0,0,0,0,0,0,0,0,0,0,-92,0,6,1723325464177,0,0,0,0,1723325464177,124,[-32 -13 -31 -13 -32 -13 -31 -12 -32 -12 -31 -12 -31 -11 -30 -11 -30 -11 -30 -10 -29 -9 -28 -10 -28 -9 -29 -8 -27 -8 -28 -9 -25 -9 -25 -9 -24 -9 -23 -9 -22 -9 -21 -9 -20 -10 -19 -10 -17 -10 0 0 0 0 0 0 0 0 0 0 0 0 0 0 0 0 0 0 0 0 0 0 -7 1 -8 1 -9 0 -11 0 -12 0 -13 -2 -15 -3 -15 -4 -17 -4 -19 -6 -19 -8 -20 -9 -21 -9 -21 -10 -21 -10 -23 -12 -23 -12 -24 -12 -25 -12 -26 -12 -27 -12 -28 -12 -28 -13 -30 -12 -30 -13 -31 -14]
,,,-80,0,0,0,0,0,0,0,0,0,0,-92,0,6,1723325464194,0,0,0,0,1723325464194,124,[-19 15 -19 15 -18 15 -19 15 -18 15 -18 15 -18 15 -17 15 -16 15 -16 15 -16 15 -15 15 -15 15 -14 15 -14 15 -14 14 -13 13 -13 13 -13 12 -13 12 -12 13 10 -12 13 10 -12 9 -12 9 -12 8 0 0 0 0 0 0 0 0 0 0 0 0 0 0 0 0 0 0 0 0 0 0 -1 4 -3 5 -3 5 -4 6 -5 6 -6 7 -7 7 -8 8 -9 8 -11 8 -11 9 -13 8 -14 9 -14 9 -14 9 -15 9 -16 9 -15 9 -16 11 -17 11 -17 12 -18 12 -18 12 -18 14 -19 14]
,,,-80,0,0,0,0,0,0,0,0,0,0,-92,0,6,1723325464213,0,0,0,0,1723325464213,124,[20 -15 19 -14 19 -14 19 -15 19 -14 18 -15 18 -15 17 -15 17 -15 17 -15 16 -15 16 -14 15 -14 15 -15 14 -14 15 -14 14 -13 13 -13 13 -12 13 -12 12 -10 12 -10 12 -9 12 -8 12 -8 0 0 0 0 0 0 0 0 0 0 0 0 0 0 0 0 0 0 0 0 0 0 1 -5 2 -5 3 -6 4 -6 5 -7 5 -7 7 -8 8 -8 9 -8 13 10 -8 12 -8 13 -8 13 -8 14 -9 14 -8 15 -9 15 -9 16 -9 16 -10 17 -11 17 -11 18 -12 18 -12 19 -12 20 -12 20]
,,,-80,0,0,0,0,0,0,0,0,0,0,-92,0,6,1723325464233,0,0,0,0,1723325464233,124,[11 -24 13 10 -25 13 10 -25 13 10 -25 13 10 -25 9 -25 9 -24 9 -24 8 -24 7 -24 7 -24 6 -23 6 -24 6 -22 7 -23 6 -21 6 -21 6 -20 6 -19 6 -19 6 -17 6 -16 6 -15 6 -15 7 -15 0 0 0 0 0 0 0 0 0 0 0 0 0 0 0 0 0 0 0 0 0 0 -2 -6 -1 -7 0 -7 0 -9 1 -9 1 -10 2 -11 3 -13 4 -13 5 -14 6 -15 7 -16 8 -16 9 -16 9 -17 9 -17 13 10 -18 9 -18 13 10 -19 13 10 -20 13 10 -21 11 -22]
,,,-80,0,0,0,0,0,0,0,0,0,0,-92,0,6,1723325464253,0,0,0,0,1723325464253,124,[-7 26 -7 26 -7 25 -7 26 -7 25 -6 25 -6 24 -6 24 -5 24 -4 24 -5 23 -4 23 -4 23 -4 23 -4 22 -4 21 -4 21 -4 20 -5 19 -5 18 -5 16 -5 16 -5 16 -6 15 -6 14 0 0 0 0 0 0 0 0 0 0 0 0 0 0 0 0 0 0 0 0 0 0 2 4 2 5 1 6 1 7 0 8 0 13 10 -1 11 -1 12 -2 13 -3 14 -3 16 -4 16 -5 17 -6 17 -6 17 -7 18 -7 19 -7 19 -7 20 -7 21 -7 22 -7 22 -7 23 -7 24 -7 24 -7]
,,,-80,0,0,0,0,0,0,0,0,0,0,-92,0,6,1723325464278,0,0,0,0,1723325464278,124,[-12 -25 -11 -25 -11 -25 -12 -25 -11 -25 -11 -24 -12 -24 -11 -23 -12 -23 -12 -22 -13 -21 -13 -21 -12 -21 -13 -21 -12 -20 -11 -20 -11 -19 -10 -19 -9 -18 -9 -18 -9 -17 -8 -17 -8 -16 -6 -16 -5 -15 0 0 0 0 0 0 0 0 0 0 0 0 0 0 0 0 0 0 0 0 0 0 -5 -3 -6 -5 -6 -5 -6 -6 -6 -7 -6 -9 -7 -10 -7 -11 -7 -12 -7 -14 -7 -16 -7 -16 -7 -17 -7 -17 -6 -18 -6 -20 -6 -20 -7 -20 -7 -21 -7 -22 -8 -22 -9 -23 -9 -24 -10 -24 -11 -24 -10 -25]
,,,-80,0,0,0,0,0,0,0,0,0,0,-92,0,6,1723325464294,0,0,0,0,1723325464294,124,[24 11 24 11 23 13 10 24 13 10 24 13 10 24 13 10 23 9 23 9 22 9 23 9 22 8 22 8 22 8 21 7 21 7 20 7 19 7 19 7 17 7 17 7 16 7 15 7 15 8 14 8 13 8 0 0 0 0 0 0 0 0 0 0 0 0 0 0 0 0 0 0 0 0 0 0 4 -1 6 -1 7 -1 8 0 8 0 9 1 13 10 2 11 3 13 4 14 5 14 6 15 7 15 8 16 8 16 9 16 9 17 13 10 17 13 10 19 13 10 19 13 10 20 13 10]
,,,-80,0,0,0,0,0,0,0,0,0,0,-92,0,6,1723325464315,0,0,0,0,1723325464315,124,[-1 26 -1 26 -1 26 0 26 0 26 0 26 0 25 1 25 1 24 1 24 1 23 1 23 2 23 2 23 1 22 1 22 1 21 1 21 1 20 -1 19 -1 18 -1 17 -2 16 -2 16 -3 15 0 0 0 0 0 0 0 0 0 0 0 0 0 0 0 0 0 0 0 0 0 0 3 4 3 5 3 6 2 7 2 8 2 9 2 11 2 12 1 13 1 14 0 16 -1 17 -2 17 -2 18 -2 18 -2 19 -2 20 -2 20 -2 21 -2 22 -1 22 -1 23 -2 23 -2 25 -2 25 -1 27]
,,,-80,0,0,0,0,0,0,0,0,0,0,-92,0,6,1723325464333,0,0,0,0,1723325464333,124,[-27 -6 -27 -6 -26 -6 -27 -6 -26 -6 -26 -6 -26 -5 -25 -5 -25 -4 -25 -3 -24 -3 -24 -2 -24 -3 -23 -3 -23 -3 -23 -2 -22 -3 -21 -3 -20 -4 -20 -4 -18 -4 -18 -4 -17 -4 -16 -4 -15 -6 0 0 0 0 0 0 0 0 0 0 0 0 0 0 0 0 0 0 0 0 0 0 -6 2 -6 1 -8 2 -9 1 -10 1 -10 -1 -12 -1 -13 -2 -14 -2 -15 -3 -16 -3 -17 -4 -18 -4 -18 -5 -19 -6 -19 -7 -20 -6 -21 -7 -22 -6 -22 -7 -23 -7 -23 -6 -24 -7 -25 -6 -26 -6 -26 -7]
,,,-80,0,0,0,0,0,0,0,0,0,0,-92,0,6,1723325464353,0,0,0,0,1723325464353,124,[-26 -9 -26 -9 -26 -9 -26 -9 -26 -9 -25 -8 -25 -8 -25 -8 -24 -8 -25 -7 -24 -6 -23 -6 -24 -6 -23 -6 -23 -6 -22 -6 -21 -7 -21 -6 -19 -7 -19 -7 -17 -7 -17 -7 -16 -7 -15 -7 -15 -8 0 0 0 0 0 0 0 0 0 0 0 0 0 0 0 0 0 0 0 0 0 0 -6 1 -7 1 -8 1 -9 0 -10 0 -10 -1 -12 -2 -13 -3 -14 -3 -15 -4 -16 -6 -17 -7 -17 -7 -17 -7 -18 -8 -18 -8 -19 -9 -19 -9 -21 -8 -21 -9 -22 -9 -22 -9 -23 -10 -24 -9 -25 -10 -25 -10]
,,,-80,0,0,0,0,0,0,0,0,0,0,-92,0,6,1723325464373,0,0,0,0,1723325464373,124,[-7 -27 -7 -27 -7 -26 -7 -26 -8 -26 -8 -26 -7 -25 -8 -25 -9 -24 -9 -24 -9 -23 -10 -23 -10 -22 -9 -22 -9 -22 -9 -21 -8 -20 -8 -20 -7 -19 -7 -19 -5 -18 -6 -17 -5 -16 -4 -17 -3 -16 0 0 0 0 0 0 0 0 0 0 0 0 0 0 0 0 0 0 0 0 0 0 -5 -4 -5 -6 -5 -6 -5 -7 -5 -8 -5 -10 -5 -11 -5 -13 -4 -13 -5 -15 -5 -16 -4 -17 -3 -18 -3 -18 -3 -19 -4 -20 -3 -20 -4 -21 -4 -22 -4 -22 -5 -23 -4 -24 -5 -24 -6 -25 -6 -26 -6 -27]
,,,-80,0,0,0,0,0,0,0,0,0,0,-92,0,6,1723325464393,0,0,0,0,1723325464393,124,[26 -2 26 -3 26 -3 26 -3 26 -3 25 -3 25 -3 24 -4 24 -4 24 -5 23 -5 22 -5 23 -6 21 -6 22 -6 21 -5 21 -5 20 -4 19 -3 19 -3 17 -3 17 -2 17 -2 16 -2 15 -1 0 0 0 0 0 0 0 0 0 0 0 0 0 0 0 0 0 0 0 0 0 0 3 -4 5 -4 6 -4 7 -4 8 -4 9 -4 13 10 -3 12 -2 13 -2 14 -2 16 -1 16 -1 18 0 18 0 19 0 18 0 20 0 20 0 22 -1 22 0 23 -1 23 -1 23 -1 25 -1 26 -1 26]
,,,-80,0,0,0,0,0,0,0,0,0,0,-92,0,6,1723325464414,0,0,0,0,1723325464414,124,[-12 23 -13 24 -12 23 -12 24 -12 23 -12 23 -12 23 -11 23 -10 22 -9 22 -9 22 -9 21 -9 22 -8 21 -9 21 -8 20 -8 20 -9 19 -9 18 -9 17 -9 16 -8 15 -8 15 -9 14 -9 13 0 0 0 0 0 0 0 0 0 0 0 0 0 0 0 0 0 0 0 0 0 0 1 5 0 6 -1 7 -1 8 -2 8 -2 9 -3 11 -4 11 -5 13 -6 13 -7 14 -8 15 -9 15 -10 15 -10 16 -11 16 -11 17 -11 17 -12 18 -12 19 -12 19 -12 20 -12 20 -12 22 -13 23 -12 23]
,,,-80,0,0,0,0,0,0,0,0,0,0,-92,0,6,1723325464433,0,0,0,0,1723325464433,124,[3 -27 2 -27 2 -27 2 -27 1 -26 1 -27 1 -26 0 -26 0 -26 -1 -25 -1 -24 -1 -24 -2 -24 -3 -23 -2 -23 -2 -22 -1 -22 -2 -22 -1 -20 -1 -20 0 -19 0 -18 0 -17 1 -17 2 -16 0 0 0 0 0 0 0 0 0 0 0 0 0 0 0 0 0 0 0 0 0 0 -3 -6 -3 -6 -3 -7 -2 -9 -2 -9 -1 -10 -1 -12 0 -13 0 -14 1 -15 2 -16 3 -17 4 -18 4 -18 4 -19 4 -20 4 -20 4 -20 4 -22 4 -22 4 -23 3 -24 4 -24 4 -25 3 -26 3 -27]
,,,-80,0,0,0,0,0,0,0,0,0,0,-92,0,6,1723325464456,0,0,0,0,1723325464456,124,[-15 -23 -15 -23 -15 -23 -15 -22 -15 -22 -15 -22 -15 -22 -15 -21 -16 -21 -16 -20 -16 -19 -15 -19 -16 -19 -15 -18 -15 -18 -14 -17 -14 -18 -13 -17 -12 -17 -12 -16 -11 -15 -10 -15 -9 -14 -9 -14 -8 -15 0 0 0 0 0 0 0 0 0 0 0 0 0 0 0 0 0 0 0 0 0 0 -6 -3 -6 -3 -6 -4 -7 -5 -8 -6 -8 -8 -8 -9 -9 -10 -9 -11 -9 -12 -10 -14 -10 -15 -9 -16 -10 -16 -10 -17 -10 -19 -10 -19 -10 -19 -11 -19 -11 -20 -12 -20 -13 -20 -13 -21 -14 -22 -15 -22 -15 -23]
,,,-80,0,0,0,0,0,0,0,0,0,0,-92,0,6,1723325464474,0,0,0,0,1723325464474,124,[17 -20 17 -21 17 -21 17 -22 17 -21 16 -21 16 -21 15 -20 14 -20 14 -21 13 -20 12 -20 13 -20 12 -19 13 -20 12 -19 12 -18 12 -18 12 -16 12 -15 11 -14 11 -13 11 -13 11 -12 11 -12 0 0 0 0 0 0 0 0 0 0 0 0 0 0 0 0 0 0 0 0 0 0 -1 -6 0 -7 1 -7 2 -8 3 -9 4 -10 4 -10 6 -11 7 -12 8 -13 9 -14 13 10 -14 12 -14 12 -14 13 -14 13 -15 14 -15 13 -15 14 -17 15 -16 16 -17 16 -18 16 -18 16 -20 16 -21 17]
,,,-80,0,0,0,0,0,0,0,0,0,0,-92,0,6,1723325464495,0,0,0,0,1723325464495,124,[6 -27 6 -26 6 -27 5 -26 5 -26 5 -26 5 -26 4 -25 4 -26 3 -26 3 -24 2 -24 2 -23 2 -24 2 -23 2 -23 2 -22 2 -21 2 -20 3 -20 3 -19 3 -18 3 -17 4 -16 4 -16 0 0 0 0 0 0 0 0 0 0 0 0 0 0 0 0 0 0 0 0 0 0 -3 -6 -2 -7 -2 -7 -1 -8 -1 -9 0 -10 0 -12 1 -13 2 -14 3 -15 4 -16 5 -17 6 -17 6 -18 6 -18 6 -19 6 -19 7 -20 6 -21 7 -22 7 -23 7 -23 7 -24 7 -25 7 -25 7 -26]
,,,-80,0,0,0,0,0,0,0,0,0,0,-92,0,6,1723325464514,0,0,0,0,1723325464514,124,[14 18 14 19 14 19 14 19 14 18 14 18 14 17 14 17 14 17 14 16 14 15 14 15 14 15 14 14 14 14 13 14 13 14 12 14 11 13 13 10 13 13 10 12 9 12 9 12 8 11 7 12 0 0 0 0 0 0 0 0 0 0 0 0 0 0 0 0 0 0 0 0 0 0 4 1 5 2 5 2 6 3 6 4 7 5 7 7 7 7 8 9 8 13 10 8 11 8 12 9 13 9 13 8 14 9 15 9 15 9 16 13 10 16 13 10 16 13 10 17 12 17 12 18]
,,,-80,0,0,0,0,0,0,0,0,0,0,-92,0,6,1723325464534,0,0,0,0,1723325464534,124,[24 13 10 24 13 10 25 13 10 24 9 24 9 24 9 24 9 23 8 24 8 23 7 23 6 22 5 22 6 22 5 21 5 21 5 20 6 19 6 18 6 17 6 17 6 16 6 15 6 14 6 14 7 0 0 0 0 0 0 0 0 0 0 0 0 0 0 0 0 0 0 0 0 0 0 5 -1 6 -1 7 -1 7 0 9 0 9 1 11 2 11 3 13 4 14 5 14 6 15 7 15 7 16 8 16 8 17 9 17 9 18 13 10 18 9 19 13 10 20 13 10 21 13 10 22]
,,,-80,0,0,0,0,0,0,0,0,0,0,-92,0,6,1723325464553,0,0,0,0,1723325464553,124,[-10 -23 -10 -22 -10 -23 -10 -22 -11 -22 -10 -22 -10 -21 -11 -21 -11 -21 -12 -20 -11 -19 -11 -19 -11 -18 -11 -19 -11 -18 -11 -18 -10 -17 -10 -17 -9 -16 -8 -16 -8 -15 -7 -15 -7 -14 -6 -14 -5 -14 0 0 0 0 0 0 0 0 0 0 0 0 0 0 0 0 0 0 0 0 0 0 -5 -3 -5 -4 -5 -5 -6 -6 -6 -7 -6 -8 -6 -9 -6 -11 -6 -12 -6 -13 -6 -14 -6 -15 -5 -16 -6 -16 -5 -16 -6 -18 -6 -18 -6 -19 -6 -19 -7 -19 -8 -20 -7 -21 -8 -22 -9 -22 -9 -22 -9 -23]
,,,-80,0,0,0,0,0,0,0,0,0,0,-92,0,6,1723325464573,0,0,0,0,1723325464573,124,[13 23 12 23 13 23 13 22 13 22 13 21 13 21 14 21 13 20 13 20 13 19 13 19 14 19 13 18 13 18 12 17 12 17 11 17 11 16 13 10 16 9 15 9 14 8 15 7 14 6 14 0 0 0 0 0 0 0 0 0 0 0 0 0 0 0 0 0 0 0 0 0 0 4 2 5 3 5 3 6 4 6 5 6 7 7 8 7 13 10 7 11 8 12 8 14 7 15 7 16 8 16 7 17 7 18 7 18 8 19 9 19 9 19 13 10 21 13 10 21 13 10 21 11]
,,,-80,0,0,0,0,0,0,0,0,0,0,-92,0,6,1723325464599,0,0,0,0,1723325464599,124,[-13 24 -13 24 -13 24 -12 24 -11 23 -11 23 -11 23 -10 23 -10 23 -10 22 -10 22 -10 22 -9 22 -8 21 -8 21 -8 20 -8 20 -8 19 -8 18 -8 18 -8 16 -8 15 -8 14 -9 14 -9 13 0 0 0 0 0 0 0 0 0 0 0 0 0 0 0 0 0 0 0 0 0 0 1 5 0 6 -1 7 -2 7 -2 8 -3 9 -3 11 -4 12 -5 12 -7 13 -8 14 -9 14 -10 15 -11 15 -11 15 -11 16 -11 17 -12 17 -12 18 -12 19 -12 19 -12 20 -13 21 -14 21 -14 22 -13 23]
,,,-80,0,0,0,0,0,0,0,0,0,0,-92,0,6,1723325464614,0,0,0,0,1723325464614,124,[25 -4 26 -4 26 -4 26 -5 26 -5 25 -6 25 -5 24 -6 24 -6 24 -6 23 -6 22 -6 22 -6 21 -7 22 -6 21 -6 21 -6 20 -6 19 -5 19 -5 17 -4 17 -3 16 -2 16 -2 15 -1 0 0 0 0 0 0 0 0 0 0 0 0 0 0 0 0 0 0 0 0 0 0 3 -4 4 -4 5 -5 7 -4 7 -4 9 -4 13 10 -4 11 -4 13 -4 14 -3 15 -2 16 -2 17 -2 18 -1 19 -1 19 -2 20 -1 20 -1 22 -2 22 -3 23 -3 23 -3 23 -3 25 -3 25 -3 26]
,,,-80,0,0,0,0,0,0,0,0,0,0,-92,0,6,1723325464633,0,0,0,0,1723325464633,124,[25 -9 25 -9 25 -9 25 -10 24 -9 24 -10 24 -10 23 -10 22 -10 22 -10 21 -10 21 -9 21 -10 20 -11 20 -10 20 -9 19 -9 19 -9 18 -8 17 -8 17 -7 16 -6 16 -5 15 -5 15 -4 0 0 0 0 0 0 0 0 0 0 0 0 0 0 0 0 0 0 0 0 0 0 2 -5 3 -5 5 -6 6 -6 7 -6 8 -6 9 -6 13 10 -6 12 -6 13 -6 15 -6 16 -5 17 -5 18 -5 18 -5 19 -5 19 -5 20 -5 21 -6 21 -6 22 -7 23 -7 22 -7 24 -7 25 -8 25]
,,,-80,0,0,0,0,0,0,0,0,0,0,-92,0,6,1723325464653,0,0,0,0,1723325464653,124,[-8 25 -8 25 -7 25 -8 26 -7 25 -7 25 -7 25 -6 24 -5 24 -5 24 -5 23 -4 22 -5 23 -4 22 -4 22 -5 21 -4 21 -4 20 -5 19 -5 18 -5 17 -5 16 -5 16 -6 15 -6 15 0 0 0 0 0 0 0 0 0 0 0 0 0 0 0 0 0 0 0 0 0 0 2 5 1 6 1 6 1 7 0 8 0 13 10 -1 11 -2 12 -3 13 -4 14 -4 16 -5 16 -6 17 -7 17 -7 17 -7 18 -8 19 -8 19 -7 20 -8 21 -8 21 -7 22 -8 23 -8 24 -8 25 -8]
,,,-80,0,0,0,0,0,0,0,0,0,0,-92,0,6,1723325464673,0,0,0,0,1723325464673,124,[-24 -5 -25 -5 -23 -5 -24 -5 -24 -4 -24 -4 -23 -4 -23 -4 -23 -3 -22 -3 -22 -2 -22 -2 -22 -1 -21 -1 -21 -2 -20 -1 -20 -2 -19 -2 -18 -3 -17 -2 -17 -3 -16 -3 -16 -3 -15 -3 -14 -4 0 0 0 0 0 0 0 0 0 0 0 0 0 0 0 0 0 0 0 0 0 0 -5 1 -6 1 -7 1 -8 1 -9 0 -9 0 -11 -1 -12 -2 -12 -2 -14 -3 -15 -3 -15 -4 -16 -5 -16 -5 -17 -6 -17 -6 -18 -6 -18 -6 -19 -6 -19 -6 -21 -6 -22 -6 -21 -6 -22 -5 -24 -5 -24 -6]
,,,-80,0,0,0,0,0,0,0,0,0,0,-92,0,6,1723325464694,0,0,0,0,1723325464694,124,[-14 23 -13 23 -13 23 -13 23 -12 23 -11 23 -11 23 -10 22 -10 23 -10 22 -10 21 -9 21 -9 21 -8 21 -8 21 -8 20 -8 20 -8 19 -8 18 -8 18 -8 16 -8 15 -8 14 -9 14 -9 13 0 0 0 0 0 0 0 0 0 0 0 0 0 0 0 0 0 0 0 0 0 0 0 5 0 6 -1 6 -2 7 -2 8 -3 13 10 -4 11 -5 11 -6 13 -7 13 -9 14 -9 14 -10 14 -11 15 -11 15 -11 16 -12 16 -12 17 -12 18 -12 19 -13 19 -13 20 -13 21 -13 22 -14 22 -14]
,,,-80,0,0,0,0,0,0,0,0,0,0,-92,0,6,1723325464719,0,0,0,0,1723325464719,124,[-4 -27 -5 -27 -5 -27 -5 -26 -5 -26 -5 -26 -5 -25 -6 -25 -6 -25 -7 -25 -7 -23 -7 -23 -7 -22 -7 -23 -7 -22 -6 -21 -6 -21 -5 -21 -5 -20 -5 -20 -4 -18 -4 -17 -4 -17 -3 -17 -2 -17 0 0 0 0 0 0 0 0 0 0 0 0 0 0 0 0 0 0 0 0 0 0 -5 -4 -5 -6 -5 -7 -4 -7 -4 -8 -4 -10 -4 -11 -4 -13 -4 -14 -4 -15 -3 -17 -3 -18 -2 -18 -2 -19 -1 -19 -2 -20 -1 -21 -1 -22 -2 -22 -2 -23 -2 -24 -2 -24 -3 -25 -3 -25 -4 -26 -4 -27]
,,,-80,0,0,0,0,0,0,0,0,0,0,-92,0,6,1723325464748,0,0,0,0,1723325464748,124,[-24 -5 -24 -5 -24 -5 -24 -4 -24 -4 -24 -4 -23 -4 -23 -3 -22 -4 -23 -3 -22 -2 -21 -2 -22 -2 -21 -1 -21 -2 -20 -1 -20 -2 -19 -2 -18 -2 -17 -2 -16 -3 -16 -3 -16 -3 -15 -4 -14 -4 0 0 0 0 0 0 0 0 0 0 0 0 0 0 0 0 0 0 0 0 0 0 -5 2 -6 1 -7 1 -8 1 -9 0 -9 0 -10 -1 -12 -1 -13 -2 -14 -2 -15 -4 -15 -4 -16 -5 -17 -5 -17 -5 -17 -6 -18 -6 -18 -6 -19 -6 -20 -5 -21 -6 -21 -5 -22 -6 -23 -6 -23 -5 -24 -6]
,,,-80,0,0,0,0,0,0,0,0,0,0,-92,0,6,1723325464760,0,0,0,0,1723325464760,124,[-13 -23 -14 -24 -13 -24 -14 -24 -13 -24 -13 -23 -13 -23 -13 -22 -13 -22 -14 -22 -14 -20 -14 -19 -14 -20 -14 -19 -14 -20 -13 -18 -12 -19 -11 -18 -10 -18 -10 -17 -9 -16 -9 -16 -9 -15 -8 -15 -6 -16 0 0 0 0 0 0 0 0 0 0 0 0 0 0 0 0 0 0 0 0 0 0 -6 -3 -6 -4 -6 -4 -7 -6 -7 -6 -8 -8 -8 -10 -8 -11 -8 -12 -9 -13 -9 -15 -9 -16 -8 -16 -8 -17 -8 -18 -8 -19 -9 -19 -8 -19 -9 -21 -9 -21 -10 -21 -10 -21 -11 -22 -12 -23 -12 -23 -12 -25]
,,,-80,0,0,0,0,0,0,0,0,0,0,-92,0,6,1723325464773,0,0,0,0,1723325464773,124,[23 -4 24 -3 23 -4 24 -4 23 -4 23 -4 23 -4 22 -4 22 -5 21 -6 20 -6 20 -6 20 -5 20 -5 20 -5 19 -5 18 -4 18 -5 17 -4 16 -3 16 -3 15 -3 15 -2 14 -2 14 -1 0 0 0 0 0 0 0 0 0 0 0 0 0 0 0 0 0 0 0 0 0 0 3 -4 4 -4 5 -5 6 -5 7 -4 8 -4 9 -4 13 10 -4 12 -3 13 -4 14 -3 15 -3 16 -2 16 -2 17 -2 17 -1 17 -1 18 -1 19 -2 20 -2 20 -3 21 -2 21 -3 22 -3 23 -4 23]
,,,-80,0,0,0,0,0,0,0,0,0,0,-92,0,6,1723325464795,0,0,0,0,1723325464795,124,[-32 -7 -34 -8 -32 -8 -34 -8 -33 -7 -33 -7 -33 -7 -31 -6 -30 -6 -32 -5 -31 -4 -30 -4 -31 -4 -28 -3 -29 -4 -28 -4 -28 -4 -27 -4 -25 -4 -24 -5 -23 -5 -21 -5 -21 -5 -20 -6 -19 -7 0 0 0 0 0 0 0 0 0 0 0 0 0 0 0 0 0 0 0 0 0 0 -6 2 -8 2 -9 2 -11 2 -12 1 -13 0 -15 -1 -16 -2 -18 -2 -19 -3 -21 -5 -21 -6 -22 -7 -23 -7 -24 -8 -23 -7 -25 -8 -25 -9 -27 -8 -27 -8 -28 -8 -29 -8 -30 -9 -31 -8 -32 -8 -33 -9]
,,,-80,0,0,0,0,0,0,0,0,0,0,-92,0,6,1723325464814,0,0,0,0,1723325464814,124,[-30 2 -31 2 -30 2 -30 3 -30 3 -29 3 -29 4 -28 4 -28 4 -27 4 -27 5 -26 5 -26 5 -25 5 -25 5 -25 5 -24 4 -23 4 -22 3 -22 3 -20 3 -20 2 -19 2 -18 1 -18 0 0 0 0 0 0 0 0 0 0 0 0 0 0 0 0 0 0 0 0 0 0 0 -5 4 -6 3 -8 4 -9 4 -10 4 -11 3 -12 3 -14 3 -15 2 -17 2 -18 1 -19 1 -20 0 -21 0 -22 -1 -22 -1 -23 -1 -23 -1 -25 0 -25 0 -26 1 -27 1 -27 1 -29 1 -29 1 -30 1]
,,,-80,0,0,0,0,0,0,0,0,0,0,-92,0,6,1723325464834,0,0,0,0,1723325464834,124,[17 18 19 19 18 18 19 19 19 18 19 18 19 17 18 17 17 16 18 16 18 15 18 15 19 14 17 14 18 14 17 13 17 14 16 13 14 13 14 12 13 11 12 11 11 12 11 12 13 10 12 0 0 0 0 0 0 0 0 0 0 0 0 0 0 0 0 0 0 0 0 0 0 4 1 5 2 6 2 7 3 7 3 8 5 9 6 9 7 13 10 9 11 9 11 11 11 13 11 13 11 14 12 15 11 15 12 16 12 15 14 17 14 17 15 17 16 17 15 18 17 18 17 18]
,,,-80,0,0,0,0,0,0,0,0,0,0,-92,0,6,1723325464853,0,0,0,0,1723325464853,124,[15 21 16 21 15 21 16 21 15 20 16 20 16 20 15 19 15 19 16 18 16 17 15 17 15 17 15 16 15 17 14 15 14 16 13 15 12 15 12 15 11 13 13 10 13 13 10 13 9 13 8 13 0 0 0 0 0 0 0 0 0 0 0 0 0 0 0 0 0 0 0 0 0 0 5 1 5 3 6 3 6 4 7 5 7 6 7 8 8 9 9 13 10 9 11 9 13 9 14 9 15 9 15 9 16 9 17 9 18 13 10 18 11 18 11 19 11 19 12 19 12 20 13 21]
,,,-80,0,0,0,0,0,0,0,0,0,0,-92,0,6,1723325464875,0,0,0,0,1723325464875,124,[-6 26 -5 27 -5 26 -5 26 -4 26 -4 25 -4 25 -3 25 -3 24 -2 24 -3 23 -2 23 -2 23 -1 23 -1 22 -2 22 -2 21 -1 21 -2 20 -2 19 -3 17 -3 17 -3 16 -4 15 -4 15 0 0 0 0 0 0 0 0 0 0 0 0 0 0 0 0 0 0 0 0 0 0 2 5 2 6 1 6 1 7 1 8 0 13 10 0 11 -1 12 -2 14 -2 14 -4 16 -4 17 -5 17 -6 17 -6 18 -6 18 -6 19 -6 20 -6 20 -6 21 -6 22 -6 23 -6 23 -6 24 -6 25 -6]
,,,-80,0,0,0,0,0,0,0,0,0,0,-92,0,6,1723325464893,0,0,0,0,1723325464893,124,[-3 26 -2 27 -2 27 -2 26 -1 26 -1 25 0 25 0 25 0 25 1 24 1 23 1 23 1 23 2 22 2 23 1 21 1 21 1 21 1 19 0 19 0 18 0 17 0 17 -1 16 -2 15 0 0 0 0 0 0 0 0 0 0 0 0 0 0 0 0 0 0 0 0 0 0 2 4 2 6 2 6 1 7 1 8 1 13 10 0 11 0 12 -1 14 -1 14 -2 16 -3 17 -3 17 -3 18 -4 18 -4 19 -5 20 -4 20 -4 21 -4 22 -4 23 -3 23 -3 24 -3 25 -3 25 -3]
,,,-80,0,0,0,0,0,0,0,0,0,0,-92,0,6,1723325464926,0,0,0,0,1723325464926,124,[-5 -27 -4 -27 -4 -27 -5 -27 -5 -26 -5 -26 -5 -25 -6 -25 -6 -25 -6 -24 -7 -23 -7 -23 -7 -23 -7 -23 -6 -22 -6 -21 -6 -21 -6 -21 -5 -19 -5 -19 -4 -18 -4 -17 -4 -17 -3 -16 -2 -16 0 0 0 0 0 0 0 0 0 0 0 0 0 0 0 0 0 0 0 0 0 0 -4 -5 -4 -6 -4 -7 -4 -8 -4 -8 -4 -10 -4 -11 -4 -13 -3 -14 -3 -15 -2 -17 -2 -18 -1 -18 -1 -19 -1 -19 -1 -20 -1 -21 -1 -21 -1 -22 -2 -22 -2 -23 -2 -24 -3 -24 -3 -26 -3 -26 -3 -27]
,,,-80,0,0,0,0,0,0,0,0,0,0,-92,0,6,1723325464968,0,0,0,0,1723325464968,124,[-25 -11 -26 -11 -24 -11 -26 -10 -25 -10 -25 -10 -24 -9 -24 -9 -24 -8 -24 -7 -24 -7 -23 -7 -24 -6 -22 -6 -23 -7 -21 -6 -21 -6 -20 -7 -19 -7 -19 -7 -18 -7 -17 -6 -16 -6 -15 -7 -15 -7 0 0 0 0 0 0 0 0 0 0 0 0 0 0 0 0 0 0 0 0 0 0 -6 1 -7 0 -7 0 -9 -1 -9 -1 -11 -2 -12 -3 -12 -4 -13 -5 -14 -5 -16 -7 -16 -8 -17 -8 -17 -8 -18 -10 -17 -10 -18 -10 -18 -10 -20 -11 -20 -11 -21 -10 -22 -11 -22 -11 -23 -11 -24 -11 -25 -12]
,,,-80,0,0,0,0,0,0,0,0,0,0,-92,0,6,1723325464982,0,0,0,0,1723325464982,124,[-24 1 -25 1 -24 1 -24 2 -24 2 -24 2 -23 2 -23 2 -22 2 -22 3 -22 3 -21 4 -22 4 -20 4 -20 3 -20 3 -19 3 -19 3 -18 2 -17 2 -17 1 -16 1 -16 1 -15 0 -14 0 0 0 0 0 0 0 0 0 0 0 0 0 0 0 0 0 0 0 0 0 0 0 -4 3 -5 2 -6 3 -7 3 -8 3 -9 2 -10 2 -11 2 -13 2 -14 1 -15 0 -16 0 -17 0 -17 -1 -17 -1 -18 -1 -18 -2 -19 -1 -19 -1 -20 -1 -21 0 -22 0 -22 0 -23 0 -24 1 -24 1]
,,,-80,0,0,0,0,0,0,0,0,0,0,-92,0,6,1723325464994,0,0,0,0,1723325464994,124,[-1 -27 -1 -27 -1 -28 -2 -26 -2 -26 -2 -26 -2 -26 -3 -26 -3 -26 -4 -25 -4 -24 -4 -23 -4 -23 -5 -23 -5 -23 -4 -22 -4 -21 -3 -21 -3 -20 -3 -20 -2 -18 -2 -18 -2 -17 -1 -16 0 -16 0 0 0 0 0 0 0 0 0 0 0 0 0 0 0 0 0 0 0 0 0 0 -4 -5 -3 -6 -4 -7 -3 -8 -3 -9 -3 -10 -3 -11 -2 -13 -2 -14 -2 -16 -1 -17 0 -18 1 -18 1 -19 1 -19 1 -20 1 -20 1 -22 1 -21 1 -22 1 -23 0 -24 0 -25 0 -25 0 -26 0 -27]
,,,-80,0,0,0,0,0,0,0,0,0,0,-92,0,6,1723325465006,0,0,0,0,1723325465006,124,[24 2 23 1 23 1 23 1 23 1 23 1 23 1 22 1 22 0 21 -1 21 -2 20 -2 20 -2 20 -2 19 -1 20 -2 18 -1 18 -1 17 -1 16 0 16 0 15 0 15 0 14 1 13 1 0 0 0 0 0 0 0 0 0 0 0 0 0 0 0 0 0 0 0 0 0 0 4 -3 4 -3 5 -3 6 -3 7 -2 8 -1 9 -1 11 -1 12 0 13 0 14 1 14 2 15 2 16 2 16 3 17 4 17 3 18 3 18 3 19 3 20 3 21 3 21 3 22 2 23 2 23 2]
,,,-80,0,0,0,0,0,0,0,0,0,0,-92,0,6,1723325465017,0,0,0,0,1723325465017,124,[-23 -10 -23 -9 -22 -10 -23 -9 -23 -9 -22 -8 -22 -8 -22 -8 -22 -8 -21 -7 -21 -6 -21 -6 -21 -6 -20 -6 -20 -6 -20 -6 -18 -5 -18 -5 -17 -6 -16 -6 -16 -6 -15 -6 -14 -6 -14 -6 -13 -7 0 0 0 0 0 0 0 0 0 0 0 0 0 0 0 0 0 0 0 0 0 0 -5 1 -6 0 -7 0 -8 -1 -9 -1 -9 -2 -10 -3 -11 -3 -12 -4 -13 -5 -14 -6 -14 -7 -15 -8 -15 -8 -15 -8 -16 -9 -16 -9 -17 -10 -17 -9 -18 -10 -19 -9 -19 -10 -19 -10 -21 -10 -21 -10 -22 -11]
,,,-80,0,0,0,0,0,0,0,0,0,0,-92,0,6,1723325465034,0,0,0,0,1723325465034,124,[-11 23 -11 24 -10 23 -11 25 -11 24 -10 24 -10 23 -9 23 -8 23 -8 23 -8 22 -7 22 -7 22 -7 22 -7 22 -7 20 -6 21 -7 20 -7 18 -7 18 -7 16 -7 15 -7 15 -7 14 -8 14 0 0 0 0 0 0 0 0 0 0 0 0 0 0 0 0 0 0 0 0 0 0 1 5 1 6 0 6 -1 7 -1 8 -2 13 10 -3 11 -4 12 -4 13 -5 13 -6 15 -7 15 -9 16 -9 16 -9 16 -10 16 -10 17 -10 17 -10 19 -11 19 -11 20 -11 20 -11 21 -11 22 -11 23 -11]
,,,-80,0,0,0,0,0,0,0,0,0,0,-92,0,6,1723325465054,0,0,0,0,1723325465054,124,[-12 -24 -12 -24 -12 -25 -13 -24 -13 -23 -13 -23 -13 -23 -13 -22 -13 -22 -14 -22 -14 -20 -13 -20 -13 -20 -14 -20 -13 -19 -13 -19 -13 -19 -12 -18 -11 -17 -10 -17 -10 -16 -9 -16 -9 -16 -8 -15 -6 -15 0 0 0 0 0 0 0 0 0 0 0 0 0 0 0 0 0 0 0 0 0 0 -6 -3 -6 -4 -6 -5 -7 -6 -7 -7 -7 -9 -7 -10 -7 -11 -7 -12 -7 -14 -7 -16 -7 -16 -7 -17 -6 -17 -7 -18 -7 -19 -7 -19 -7 -20 -8 -21 -8 -21 -9 -22 -10 -22 -9 -23 -11 -24 -11 -24 -11 -25]
,,,-80,0,0,0,0,0,0,0,0,0,0,-92,0,6,1723325465073,0,0,0,0,1723325465073,124,[22 -14 24 -14 22 -13 23 -15 23 -14 22 -14 21 -14 21 -14 20 -14 20 -15 19 -15 18 -14 19 -15 17 -14 19 -14 17 -13 17 -13 17 -12 16 -11 16 -11 15 -10 14 -9 14 -9 14 -8 14 -7 0 0 0 0 0 0 0 0 0 0 0 0 0 0 0 0 0 0 0 0 0 0 1 -5 2 -6 3 -6 4 -7 5 -7 6 -8 8 -8 9 -9 13 10 -9 11 -9 13 -9 14 -9 15 -9 16 -9 17 -9 16 -9 18 -10 17 -9 19 -11 20 -10 20 -11 21 -12 20 -11 22 -13 22 -13 23]
,,,-80,0,0,0,0,0,0,0,0,0,0,-92,0,6,1723325465106,0,0,0,0,1723325465106,124,[-24 11 -25 12 -23 11 -25 12 -24 12 -23 12 -23 12 -22 12 -21 12 -21 12 -21 12 -20 12 -20 13 -19 12 -19 12 -18 12 -18 12 -17 11 -17 13 10 -17 9 -16 8 -15 8 -15 7 -15 7 -15 6 0 0 0 0 0 0 0 0 0 0 0 0 0 0 0 0 0 0 0 0 0 0 -3 4 -4 5 -5 5 -6 5 -7 6 -8 6 -9 6 -11 6 -12 6 -14 7 -15 7 -16 7 -17 6 -17 6 -18 6 -18 6 -20 7 -19 6 -21 8 -21 8 -22 9 -22 9 -22 8 -23 13 10 -24 13]
,,,-80,0,0,0,0,0,0,0,0,0,0,-92,0,6,1723325465115,0,0,0,0,1723325465115,124,[-18 20 -17 21 -16 20 -17 21 -17 21 -16 20 -16 20 -15 20 -15 20 -14 20 -14 19 -14 19 -13 19 -12 19 -12 19 -12 18 -12 17 -12 17 -12 15 -12 15 -11 13 -11 13 -11 13 -11 12 -12 11 0 0 0 0 0 0 0 0 0 0 0 0 0 0 0 0 0 0 0 0 0 0 0 5 -1 6 -2 6 -3 7 -4 8 -4 9 -5 13 10 -7 11 -8 11 -9 11 -10 13 -11 13 -13 12 -13 13 -14 13 -14 13 -15 14 -14 14 -15 15 -16 16 -16 16 -16 18 -16 18 -17 19 -17 19 -17]
,,,-80,0,0,0,0,0,0,0,0,0,0,-92,0,6,1723325465141,0,0,0,0,1723325465141,124,[-27 -6 -28 -7 -26 -6 -27 -6 -27 -6 -27 -5 -26 -5 -25 -5 -25 -5 -25 -4 -25 -3 -24 -3 -25 -3 -23 -4 -23 -3 -23 -3 -22 -3 -21 -3 -20 -4 -19 -4 -18 -4 -18 -4 -17 -4 -16 -5 -16 -5 0 0 0 0 0 0 0 0 0 0 0 0 0 0 0 0 0 0 0 0 0 0 -5 2 -6 1 -8 1 -9 1 -10 1 -11 0 -12 -1 -13 -1 -14 -2 -16 -2 -16 -3 -17 -5 -18 -5 -18 -6 -19 -6 -19 -7 -20 -7 -20 -7 -21 -7 -22 -7 -23 -7 -23 -7 -24 -6 -25 -6 -26 -6 -27 -7]
,,,-80,0,0,0,0,0,0,0,0,0,0,-92,0,6,1723325465154,0,0,0,0,1723325465154,124,[-18 19 -19 20 -17 19 -18 20 -18 20 -18 19 -17 19 -16 19 -16 19 -15 19 -15 19 -15 19 -15 19 -14 18 -14 19 -13 17 -13 17 -13 16 -13 14 -13 14 -12 13 -12 12 -12 12 -12 11 -12 13 10 0 0 0 0 0 0 0 0 0 0 0 0 0 0 0 0 0 0 0 0 0 0 -1 5 -1 6 -2 6 -3 7 -4 8 -5 9 -6 9 -7 13 10 -9 11 -9 11 -11 12 -12 11 -13 12 -14 12 -15 13 -15 13 -16 14 -15 13 -16 15 -16 15 -17 15 -17 16 -17 16 -18 18 -18 18]
,,,-80,0,0,0,0,0,0,0,0,0,0,-92,0,6,1723325465174,0,0,0,0,1723325465174,124,[-11 -25 -11 -25 -10 -25 -11 -25 -11 -24 -11 -24 -11 -24 -11 -23 -12 -23 -12 -23 -12 -21 -12 -21 -12 -21 -12 -20 -12 -21 -11 -19 -11 -20 -10 -19 -9 -18 -9 -18 -8 -17 -7 -16 -7 -16 -6 -16 -5 -16 0 0 0 0 0 0 0 0 0 0 0 0 0 0 0 0 0 0 0 0 0 0 -5 -3 -5 -5 -6 -5 -6 -6 -6 -7 -6 -9 -7 -10 -6 -12 -7 -13 -7 -14 -7 -16 -6 -17 -6 -17 -5 -18 -5 -19 -6 -20 -6 -20 -6 -21 -7 -21 -7 -22 -7 -22 -8 -23 -8 -23 -9 -24 -9 -24 -10 -26]
,,,-80,0,0,0,0,0,0,0,0,0,0,-92,0,6,1723325465193,0,0,0,0,1723325465193,124,[-12 -24 -12 -25 -12 -24 -12 -25 -12 -24 -12 -24 -12 -23 -12 -23 -12 -23 -13 -22 -12 -21 -13 -20 -13 -20 -13 -20 -13 -20 -12 -19 -11 -20 -11 -19 -10 -18 -10 -17 -9 -17 -8 -16 -8 -16 -6 -16 -6 -16 0 0 0 0 0 0 0 0 0 0 0 0 0 0 0 0 0 0 0 0 0 0 -6 -4 -6 -4 -6 -5 -6 -6 -7 -7 -7 -9 -7 -9 -7 -11 -8 -12 -7 -14 -7 -15 -7 -16 -7 -17 -7 -18 -7 -18 -7 -19 -7 -20 -7 -20 -8 -21 -9 -21 -9 -22 -9 -23 -10 -23 -10 -24 -11 -24 -11 -25]
,,,-80,0,0,0,0,0,0,0,0,0,0,-92,0,6,1723325465213,0,0,0,0,1723325465213,124,[20 -12 21 -12 20 -13 20 -13 20 -13 20 -13 19 -13 18 -13 18 -13 17 -13 17 -14 16 -13 17 -13 16 -13 16 -13 16 -12 15 -12 14 -11 14 -10 14 -10 14 -9 13 -9 13 -8 13 -7 12 -7 0 0 0 0 0 0 0 0 0 0 0 0 0 0 0 0 0 0 0 0 0 0 1 -5 2 -5 3 -6 4 -6 5 -6 6 -7 7 -7 8 -7 9 -8 11 -8 12 -8 13 -8 14 -8 15 -8 15 -7 15 -8 16 -8 16 -8 17 -9 18 -9 18 -10 19 -10 18 -10 20 -11 20 -12 21 -12]
,,,-80,0,0,0,0,0,0,0,0,0,0,-92,0,6,1723325465234,0,0,0,0,1723325465234,124,[20 16 21 17 20 16 21 16 21 15 21 15 21 15 20 14 20 14 20 14 20 12 19 12 19 12 18 12 19 12 18 11 18 12 17 11 16 11 15 11 14 13 10 13 13 10 13 13 10 11 13 10 11 11 0 0 0 0 0 0 0 0 0 0 0 0 0 0 0 0 0 0 0 0 0 0 5 0 6 0 6 0 7 1 8 2 9 4 13 10 4 13 10 6 11 7 12 8 13 13 10 13 13 10 13 11 13 12 14 13 13 13 14 14 14 13 16 14 16 14 17 15 17 15]
,,,-80,0,0,0,0,0,0,0,0,0,0,-92,0,6,1723325465253,0,0,0,0,1723325465253,124,[20 -13 20 -14 19 -14 20 -14 19 -14 19 -15 18 -14 17 -14 17 -14 17 -15 16 -14 16 -14 16 -14 15 -14 15 -14 15 -13 14 -13 13 -12 13 -12 13 -12 12 -10 12 -10 12 -9 12 -9 12 -8 0 0 0 0 0 0 0 0 0 0 0 0 0 0 0 0 0 0 0 0 0 0 1 -5 2 -5 3 -6 4 -6 5 -7 6 -7 7 -7 8 -7 13 10 -8 11 -8 12 -8 13 -8 14 -8 15 -8 15 -8 15 -8 16 -8 16 -8 17 -9 17 -10 18 -10 18 -11 18 -11 19 -12 20 -12 20]
,,,-80,0,0,0,0,0,0,0,0,0,0,-92,0,6,1723325465275,0,0,0,0,1723325465275,124,[14 -23 14 -22 14 -23 13 -23 14 -22 14 -23 13 -22 13 -22 12 -23 11 -23 11 -22 13 10 -21 13 10 -21 13 10 -22 13 10 -20 13 10 -20 9 -19 13 10 -19 13 10 -17 13 10 -17 9 -15 9 -15 9 -15 9 -14 9 -13 0 0 0 0 0 0 0 0 0 0 0 0 0 0 0 0 0 0 0 0 0 0 -2 -6 0 -7 0 -8 1 -8 2 -9 2 -10 3 -11 5 -12 6 -13 7 -14 8 -15 8 -15 13 10 -15 13 10 -16 11 -15 12 -16 12 -16 12 -17 12 -18 13 -18 13 -19]
,,,-80,0,0,0,0,0,0,0,0,0,0,-92,0,6,1723325465293,0,0,0,0,1723325465293,124,[-12 -24 -13 -24 -13 -25 -12 -24 -12 -24 -12 -24 -12 -24 -12 -23 -13 -23 -13 -22 -13 -21 -13 -20 -12 -20 -13 -20 -13 -20 -13 -19 -11 -19 -11 -19 -10 -18 -9 -18 -9 -16 -8 -16 -8 -16 -7 -16 -6 -16 0 0 0 0 0 0 0 0 0 0 0 0 0 0 0 0 0 0 0 0 0 0 -6 -3 -6 -4 -6 -5 -6 -6 -7 -7 -7 -8 -8 -10 -7 -11 -8 -12 -8 -14 -8 -15 -7 -16 -8 -17 -7 -17 -7 -18 -8 -19 -7 -19 -8 -20 -8 -20 -9 -21 -9 -22 -10 -22 -10 -23 -11 -24 -12 -24 -11 -24]
,,,-80,0,0,0,0,0,0,0,0,0,0,-92,0,6,1723325465314,0,0,0,0,1723325465314,124,[-24 -3 -25 -3 -23 -3 -25 -3 -24 -2 -24 -3 -24 -2 -23 -2 -23 -2 -23 -1 -22 -1 -22 -1 -23 0 -21 0 -21 -1 -20 -1 -20 -1 -19 -1 -18 -2 -18 -2 -17 -2 -16 -2 -15 -2 -15 -3 -15 -4 0 0 0 0 0 0 0 0 0 0 0 0 0 0 0 0 0 0 0 0 0 0 -5 2 -5 2 -6 2 -8 2 -8 1 -10 1 -10 0 -12 0 -13 0 -14 -1 -15 -2 -16 -3 -16 -3 -17 -3 -18 -4 -18 -4 -19 -4 -18 -4 -20 -4 -20 -4 -21 -4 -22 -4 -22 -4 -23 -3 -23 -3 -24 -4]
,,,-80,0,0,0,0,0,0,0,0,0,0,-92,0,6,1723325465334,0,0,0,0,1723325465334,124,[7 -25 7 -27 7 -26 6 -27 6 -26 6 -25 6 -25 5 -25 5 -25 4 -25 4 -24 4 -23 3 -23 3 -23 3 -23 3 -22 4 -22 3 -21 4 -20 4 -19 4 -18 4 -17 4 -17 5 -16 5 -16 0 0 0 0 0 0 0 0 0 0 0 0 0 0 0 0 0 0 0 0 0 0 -3 -6 -2 -7 -2 -7 -1 -9 -1 -9 0 -11 0 -12 1 -13 2 -14 3 -15 4 -16 5 -17 6 -17 6 -18 6 -18 7 -19 7 -20 7 -20 7 -20 7 -21 7 -22 7 -23 7 -24 7 -24 7 -25 8 -26]
,,,-80,0,0,0,0,0,0,0,0,0,0,-92,0,6,1723325465354,0,0,0,0,1723325465354,124,[23 -13 24 -13 23 -13 23 -14 23 -14 22 -14 22 -14 21 -13 21 -14 20 -15 19 -15 19 -14 19 -14 18 -14 18 -14 18 -13 18 -13 17 -12 16 -11 16 -11 15 -10 14 -9 14 -9 14 -8 15 -7 0 0 0 0 0 0 0 0 0 0 0 0 0 0 0 0 0 0 0 0 0 0 1 -5 2 -6 4 -6 5 -6 6 -7 7 -7 8 -8 9 -8 13 10 -8 12 -8 14 -8 14 -8 16 -8 16 -8 17 -8 18 -8 18 -8 19 -8 20 -10 20 -9 20 -10 21 -11 22 -11 23 -12 22 -12 23]
,,,-80,0,0,0,0,0,0,0,0,0,0,-92,0,6,1723325465374,0,0,0,0,1723325465374,124,[0 -27 -1 -27 -1 -27 -1 -27 -1 -26 -1 -27 -1 -26 -2 -26 -2 -26 -3 -26 -3 -24 -3 -24 -3 -24 -3 -23 -3 -24 -3 -22 -3 -22 -2 -21 -2 -20 -1 -20 -1 -19 -1 -18 -1 -17 0 -16 1 -16 0 0 0 0 0 0 0 0 0 0 0 0 0 0 0 0 0 0 0 0 0 0 -4 -5 -4 -6 -3 -7 -3 -8 -3 -9 -3 -10 -3 -12 -2 -13 -2 -14 -1 -15 -1 -17 0 -18 1 -18 1 -18 1 -19 1 -20 1 -21 1 -21 1 -22 1 -23 1 -24 1 -24 0 -25 0 -25 0 -26 0 -28]
,,,-80,0,0,0,0,0,0,0,0,0,0,-92,0,6,1723325465395,0,0,0,0,1723325465395,124,[26 -4 26 -4 26 -4 27 -5 26 -5 26 -5 25 -5 24 -5 24 -5 24 -6 23 -7 22 -6 22 -6 22 -7 21 -7 21 -6 21 -6 19 -6 19 -5 18 -4 17 -4 17 -3 16 -3 16 -2 15 -2 0 0 0 0 0 0 0 0 0 0 0 0 0 0 0 0 0 0 0 0 0 0 3 -4 4 -4 6 -4 6 -4 8 -4 9 -4 13 10 -4 11 -3 13 -3 14 -3 16 -2 16 -2 18 -2 18 -1 18 -1 19 -1 19 -1 20 -1 21 -1 22 -2 23 -2 23 -2 23 -2 25 -3 25 -3 26]
,,,-80,0,0,0,0,0,0,0,0,0,0,-92,0,6,1723325465416,0,0,0,0,1723325465416,124,[-22 9 -23 13 10 -21 13 10 -23 11 -22 11 -22 13 10 -21 11 -21 13 10 -19 11 -20 11 -19 11 -19 11 -19 11 -17 13 10 -19 11 -17 13 10 -17 13 10 -17 9 -16 8 -16 8 -15 7 -14 6 -14 6 -14 5 -14 5 0 0 0 0 0 0 0 0 0 0 0 0 0 0 0 0 0 0 0 0 0 0 -2 4 -3 4 -5 4 -6 5 -6 5 -7 6 -8 6 -10 6 -11 6 -12 6 -13 6 -14 6 -15 6 -16 6 -17 6 -17 5 -18 6 -17 6 -19 7 -19 7 -20 8 -20 8 -20]
,,,-80,0,0,0,0,0,0,0,0,0,0,-92,0,6,1723325465434,0,0,0,0,1723325465434,124,[9 23 9 24 9 24 13 10 23 9 23 13 10 23 9 22 9 22 13 10 22 11 21 11 20 11 19 11 19 13 10 19 13 10 19 13 10 18 9 18 8 18 8 17 8 16 7 15 6 15 6 15 5 14 4 15 0 0 0 0 0 0 0 0 0 0 0 0 0 0 0 0 0 0 0 0 0 0 4 2 4 4 4 4 5 5 5 6 5 8 5 9 5 13 10 5 12 5 13 5 14 5 15 5 16 5 16 4 17 4 18 4 19 5 19 5 20 6 20 6 21 7 21 7]
,,,-80,0,0,0,0,0,0,0,0,0,0,-92,0,6,1723325465454,0,0,0,0,1723325465454,124,[18 -19 18 -19 18 -19 18 -19 18 -19 17 -19 17 -19 16 -18 16 -19 15 -19 15 -19 14 -18 14 -18 13 -18 13 -18 13 -17 13 -17 12 -16 12 -15 12 -15 11 -13 11 -12 11 -12 11 -12 11 -11 0 0 0 0 0 0 0 0 0 0 0 0 0 0 0 0 0 0 0 0 0 0 0 -5 1 -6 2 -6 3 -7 4 -8 5 -9 6 -9 7 -10 8 -11 9 -11 13 10 -11 12 -11 13 -11 13 -12 14 -12 14 -12 15 -13 15 -13 16 -14 16 -14 17 -15 17 -16 17 -16 18 -17 18 -17 19]
,,,-80,0,0,0,0,0,0,0,0,0,0,-92,0,6,1723325465474,0,0,0,0,1723325465474,124,[-25 9 -26 9 -24 9 -25 9 -24 9 -24 9 -23 9 -23 9 -22 9 -22 13 10 -21 13 10 -21 13 10 -22 11 -20 13 10 -20 13 10 -19 9 -19 9 -18 9 -18 7 -17 7 -17 6 -16 6 -16 6 -15 5 -15 4 0 0 0 0 0 0 0 0 0 0 0 0 0 0 0 0 0 0 0 0 0 0 -3 4 -4 4 -5 4 -6 5 -7 5 -9 5 -10 5 -11 5 -13 5 -14 5 -15 5 -16 5 -17 4 -18 4 -19 4 -18 4 -20 4 -20 5 -21 5 -21 5 -22 6 -22 6 -22 6 -24]
,,,-80,0,0,0,0,0,0,0,0,0,0,-92,0,6,1723325465493,0,0,0,0,1723325465493,124,[7 -25 7 -25 7 -26 6 -25 6 -25 6 -26 5 -25 5 -24 5 -25 4 -24 4 -24 3 -23 3 -23 3 -23 3 -22 3 -22 3 -21 3 -20 3 -20 3 -19 3 -18 4 -17 4 -16 4 -15 5 -15 0 0 0 0 0 0 0 0 0 0 0 0 0 0 0 0 0 0 0 0 0 0 -2 -6 -1 -6 -1 -7 -1 -8 0 -9 0 -10 1 -11 2 -13 3 -14 4 -14 5 -16 5 -16 6 -16 7 -16 7 -17 7 -18 7 -18 8 -19 7 -20 7 -20 8 -21 8 -22 7 -23 8 -23 8 -24 8 -25]
,,,-80,0,0,0,0,0,0,0,0,0,0,-92,0,6,1723325465513,0,0,0,0,1723325465513,124,[-26 5 -26 5 -26 4 -26 5 -25 5 -26 6 -25 6 -24 6 -24 6 -24 6 -23 6 -22 6 -22 6 -21 7 -21 7 -21 7 -20 6 -19 6 -19 5 -18 5 -17 4 -17 3 -17 3 -16 3 -16 2 0 0 0 0 0 0 0 0 0 0 0 0 0 0 0 0 0 0 0 0 0 0 -4 3 -5 3 -7 3 -7 3 -8 4 -9 3 -10 3 -12 3 -13 3 -14 2 -16 2 -17 1 -18 1 -18 1 -19 1 -20 1 -20 1 -20 0 -21 2 -22 2 -22 2 -23 3 -24 2 -25 3 -25 3 -25 3]
,,,-80,0,0,0,0,0,0,0,0,0,0,-92,0,6,1723325465534,0,0,0,0,1723325465534,124,[-26 -3 -27 -3 -25 -3 -26 -2 -26 -3 -26 -3 -25 -2 -25 -2 -25 -2 -25 0 -24 0 -23 0 -24 0 -22 0 -22 0 -21 0 -21 0 -20 -1 -19 -1 -19 -2 -18 -2 -17 -2 -17 -2 -16 -2 -16 -3 0 0 0 0 0 0 0 0 0 0 0 0 0 0 0 0 0 0 0 0 0 0 -5 2 -6 2 -7 2 -8 1 -8 1 -10 0 -11 0 -12 -1 -13 -1 -15 -1 -16 -1 -17 -3 -17 -3 -18 -3 -19 -4 -19 -5 -20 -5 -20 -5 -21 -5 -21 -4 -23 -4 -23 -4 -23 -4 -24 -3 -25 -3 -26 -4]
,,,-80,0,0,0,0,0,0,0,0,0,0,-92,0,6,1723325465554,0,0,0,0,1723325465554,124,[17 19 17 19 17 18 17 19 17 18 17 18 16 18 17 17 17 17 17 16 17 15 16 15 16 15 16 14 16 15 15 13 15 14 14 14 13 14 12 13 12 12 11 12 11 12 13 10 11 9 12 0 0 0 0 0 0 0 0 0 0 0 0 0 0 0 0 0 0 0 0 0 0 4 1 5 2 5 2 6 2 7 3 7 5 8 6 9 8 9 9 9 13 10 13 10 11 13 10 12 13 10 13 13 10 13 13 10 14 13 10 15 11 16 11 16 12 16 13 17 13 17 14 17]
,,,-80,0,0,0,0,0,0,0,0,0,0,-92,0,6,1723325465573,0,0,0,0,1723325465573,124,[-25 -8 -25 -8 -25 -8 -25 -7 -25 -7 -25 -7 -24 -6 -24 -7 -24 -6 -24 -6 -24 -5 -23 -4 -24 -4 -22 -4 -22 -4 -22 -4 -21 -4 -20 -4 -19 -4 -18 -4 -17 -5 -17 -5 -16 -5 -16 -5 -15 -6 0 0 0 0 0 0 0 0 0 0 0 0 0 0 0 0 0 0 0 0 0 0 -5 1 -6 1 -7 0 -8 0 -9 0 -10 -2 -11 -2 -12 -3 -13 -3 -14 -4 -16 -5 -16 -6 -17 -6 -17 -7 -17 -8 -18 -8 -18 -8 -18 -9 -20 -8 -20 -8 -21 -8 -22 -8 -22 -9 -24 -8 -24 -8 -24 -9]
,,,-80,0,0,0,0,0,0,0,0,0,0,-92,0,6,1723325465593,0,0,0,0,1723325465593,124,[20 -16 21 -16 20 -16 20 -17 19 -17 19 -17 19 -17 18 -16 17 -17 17 -17 17 -16 16 -16 16 -16 15 -16 15 -16 15 -15 15 -15 14 -14 13 -13 14 -13 13 -12 13 -11 13 -10 12 -10 13 -9 0 0 0 0 0 0 0 0 0 0 0 0 0 0 0 0 0 0 0 0 0 0 1 -5 1 -6 3 -6 4 -7 4 -7 5 -8 6 -8 7 -9 9 -10 13 10 -10 12 -10 13 -10 14 -10 15 -10 15 -10 16 -10 16 -11 16 -11 17 -12 17 -13 18 -13 18 -14 18 -13 19 -14 20 -15 20]
,,,-80,0,0,0,0,0,0,0,0,0,0,-92,0,6,1723325465614,0,0,0,0,1723325465614,124,[35 12 36 12 35 12 35 11 35 13 10 35 9 35 13 10 33 9 33 9 32 9 33 8 32 8 32 7 31 7 31 7 29 6 28 6 27 6 27 6 26 6 24 7 23 7 22 8 20 8 20 8 0 0 0 0 0 0 0 0 0 0 0 0 0 0 0 0 0 0 0 0 0 0 6 -2 8 -2 13 10 -1 11 -1 12 0 14 1 15 2 17 3 18 5 20 5 20 8 21 13 10 23 13 10 23 11 24 11 23 12 25 12 26 12 28 12 29 12 30 11 30 12 30 13 32]
,,,-80,0,0,0,0,0,0,0,0,0,0,-92,0,6,1723325465634,0,0,0,0,1723325465634,124,[23 9 24 9 23 9 24 9 23 9 23 9 23 8 22 8 22 8 22 7 22 6 21 5 21 6 20 5 21 6 20 5 19 6 18 6 17 6 17 6 16 6 15 6 14 6 14 6 13 6 0 0 0 0 0 0 0 0 0 0 0 0 0 0 0 0 0 0 0 0 0 0 4 -2 5 -1 6 -1 7 -1 8 0 9 1 13 10 2 11 3 12 4 13 4 14 5 14 6 15 6 16 7 16 8 16 8 17 8 17 8 18 8 19 9 19 13 10 20 9 20 9 22 9 23 9]
,,,-80,0,0,0,0,0,0,0,0,0,0,-92,0,6,1723325465656,0,0,0,0,1723325465656,124,[-6 -25 -6 -26 -6 -25 -6 -26 -6 -25 -6 -25 -6 -25 -7 -25 -7 -24 -8 -23 -8 -22 -8 -22 -8 -22 -8 -21 -8 -22 -7 -20 -7 -20 -7 -20 -5 -19 -6 -19 -5 -17 -5 -16 -5 -16 -4 -16 -3 -16 0 0 0 0 0 0 0 0 0 0 0 0 0 0 0 0 0 0 0 0 0 0 -4 -4 -4 -5 -4 -6 -4 -7 -4 -8 -4 -10 -4 -10 -4 -12 -4 -13 -4 -14 -3 -16 -3 -16 -3 -17 -2 -18 -2 -19 -2 -19 -2 -20 -2 -20 -3 -21 -3 -21 -3 -22 -3 -23 -4 -23 -5 -24 -5 -25 -5 -26]
,,,-80,0,0,0,0,0,0,0,0,0,0,-92,0,6,1723325465674,0,0,0,0,1723325465674,124,[24 -10 24 -10 24 -10 24 -10 23 -10 23 -11 23 -11 21 -11 22 -11 21 -11 20 -12 20 -11 19 -11 19 -11 18 -11 19 -11 18 -10 17 -10 17 -9 16 -9 15 -8 15 -7 14 -7 14 -6 14 -5 0 0 0 0 0 0 0 0 0 0 0 0 0 0 0 0 0 0 0 0 0 0 2 -4 3 -5 5 -5 5 -5 7 -6 7 -6 9 -6 13 10 -6 11 -6 13 -6 14 -6 15 -5 16 -5 17 -5 17 -5 18 -5 18 -5 19 -6 20 -6 20 -7 21 -6 22 -7 22 -7 23 -8 23 -8 24]
,,,-80,0,0,0,0,0,0,0,0,0,0,-92,0,6,1723325465694,0,0,0,0,1723325465694,124,[28 3 28 3 28 3 28 3 28 3 28 2 28 2 26 2 26 2 26 1 26 1 25 1 25 0 24 0 24 0 23 1 22 1 22 1 21 1 20 2 19 2 18 2 17 3 17 3 16 4 0 0 0 0 0 0 0 0 0 0 0 0 0 0 0 0 0 0 0 0 0 0 4 -3 5 -3 7 -3 8 -3 9 -2 13 10 -2 11 -1 13 -1 14 0 15 0 16 2 17 2 18 3 19 4 19 4 20 4 20 4 21 4 22 4 23 4 24 4 25 4 25 4 26 4 27 4 28]
,,,-80,0,0,0,0,0,0,0,0,0,0,-92,0,6,1723325465713,0,0,0,0,1723325465713,124,[21 12 22 13 21 13 23 13 22 13 22 12 21 12 20 11 21 11 21 13 10 21 13 10 20 9 20 9 19 8 19 9 19 9 19 9 17 9 16 9 16 9 14 8 14 9 14 8 13 8 12 9 0 0 0 0 0 0 0 0 0 0 0 0 0 0 0 0 0 0 0 0 0 0 4 -1 5 0 6 0 7 0 8 1 9 2 13 10 3 13 10 4 11 5 12 6 13 8 13 8 14 9 14 9 14 13 10 15 11 15 11 15 11 17 11 17 12 18 13 18 12 18 13 20]
,,,-80,0,0,0,0,0,0,0,0,0,0,-92,0,6,1723325465734,0,0,0,0,1723325465734,124,[-29 -3 -30 -4 -29 -4 -29 -3 -29 -3 -29 -3 -28 -3 -28 -2 -27 -2 -27 -1 -27 -1 -26 -1 -26 0 -25 0 -25 -1 -24 -1 -23 -1 -22 -1 -22 -2 -21 -2 -20 -3 -19 -2 -18 -3 -18 -3 -17 -4 0 0 0 0 0 0 0 0 0 0 0 0 0 0 0 0 0 0 0 0 0 0 -5 2 -6 2 -8 2 -9 2 -10 2 -11 1 -12 1 -14 0 -15 -1 -16 -1 -18 -2 -18 -3 -20 -3 -20 -4 -20 -4 -21 -5 -22 -5 -22 -5 -23 -4 -24 -5 -25 -4 -25 -4 -26 -5 -27 -4 -28 -4 -28 -4]
,,,-80,0,0,0,0,0,0,0,0,0,0,-92,0,6,1723325465754,0,0,0,0,1723325465754,124,[1 -26 1 -27 1 -26 1 -26 1 -25 1 -26 1 -26 0 -25 0 -25 -1 -24 -1 -23 -2 -23 -1 -23 -2 -22 -2 -23 -1 -21 -1 -21 -1 -20 0 -20 0 -19 0 -18 0 -17 0 -16 1 -17 2 -16 0 0 0 0 0 0 0 0 0 0 0 0 0 0 0 0 0 0 0 0 0 0 -4 -5 -3 -6 -3 -7 -3 -8 -2 -8 -2 -10 -2 -11 -1 -13 -1 -14 0 -14 0 -16 1 -16 2 -17 2 -18 3 -18 3 -19 3 -20 3 -20 3 -21 2 -21 3 -22 3 -23 2 -24 2 -24 2 -25 2 -26]
,,,-80,0,0,0,0,0,0,0,0,0,0,-92,0,6,1723325465774,0,0,0,0,1723325465774,124,[-21 16 -21 17 -20 16 -20 17 -20 16 -20 16 -19 16 -18 16 -18 16 -17 16 -17 16 -16 16 -16 16 -15 16 -16 16 -15 15 -15 14 -15 13 -14 12 -14 12 -14 11 -13 13 10 -13 13 10 -13 13 10 -13 8 0 0 0 0 0 0 0 0 0 0 0 0 0 0 0 0 0 0 0 0 0 0 -1 4 -2 5 -3 5 -5 6 -5 6 -6 7 -7 8 -9 8 -10 8 -11 9 -12 9 -13 13 10 -14 13 10 -15 13 10 -16 13 10 -16 13 10 -17 11 -16 13 10 -18 11 -18 12 -19 12 -19]
,,,-80,0,0,0,0,0,0,0,0,0,0,-92,0,6,1723325465793,0,0,0,0,1723325465793,124,[14 21 14 22 13 22 14 21 13 21 13 21 13 20 13 20 13 20 13 19 13 18 13 18 13 18 12 17 13 17 12 17 12 17 11 16 13 10 16 9 15 8 14 8 14 7 14 7 14 6 14 0 0 0 0 0 0 0 0 0 0 0 0 0 0 0 0 0 0 0 0 0 0 4 1 5 2 5 2 6 4 6 4 7 6 7 7 7 8 8 13 10 8 11 8 13 8 14 8 14 8 15 8 15 8 16 8 17 8 17 9 17 13 10 18 13 10 19 11 19 11 20 12 20]
,,,-80,0,0,0,0,0,0,0,0,0,0,-92,0,6,1723325465815,0,0,0,0,1723325465815,124,[-25 7 -27 7 -24 7 -25 7 -25 7 -25 8 -24 8 -23 7 -23 7 -22 8 -22 8 -21 8 -22 8 -20 8 -21 9 -20 7 -20 7 -19 7 -18 6 -18 6 -17 5 -16 4 -16 4 -16 4 -16 2 0 0 0 0 0 0 0 0 0 0 0 0 0 0 0 0 0 0 0 0 0 0 -3 3 -5 4 -6 3 -7 4 -7 4 -9 4 -9 4 -11 4 -12 4 -14 4 -15 4 -16 3 -17 4 -18 3 -19 3 -19 3 -20 3 -19 3 -21 4 -21 4 -22 5 -23 5 -22 5 -24 6 -25 6 -25 6]
,,,-80,0,0,0,0,0,0,0,0,0,0,-92,0,6,1723325465834,0,0,0,0,1723325465834,124,[3 -26 3 -26 3 -26 3 -25 3 -26 3 -26 3 -25 2 -24 2 -25 1 -25 1 -24 1 -23 0 -23 0 -23 0 -22 1 -22 1 -21 1 -20 1 -19 1 -19 2 -18 2 -17 2 -16 3 -16 4 -15 0 0 0 0 0 0 0 0 0 0 0 0 0 0 0 0 0 0 0 0 0 0 -3 -5 -3 -6 -2 -7 -2 -7 -2 -9 -2 -10 -1 -11 -1 -12 0 -14 1 -15 2 -16 2 -17 3 -17 3 -17 4 -17 4 -19 4 -19 4 -20 4 -20 4 -21 4 -22 4 -23 4 -23 4 -24 4 -25 4 -25]
,,,-80,0,0,0,0,0,0,0,0,0,0,-92,0,6,1723325465853,0,0,0,0,1723325465853,124,[13 -23 13 -23 13 -23 13 -22 12 -22 12 -22 12 -22 11 -22 11 -22 13 10 -22 13 10 -21 9 -21 9 -21 9 -21 8 -21 8 -20 8 -19 8 -19 8 -17 8 -17 8 -16 8 -15 8 -15 8 -14 8 -13 0 0 0 0 0 0 0 0 0 0 0 0 0 0 0 0 0 0 0 0 0 0 -1 -6 0 -6 0 -7 1 -8 2 -9 2 -10 3 -11 4 -11 5 -12 7 -13 7 -14 9 -14 13 10 -14 13 10 -15 11 -15 11 -16 11 -16 11 -17 12 -17 12 -18 13 -18 12 -19 13 -19 13 -20]
,,,-80,0,0,0,0,0,0,0,0,0,0,-92,0,6,1723325465875,0,0,0,0,1723325465875,124,[-13 -22 -13 -24 -12 -23 -13 -23 -13 -22 -13 -22 -13 -21 -13 -21 -13 -21 -14 -20 -14 -19 -14 -18 -14 -19 -14 -18 -14 -18 -13 -17 -12 -17 -12 -17 -11 -16 -11 -16 -10 -15 -10 -15 -9 -14 -8 -14 -7 -14 0 0 0 0 0 0 0 0 0 0 0 0 0 0 0 0 0 0 0 0 0 0 -5 -3 -5 -4 -6 -5 -6 -6 -6 -6 -6 -8 -7 -9 -7 -11 -7 -12 -7 -12 -7 -15 -7 -16 -7 -16 -7 -17 -7 -18 -7 -18 -7 -19 -8 -19 -9 -20 -9 -20 -9 -21 -10 -21 -10 -21 -11 -22 -12 -23 -11 -23]
,,,-80,0,0,0,0,0,0,0,0,0,0,-92,0,6,1723325465894,0,0,0,0,1723325465894,124,[23 13 10 24 13 10 23 13 10 23 9 23 9 23 8 23 8 22 7 22 7 22 7 22 6 21 6 21 5 20 6 21 6 19 6 19 6 18 5 17 6 17 6 16 6 15 6 14 6 14 6 13 6 0 0 0 0 0 0 0 0 0 0 0 0 0 0 0 0 0 0 0 0 0 0 4 -2 5 -1 6 -1 7 -1 8 0 9 1 13 10 2 11 2 12 3 13 4 13 5 14 6 15 6 15 7 16 8 15 9 16 9 17 9 18 8 19 9 20 9 20 9 20 9 22 9]
,,,-80,0,0,0,0,0,0,0,0,0,0,-92,0,6,1723325465917,0,0,0,0,1723325465917,124,[34 -15 33 -15 34 -16 33 -16 34 -17 33 -17 32 -17 30 -17 31 -17 30 -17 29 -17 28 -16 27 -16 27 -18 26 -17 27 -16 25 -15 24 -14 23 -13 23 -13 22 -12 22 -10 21 -10 21 -9 20 -7 0 0 0 0 0 0 0 0 0 0 0 0 0 0 0 0 0 0 0 0 0 0 3 -7 4 -8 6 -7 7 -8 9 -9 13 10 -9 12 -10 14 -10 16 -10 19 -10 20 -10 22 -9 23 -9 25 -9 25 -9 26 -9 26 -10 27 -9 28 -10 29 -11 30 -12 31 -12 31 -13 32 -14 33 -14 34]
,,,-80,0,0,0,0,0,0,0,0,0,0,-92,0,6,1723325465934,0,0,0,0,1723325465934,124,[27 -6 28 -6 28 -6 27 -7 27 -6 27 -6 27 -7 25 -7 25 -8 24 -8 24 -9 23 -9 23 -8 23 -9 23 -8 22 -8 21 -8 20 -7 20 -6 19 -6 18 -5 18 -5 17 -4 16 -4 16 -3 0 0 0 0 0 0 0 0 0 0 0 0 0 0 0 0 0 0 0 0 0 0 3 -4 4 -5 6 -5 7 -5 8 -5 9 -5 13 10 -5 12 -5 13 -5 15 -4 16 -4 17 -3 18 -3 19 -3 20 -2 20 -3 20 -2 21 -2 22 -3 23 -3 24 -4 25 -4 25 -5 25 -5 27 -6 27]
,,,-80,0,0,0,0,0,0,0,0,0,0,-92,0,6,1723325465954,0,0,0,0,1723325465954,124,[-25 6 -26 7 -24 6 -25 7 -25 7 -25 7 -24 7 -24 7 -23 7 -23 8 -23 8 -22 8 -22 8 -20 8 -20 8 -20 8 -19 7 -19 6 -18 6 -18 6 -17 5 -16 4 -16 4 -15 4 -15 3 0 0 0 0 0 0 0 0 0 0 0 0 0 0 0 0 0 0 0 0 0 0 -3 3 -4 4 -6 4 -7 4 -7 4 -9 4 -10 4 -11 4 -12 4 -14 4 -16 4 -16 3 -17 3 -18 3 -19 3 -19 3 -20 3 -20 3 -21 4 -21 4 -22 4 -23 5 -23 5 -24 5 -24 6 -25 5]
,,,-80,0,0,0,0,0,0,0,0,0,0,-92,0,6,1723325465973,0,0,0,0,1723325465973,124,[-19 18 -19 18 -18 18 -18 18 -18 18 -18 18 -17 18 -17 18 -16 18 -16 18 -15 18 -14 17 -14 18 -13 17 -14 17 -14 17 -13 16 -13 15 -13 14 -12 14 -12 13 -12 12 -12 11 -12 11 -12 13 10 0 0 0 0 0 0 0 0 0 0 0 0 0 0 0 0 0 0 0 0 0 0 -1 4 -2 5 -3 5 -4 6 -5 7 -5 7 -7 8 -8 9 -9 9 -10 13 10 -11 13 10 -13 13 10 -14 11 -14 11 -15 11 -15 11 -15 11 -16 12 -16 12 -17 14 -17 14 -18 15 -18 15 -18 16]
,,,-80,0,0,0,0,0,0,0,0,0,0,-92,0,6,1723325465993,0,0,0,0,1723325465993,124,[-24 -10 -24 -11 -24 -11 -24 -10 -24 -11 -24 -11 -24 -10 -23 -10 -23 -10 -23 -9 -23 -8 -22 -7 -22 -7 -21 -7 -21 -7 -20 -7 -20 -8 -19 -8 -18 -8 -18 -8 -17 -8 -16 -7 -15 -7 -15 -8 -14 -8 0 0 0 0 0 0 0 0 0 0 0 0 0 0 0 0 0 0 0 0 0 0 -5 1 -6 0 -7 0 -8 -1 -9 -1 -10 -2 -11 -2 -12 -4 -13 -5 -14 -5 -15 -6 -15 -7 -16 -8 -16 -8 -16 -9 -17 -10 -18 -10 -18 -10 -18 -10 -19 -10 -20 -11 -21 -11 -21 -11 -22 -10 -23 -10 -23 -11]
,,,-80,0,0,0,0,0,0,0,0,0,0,-92,0,6,1723325466013,0,0,0,0,1723325466013,124,[26 3 25 3 25 3 25 3 25 3 25 3 24 3 24 2 24 2 24 1 23 1 22 1 22 1 22 0 21 0 21 1 20 1 19 1 19 1 18 2 17 2 16 3 15 2 15 3 14 3 0 0 0 0 0 0 0 0 0 0 0 0 0 0 0 0 0 0 0 0 0 0 4 -3 5 -3 6 -3 7 -3 8 -2 9 -2 13 10 -1 11 0 12 0 14 1 15 1 15 2 16 2 17 3 17 3 18 4 18 4 19 4 19 3 20 4 21 4 22 4 22 4 24 4 24 3 25]
,,,-80,0,0,0,0,0,0,0,0,0,0,-92,0,6,1723325466034,0,0,0,0,1723325466034,124,[25 5 25 5 25 5 25 5 25 4 25 4 24 4 24 3 24 3 23 3 23 3 22 3 22 2 22 2 21 2 21 2 20 2 19 2 18 2 18 2 16 2 16 3 15 3 14 3 14 4 0 0 0 0 0 0 0 0 0 0 0 0 0 0 0 0 0 0 0 0 0 0 4 -2 5 -2 6 -2 7 -2 8 -1 9 -1 13 10 0 11 1 12 1 14 2 15 3 15 4 16 5 16 5 16 5 17 6 17 5 18 6 19 6 20 6 21 6 22 5 22 6 23 6 24 6 24]
,,,-80,0,0,0,0,0,0,0,0,0,0,-92,0,6,1723325466056,0,0,0,0,1723325466056,124,[25 26 26 27 25 27 26 26 26 26 26 26 26 25 25 24 25 23 25 23 25 22 25 21 24 21 24 20 24 21 23 20 22 19 21 19 19 19 19 18 17 17 16 17 15 17 14 16 13 17 0 0 0 0 0 0 0 0 0 0 0 0 0 0 0 0 0 0 0 0 0 0 7 1 8 2 9 3 13 10 4 11 5 12 7 12 9 14 11 14 13 15 13 15 16 16 17 16 17 16 20 17 20 16 21 17 23 17 23 19 22 20 24 21 23 22 25 22 25 24 26 24 26 26]
,,,-80,0,0,0,0,0,0,0,0,0,0,-92,0,6,1723325466074,0,0,0,0,1723325466074,124,[-28 -7 -29 -8 -27 -8 -29 -8 -28 -7 -28 -7 -27 -7 -27 -7 -26 -6 -26 -6 -27 -5 -26 -5 -26 -5 -24 -4 -25 -5 -23 -5 -23 -5 -22 -5 -21 -5 -20 -5 -19 -6 -18 -6 -18 -6 -17 -6 -16 -7 0 0 0 0 0 0 0 0 0 0 0 0 0 0 0 0 0 0 0 0 0 0 -5 2 -7 1 -8 1 -9 1 -9 1 -11 0 -12 -1 -14 -2 -15 -2 -15 -3 -18 -4 -18 -5 -19 -6 -19 -6 -20 -7 -20 -8 -21 -8 -21 -8 -23 -7 -23 -7 -24 -8 -25 -8 -24 -9 -26 -8 -27 -7 -28 -8]
,,,-80,0,0,0,0,0,0,0,0,0,0,-92,0,6,1723325466095,0,0,0,0,1723325466095,124,[-4 -26 -4 -26 -4 -26 -4 -26 -4 -25 -4 -25 -4 -25 -5 -25 -4 -25 -6 -24 -6 -23 -6 -22 -6 -23 -6 -22 -6 -22 -5 -21 -5 -21 -4 -20 -3 -19 -3 -19 -3 -17 -3 -17 -2 -17 -2 -16 0 -16 0 0 0 0 0 0 0 0 0 0 0 0 0 0 0 0 0 0 0 0 0 0 -4 -4 -4 -5 -4 -6 -4 -7 -4 -8 -4 -9 -4 -11 -4 -12 -3 -13 -3 -14 -3 -16 -2 -17 -2 -17 -1 -18 -1 -18 -1 -20 -1 -20 -1 -20 -1 -21 -2 -21 -2 -22 -2 -23 -1 -24 -2 -24 -3 -25 -3 -26]
,,,-80,0,0,0,0,0,0,0,0,0,0,-92,0,6,1723325466119,0,0,0,0,1723325466119,124,[27 -7 28 -7 27 -7 28 -8 27 -7 27 -8 26 -7 25 -7 25 -8 24 -9 24 -9 23 -9 24 -8 22 -9 22 -8 22 -8 21 -8 20 -7 20 -6 20 -6 18 -5 18 -5 17 -4 16 -4 17 -3 0 0 0 0 0 0 0 0 0 0 0 0 0 0 0 0 0 0 0 0 0 0 3 -5 4 -5 5 -6 6 -6 7 -5 9 -6 13 10 -5 12 -5 13 -5 15 -5 16 -5 17 -4 18 -4 19 -4 19 -3 20 -3 21 -4 21 -3 23 -5 23 -4 24 -4 25 -5 25 -5 26 -6 26 -6 27]
,,,-80,0,0,0,0,0,0,0,0,0,0,-92,0,6,1723325466140,0,0,0,0,1723325466140,124,[-3 25 -3 25 -3 25 -3 25 -3 25 -2 24 -2 24 -1 24 -2 24 -1 23 -1 23 0 22 0 22 0 22 0 21 0 21 0 20 -1 19 -1 18 -1 18 -1 16 -2 16 -2 15 -2 15 -3 14 0 0 0 0 0 0 0 0 0 0 0 0 0 0 0 0 0 0 0 0 0 0 2 4 2 5 2 5 1 6 1 8 1 9 0 13 10 0 12 -1 13 -2 14 -2 15 -3 16 -4 16 -4 17 -4 17 -4 18 -5 19 -5 19 -4 19 -4 20 -5 21 -4 21 -5 23 -4 23 -4 24 -4]
,,,-80,0,0,0,0,0,0,0,0,0,0,-92,0,6,1723325466158,0,0,0,0,1723325466158,124,[20 14 21 15 20 15 21 15 20 15 20 14 20 14 19 13 19 12 19 12 19 11 19 11 20 11 18 13 10 19 13 10 17 13 10 17 11 16 13 10 15 13 10 15 13 10 13 9 13 9 12 9 12 9 11 13 10 0 0 0 0 0 0 0 0 0 0 0 0 0 0 0 0 0 0 0 0 0 0 4 0 5 0 6 1 7 1 7 2 8 3 9 5 13 10 6 13 10 7 11 7 12 9 12 13 10 13 13 10 13 11 13 12 13 12 14 13 14 13 15 13 16 14 16]
,,,-80,0,0,0,0,0,0,0,0,0,0,-92,0,6,1723325466174,0,0,0,0,1723325466174,124,[4 25 4 25 4 25 4 25 4 25 5 24 5 23 5 24 5 23 6 23 5 22 6 21 6 21 6 21 6 20 5 20 5 19 4 19 4 18 3 18 3 16 2 16 2 15 1 15 0 15 0 0 0 0 0 0 0 0 0 0 0 0 0 0 0 0 0 0 0 0 0 0 3 3 4 4 3 5 3 6 3 7 4 8 3 13 10 3 11 3 12 3 13 2 15 2 16 2 16 1 17 1 17 1 18 1 19 1 19 2 20 2 21 2 21 2 22 3 23 3 24 4 24 4]
,,,-80,0,0,0,0,0,0,0,0,0,0,-92,0,6,1723325466197,0,0,0,0,1723325466197,124,[-38 4 -38 3 -37 4 -37 4 -38 5 -37 6 -37 5 -35 5 -35 6 -35 7 -34 7 -32 7 -32 7 -31 8 -30 7 -31 7 -29 7 -29 6 -27 5 -27 5 -25 4 -25 4 -24 3 -23 3 -22 1 0 0 0 0 0 0 0 0 0 0 0 0 0 0 0 0 0 0 0 0 0 0 -6 4 -7 4 -10 4 -11 4 -12 4 -14 4 -16 3 -17 3 -18 3 -22 2 -24 1 -24 0 -26 0 -26 -1 -26 -1 -28 -1 -28 -1 -30 -2 -31 0 -32 0 -33 0 -33 1 -34 0 -36 2 -36 2 -37 3]
,,,-80,0,0,0,0,0,0,0,0,0,0,-92,0,6,1723325466214,0,0,0,0,1723325466214,124,[-28 -6 -30 -6 -28 -7 -29 -6 -28 -5 -29 -5 -28 -4 -27 -4 -27 -5 -27 -4 -27 -3 -25 -3 -26 -3 -24 -2 -25 -3 -23 -2 -23 -3 -23 -3 -21 -3 -21 -3 -20 -3 -18 -4 -18 -4 -17 -5 -17 -5 0 0 0 0 0 0 0 0 0 0 0 0 0 0 0 0 0 0 0 0 0 0 -6 1 -7 1 -8 1 -9 1 -10 1 -11 0 -12 -1 -13 -2 -14 -2 -16 -3 -18 -4 -18 -5 -19 -5 -19 -6 -20 -6 -20 -7 -21 -7 -21 -7 -23 -7 -23 -6 -24 -6 -25 -6 -25 -8 -27 -7 -27 -7 -28 -7]
,,,-80,0,0,0,0,0,0,0,0,0,0,-92,0,6,1723325466242,0,0,0,0,1723325466242,124,[-22 -13 -23 -14 -22 -13 -23 -13 -23 -13 -23 -12 -22 -12 -22 -12 -22 -11 -22 -11 -22 -10 -21 -9 -22 -9 -21 -9 -21 -10 -19 -9 -19 -9 -18 -9 -17 -9 -17 -9 -15 -9 -15 -9 -14 -8 -14 -9 -13 -10 0 0 0 0 0 0 0 0 0 0 0 0 0 0 0 0 0 0 0 0 0 0 -5 0 -6 -1 -7 -1 -8 -2 -9 -2 -10 -3 -10 -4 -11 -5 -12 -6 -13 -7 -14 -8 -14 -9 -15 -9 -15 -10 -15 -11 -16 -12 -16 -12 -16 -12 -18 -12 -18 -12 -19 -13 -19 -13 -20 -13 -21 -13 -22 -13 -22 -14]
,,,-80,0,0,0,0,0,0,0,0,0,0,-92,0,6,1723325466256,0,0,0,0,1723325466256,124,[-4 25 -4 25 -4 25 -4 25 -4 25 -3 25 -3 24 -3 24 -3 24 -2 23 -2 23 -2 22 -2 22 -1 22 -1 21 -2 21 -1 20 -1 20 -2 19 -2 18 -2 16 -3 16 -3 16 -4 15 -4 14 0 0 0 0 0 0 0 0 0 0 0 0 0 0 0 0 0 0 0 0 0 0 2 4 2 5 1 6 1 6 1 8 0 9 0 13 10 0 11 -1 13 -2 14 -2 15 -4 16 -4 16 -4 16 -5 17 -5 18 -5 18 -5 19 -5 19 -5 21 -5 21 -5 22 -5 23 -5 23 -5 24 -5]
,,,-80,0,0,0,0,0,0,0,0,0,0,-92,0,6,1723325466273,0,0,0,0,1723325466273,124,[-21 13 10 -21 13 10 -20 11 -21 11 -20 11 -20 11 -20 11 -19 11 -18 11 -19 11 -18 11 -17 11 -17 11 -16 11 -16 11 -16 11 -16 13 10 -15 13 10 -15 9 -15 9 -14 8 -13 7 -13 7 -13 6 -13 5 0 0 0 0 0 0 0 0 0 0 0 0 0 0 0 0 0 0 0 0 0 0 -2 3 -3 4 -4 4 -5 4 -6 5 -7 5 -8 6 -9 6 -10 6 -11 6 -13 6 -14 6 -15 6 -15 6 -16 6 -16 6 -17 6 -17 7 -18 7 -18 8 -19 8 -19 8 -19 8 -20 9]
,,,-80,0,0,0,0,0,0,0,0,0,0,-92,0,6,1723325466295,0,0,0,0,1723325466295,124,[8 24 9 24 8 23 9 23 9 23 9 23 9 22 13 10 22 13 10 21 13 10 21 13 10 20 13 10 20 11 20 13 10 19 13 10 19 13 10 18 9 18 9 18 8 17 7 16 7 15 6 15 6 15 5 14 4 14 0 0 0 0 0 0 0 0 0 0 0 0 0 0 0 0 0 0 0 0 0 0 4 2 4 4 4 4 4 5 5 6 5 8 4 9 5 13 10 5 12 5 12 5 14 4 15 4 16 4 17 4 17 4 18 4 19 5 19 5 19 5 20 6 21 6]
,,,-80,0,0,0,0,0,0,0,0,0,0,-92,0,6,1723325466313,0,0,0,0,1723325466313,124,[11 23 13 10 23 13 10 23 13 10 23 13 10 23 13 10 22 11 22 13 10 21 11 21 11 21 11 20 11 19 11 19 11 19 11 18 13 10 18 13 10 17 9 17 8 16 8 16 7 15 7 15 6 14 6 14 5 14 0 0 0 0 0 0 0 0 0 0 0 0 0 0 0 0 0 0 0 0 0 0 4 2 4 3 4 3 5 5 5 5 6 7 6 8 6 13 10 6 11 6 12 6 14 6 15 5 15 6 16 5 16 5 18 5 18 6 19 7 19 7 20 7 20 7]
,,,-80,0,0,0,0,0,0,0,0,0,0,-92,0,6,1723325466334,0,0,0,0,1723325466334,124,[-18 -20 -18 -20 -18 -20 -18 -19 -18 -19 -18 -19 -17 -18 -18 -18 -18 -18 -18 -17 -18 -16 -18 -15 -17 -15 -18 -15 -17 -14 -17 -14 -16 -14 -16 -14 -15 -14 -14 -13 -13 -13 -13 -13 -12 -12 -11 -12 -10 -12 0 0 0 0 0 0 0 0 0 0 0 0 0 0 0 0 0 0 0 0 0 0 -5 -2 -6 -3 -7 -3 -7 -4 -8 -5 -8 -6 -9 -7 -9 -9 -10 -10 -10 -11 -11 -13 -10 -14 -11 -14 -11 -15 -10 -15 -12 -17 -11 -16 -12 -17 -13 -17 -13 -17 -14 -18 -14 -18 -15 -19 -16 -19 -17 -20 -17 -20]
,,,-80,0,0,0,0,0,0,0,0,0,0,-92,0,6,1723325466354,0,0,0,0,1723325466354,124,[-17 19 -18 20 -17 19 -17 20 -17 20 -17 19 -16 18 -15 19 -15 19 -15 19 -14 19 -13 18 -13 19 -12 18 -13 18 -13 17 -12 16 -12 15 -12 15 -12 14 -12 13 -11 12 -11 12 -11 11 -12 13 10 0 0 0 0 0 0 0 0 0 0 0 0 0 0 0 0 0 0 0 0 0 0 0 4 -1 5 -2 6 -3 7 -3 7 -4 8 -6 9 -7 9 -8 13 10 -9 11 -10 12 -11 12 -12 12 -13 13 -14 13 -13 13 -14 13 -14 14 -15 15 -16 15 -16 16 -16 16 -16 16 -17 18 -17 19]
,,,-80,0,0,0,0,0,0,0,0,0,0,-92,0,6,1723325466374,0,0,0,0,1723325466374,124,[13 21 13 22 13 21 13 21 13 21 13 21 13 21 13 20 13 19 14 19 14 18 13 17 13 18 13 17 13 18 12 16 12 17 11 15 13 10 15 9 15 9 14 8 14 8 14 7 13 6 13 0 0 0 0 0 0 0 0 0 0 0 0 0 0 0 0 0 0 0 0 0 0 4 1 5 2 5 2 6 3 6 5 7 6 7 7 7 9 7 13 10 8 11 8 12 8 13 8 14 8 15 8 15 8 16 8 17 9 17 9 18 9 18 13 10 19 11 19 11 20 12 20 13]
,,,-80,0,0,0,0,0,0,0,0,0,0,-92,0,6,1723325466403,0,0,0,0,1723325466403,124,[18 -14 18 -14 17 -14 18 -15 18 -15 18 -14 17 -14 16 -14 16 -14 15 -15 15 -14 14 -14 14 -14 14 -14 14 -14 13 -13 13 -13 13 -12 13 -11 13 -10 12 -9 12 -9 11 -8 11 -8 11 -7 0 0 0 0 0 0 0 0 0 0 0 0 0 0 0 0 0 0 0 0 0 0 0 -4 1 -5 2 -6 3 -6 4 -7 5 -8 5 -7 7 -8 8 -9 9 -9 13 10 -10 11 -9 12 -10 12 -9 13 -9 14 -10 14 -10 14 -10 15 -11 16 -11 16 -11 17 -12 16 -12 17 -13 17 -14 18]
,,,-80,0,0,0,0,0,0,0,0,0,0,-92,0,6,1723325466415,0,0,0,0,1723325466415,124,[-6 -25 -6 -26 -7 -25 -7 -25 -7 -25 -7 -25 -7 -24 -7 -24 -8 -23 -8 -23 -8 -23 -8 -22 -9 -22 -7 -21 -8 -21 -7 -20 -7 -20 -7 -19 -6 -18 -6 -18 -5 -17 -5 -16 -4 -16 -4 -16 -3 -16 0 0 0 0 0 0 0 0 0 0 0 0 0 0 0 0 0 0 0 0 0 0 -4 -4 -4 -5 -4 -6 -5 -7 -4 -8 -5 -10 -5 -10 -5 -12 -4 -13 -5 -14 -4 -16 -3 -17 -3 -17 -3 -18 -3 -19 -2 -19 -3 -20 -2 -20 -4 -21 -4 -21 -4 -22 -4 -23 -4 -23 -5 -24 -5 -24 -6 -26]
,,,-80,0,0,0,0,0,0,0,0,0,0,-92,0,6,1723325466434,0,0,0,0,1723325466434,124,[-26 19 -27 20 -25 20 -25 20 -26 20 -25 20 -25 19 -23 20 -23 19 -22 19 -23 19 -21 19 -21 20 -20 19 -20 19 -19 18 -19 18 -18 17 -18 16 -18 15 -17 14 -17 13 -17 12 -16 12 -16 13 10 0 0 0 0 0 0 0 0 0 0 0 0 0 0 0 0 0 0 0 0 0 0 -2 5 -3 6 -5 7 -6 7 -6 8 -8 9 -10 13 10 -11 13 10 -12 11 -15 11 -16 11 -18 11 -19 11 -19 11 -20 11 -20 12 -21 12 -22 13 -23 13 -23 15 -24 15 -24 16 -25 16 -26 17 -26]
,,,-80,0,0,0,0,0,0,0,0,0,0,-92,0,6,1723325466454,0,0,0,0,1723325466454,124,[-19 -23 -19 -23 -18 -23 -18 -22 -18 -22 -19 -22 -18 -22 -18 -21 -18 -21 -19 -20 -19 -19 -19 -18 -18 -18 -18 -18 -18 -18 -17 -16 -16 -17 -15 -17 -14 -16 -14 -16 -13 -15 -13 -15 -12 -14 -11 -14 -10 -14 0 0 0 0 0 0 0 0 0 0 0 0 0 0 0 0 0 0 0 0 0 0 -6 -2 -6 -3 -7 -4 -8 -5 -8 -6 -9 -7 -9 -9 -10 -10 -10 -12 -11 -13 -11 -14 -11 -15 -11 -16 -12 -16 -11 -17 -11 -19 -12 -19 -13 -19 -13 -20 -13 -20 -14 -21 -14 -22 -15 -22 -17 -22 -17 -22 -17 -23]
,,,-80,0,0,0,0,0,0,0,0,0,0,-92,0,6,1723325466474,0,0,0,0,1723325466474,124,[31 13 10 30 13 10 30 11 30 13 10 30 13 10 30 9 29 9 28 8 30 8 29 7 28 7 27 6 26 6 27 5 26 6 26 6 24 6 24 5 23 5 22 6 21 5 20 6 18 6 18 7 17 7 0 0 0 0 0 0 0 0 0 0 0 0 0 0 0 0 0 0 0 0 0 0 6 -2 6 -2 8 -1 9 -1 13 10 0 11 1 13 2 14 3 15 4 17 5 18 7 18 8 19 8 20 9 20 9 20 13 10 21 11 22 11 23 13 10 24 11 25 11 26 13 10]
,,,-80,0,0,0,0,0,0,0,0,0,0,-92,0,6,1723325466494,0,0,0,0,1723325466494,124,[23 -9 24 -10 23 -10 24 -10 23 -10 23 -11 23 -10 22 -10 21 -11 21 -11 20 -11 19 -11 20 -11 18 -11 19 -11 18 -10 18 -10 17 -9 17 -9 16 -8 15 -7 15 -7 14 -7 14 -6 14 -5 0 0 0 0 0 0 0 0 0 0 0 0 0 0 0 0 0 0 0 0 0 0 2 -4 3 -5 4 -5 5 -5 6 -5 7 -6 9 -6 13 10 -6 11 -6 12 -6 14 -6 15 -6 16 -6 16 -6 18 -5 17 -5 18 -5 19 -5 20 -7 20 -7 20 -7 22 -7 21 -7 23 -8 23 -9 24]
,,,-80,0,0,0,0,0,0,0,0,0,0,-92,0,6,1723325466514,0,0,0,0,1723325466514,124,[17 -20 17 -20 16 -20 16 -20 16 -20 16 -20 16 -20 15 -20 15 -20 14 -20 14 -20 13 -18 12 -19 12 -19 12 -19 12 -18 12 -17 11 -17 11 -16 11 -15 13 10 -14 11 -13 13 10 -12 13 10 -12 11 -11 0 0 0 0 0 0 0 0 0 0 0 0 0 0 0 0 0 0 0 0 0 0 0 -5 1 -6 1 -7 2 -8 3 -8 4 -9 4 -10 6 -10 7 -11 8 -12 13 10 -12 11 -12 12 -12 12 -12 13 -13 13 -13 13 -14 14 -14 15 -15 15 -16 15 -16 15 -17 16 -17 16 -18]
,,,-80,0,0,0,0,0,0,0,0,0,0,-92,0,6,1723325466536,0,0,0,0,1723325466536,124,[-16 -28 -16 -29 -16 -29 -17 -29 -16 -28 -17 -28 -16 -27 -16 -27 -16 -26 -17 -26 -17 -25 -17 -24 -17 -24 -17 -23 -17 -23 -16 -22 -15 -23 -14 -21 -13 -21 -13 -20 -12 -19 -11 -19 -11 -19 -9 -18 -8 -19 0 0 0 0 0 0 0 0 0 0 0 0 0 0 0 0 0 0 0 0 0 0 -6 -3 -6 -5 -7 -5 -8 -6 -8 -8 -9 -10 -9 -11 -9 -13 -10 -14 -10 -16 -10 -18 -9 -19 -9 -20 -10 -21 -9 -21 -10 -22 -10 -23 -10 -23 -11 -25 -12 -25 -12 -26 -13 -26 -13 -27 -14 -28 -15 -28 -15 -30]
,,,-80,0,0,0,0,0,0,0,0,0,0,-92,0,6,1723325466554,0,0,0,0,1723325466554,124,[13 10 23 13 10 23 13 10 23 11 23 11 23 11 22 11 21 11 21 11 21 11 20 12 19 11 19 12 18 11 18 11 18 11 17 13 10 18 13 10 17 9 16 9 16 7 15 7 14 7 14 6 13 5 13 0 0 0 0 0 0 0 0 0 0 0 0 0 0 0 0 0 0 0 0 0 0 4 3 4 3 4 4 5 5 5 6 5 8 5 9 6 13 10 6 11 6 13 5 14 5 15 5 16 5 16 5 17 5 18 5 18 6 19 6 19 7 20 7 20 8 21 8 21]
,,,-80,0,0,0,0,0,0,0,0,0,0,-92,0,6,1723325466573,0,0,0,0,1723325466573,124,[3 25 3 25 3 26 4 25 4 25 4 25 4 24 5 23 4 24 4 23 5 22 5 21 5 21 6 21 6 21 5 20 5 20 5 19 4 18 4 18 4 17 2 16 2 16 1 15 1 15 0 0 0 0 0 0 0 0 0 0 0 0 0 0 0 0 0 0 0 0 0 0 3 4 3 4 3 5 3 6 3 7 3 9 3 11 2 11 2 13 1 14 0 16 0 16 -1 16 -1 17 -1 17 0 19 -1 19 -1 20 0 20 1 21 0 22 1 22 0 23 1 24 1 24 1 25]
,,,-80,0,0,0,0,0,0,0,0,0,0,-92,0,6,1723325466594,0,0,0,0,1723325466594,124,[23 13 10 24 13 10 23 13 10 23 9 24 9 23 8 23 9 22 8 23 8 22 7 22 6 21 6 21 6 21 6 20 6 20 6 19 6 19 5 18 5 17 6 16 5 15 6 15 6 14 6 13 6 0 0 0 0 0 0 0 0 0 0 0 0 0 0 0 0 0 0 0 0 0 0 5 -1 5 0 6 -1 7 0 8 1 9 2 13 10 2 11 3 12 4 13 5 14 6 14 7 15 8 15 8 15 9 16 9 16 13 10 17 13 10 17 13 10 19 13 10 19 13 10 20]
,,,-80,0,0,0,0,0,0,0,0,0,0,-92,0,6,1723325466615,0,0,0,0,1723325466615,124,[2 -26 1 -26 2 -26 1 -26 2 -26 1 -26 1 -26 0 -25 0 -25 -1 -25 -1 -24 -1 -23 -1 -23 -2 -22 -2 -23 -1 -22 -1 -21 -1 -20 0 -20 0 -19 0 -18 0 -17 1 -16 1 -16 2 -16 0 0 0 0 0 0 0 0 0 0 0 0 0 0 0 0 0 0 0 0 0 0 -3 -5 -3 -6 -3 -7 -2 -8 -2 -8 -2 -10 -1 -11 -1 -13 0 -14 1 -14 2 -16 2 -17 3 -18 3 -18 4 -19 3 -19 3 -20 3 -20 4 -21 3 -21 4 -22 3 -23 3 -23 3 -25 3 -25 3 -26]
,,,-80,0,0,0,0,0,0,0,0,0,0,-92,0,6,1723325466634,0,0,0,0,1723325466634,124,[9 23 13 10 24 9 23 13 10 24 9 23 13 10 23 9 23 9 22 13 10 22 13 10 21 13 10 20 13 10 19 13 10 20 13 10 19 13 10 19 9 18 9 18 8 17 7 17 6 17 6 16 5 16 5 15 4 14 3 14 0 0 0 0 0 0 0 0 0 0 0 0 0 0 0 0 0 0 0 0 0 0 4 2 4 3 5 3 5 4 6 6 5 7 6 9 5 13 10 6 11 6 12 6 14 6 15 6 15 6 16 5 17 5 18 5 19 5 18 7 19 6 20 6]
,,,-80,0,0,0,0,0,0,0,0,0,0,-92,0,6,1723325466654,0,0,0,0,1723325466654,124,[-10 24 -10 24 -9 23 -9 24 -9 24 -8 24 -8 23 -7 23 -7 23 -6 22 -6 22 -7 22 -6 21 -5 21 -5 21 -6 20 -5 20 -5 19 -5 18 -5 18 -6 16 -6 15 -6 15 -6 14 -7 13 0 0 0 0 0 0 0 0 0 0 0 0 0 0 0 0 0 0 0 0 0 0 1 4 1 6 0 6 -1 7 -1 8 -1 9 -2 13 10 -3 11 -4 12 -5 13 -6 14 -7 14 -7 15 -8 15 -8 16 -9 17 -9 17 -9 18 -9 18 -9 19 -9 20 -9 20 -10 21 -10 22 -10 23 -10]
,,,-80,0,0,0,0,0,0,0,0,0,0,-92,0,6,1723325466674,0,0,0,0,1723325466674,124,[11 -24 11 -24 11 -23 13 10 -24 13 10 -24 13 10 -24 9 -24 9 -23 8 -23 7 -23 7 -23 6 -22 6 -22 6 -22 6 -22 6 -21 6 -20 6 -19 6 -18 6 -18 6 -17 6 -16 6 -15 6 -15 7 -14 0 0 0 0 0 0 0 0 0 0 0 0 0 0 0 0 0 0 0 0 0 0 -2 -5 -1 -7 0 -7 0 -8 1 -9 2 -10 2 -11 3 -12 4 -13 5 -14 6 -15 7 -15 8 -15 9 -16 9 -16 13 10 -16 13 10 -17 13 10 -18 13 10 -18 13 10 -19 11 -20 11 -20]
,,,-80,0,0,0,0,0,0,0,0,0,0,-92,0,6,1723325466694,0,0,0,0,1723325466694,124,[3 25 3 25 3 25 3 25 3 24 3 25 4 24 4 24 4 23 4 23 5 22 4 22 5 22 5 21 5 21 4 20 5 20 4 19 3 18 3 18 3 17 2 16 2 16 1 15 0 15 0 0 0 0 0 0 0 0 0 0 0 0 0 0 0 0 0 0 0 0 0 0 3 3 3 5 3 5 3 6 3 7 3 9 3 13 10 2 11 2 13 2 13 1 15 1 16 0 16 0 17 0 17 0 18 0 20 0 19 0 20 1 21 0 21 1 22 1 23 2 24 2 25 2]
,,,-80,0,0,0,0,0,0,0,0,0,0,-92,0,6,1723325466713,0,0,0,0,1723325466713,124,[-25 -8 -26 -9 -24 -8 -26 -8 -25 -8 -25 -8 -24 -8 -24 -7 -23 -7 -24 -6 -24 -5 -23 -5 -23 -5 -22 -4 -22 -5 -21 -4 -21 -5 -20 -5 -19 -6 -18 -5 -17 -6 -16 -5 -16 -5 -15 -5 -15 -6 0 0 0 0 0 0 0 0 0 0 0 0 0 0 0 0 0 0 0 0 0 0 -5 1 -6 0 -7 0 -8 0 -9 -1 -10 -2 -11 -2 -12 -3 -13 -4 -14 -5 -15 -6 -15 -7 -16 -7 -17 -7 -17 -8 -17 -9 -18 -9 -18 -9 -20 -9 -20 -9 -21 -9 -21 -9 -22 -9 -23 -9 -24 -9 -24 -10]
,,,-80,0,0,0,0,0,0,0,0,0,0,-92,0,6,1723325466738,0,0,0,0,1723325466738,124,[-9 23 -10 24 -9 23 -9 24 -9 23 -9 23 -8 23 -8 23 -7 22 -7 22 -7 22 -7 21 -6 22 -6 20 -6 21 -6 19 -6 19 -6 18 -6 17 -6 17 -7 15 -6 14 -7 14 -7 13 -7 13 0 0 0 0 0 0 0 0 0 0 0 0 0 0 0 0 0 0 0 0 0 0 1 4 1 6 0 6 0 7 0 8 -1 9 -2 11 -2 11 -3 12 -4 13 -5 14 -6 14 -7 15 -7 16 -8 16 -8 17 -9 17 -9 17 -9 19 -9 19 -9 19 -9 20 -9 20 -9 22 -10 23 -9 23]
,,,-80,0,0,0,0,0,0,0,0,0,0,-92,0,6,1723325466758,0,0,0,0,1723325466758,124,[-8 27 -8 27 -7 27 -7 27 -7 27 -7 27 -6 26 -5 26 -6 25 -5 25 -5 25 -5 24 -4 24 -4 24 -4 24 -4 22 -4 22 -4 21 -5 20 -4 19 -5 18 -5 17 -5 16 -5 16 -6 15 0 0 0 0 0 0 0 0 0 0 0 0 0 0 0 0 0 0 0 0 0 0 2 5 2 6 1 6 0 8 0 9 0 13 10 -1 11 -2 12 -3 14 -4 15 -5 16 -5 17 -7 17 -7 18 -7 18 -8 19 -7 20 -8 20 -8 21 -8 22 -8 23 -8 23 -8 24 -9 25 -9 26 -8]
,,,-80,0,0,0,0,0,0,0,0,0,0,-92,0,6,1723325466774,0,0,0,0,1723325466774,124,[24 6 26 6 24 5 25 5 25 5 24 4 24 4 23 4 22 3 23 3 23 2 22 2 23 2 21 2 22 2 20 2 20 2 19 2 18 3 18 3 17 3 15 3 15 3 15 3 14 4 0 0 0 0 0 0 0 0 0 0 0 0 0 0 0 0 0 0 0 0 0 0 4 -2 5 -2 6 -2 7 -2 8 -1 9 0 13 10 0 11 1 12 2 13 2 14 3 15 4 16 4 16 5 17 5 17 6 18 6 17 6 20 6 20 6 21 6 21 6 22 6 23 5 24 5 25]
,,,-80,0,0,0,0,0,0,0,0,0,0,-92,0,6,1723325466793,0,0,0,0,1723325466793,124,[3 25 3 26 4 25 4 24 4 24 4 24 4 24 5 23 5 24 5 23 5 22 5 21 5 21 6 21 6 21 5 20 5 20 4 19 4 18 4 18 3 16 2 16 2 16 1 15 1 15 0 0 0 0 0 0 0 0 0 0 0 0 0 0 0 0 0 0 0 0 0 0 3 4 3 4 3 5 3 6 3 7 3 9 3 13 10 3 12 3 12 3 13 2 15 1 16 1 16 1 17 1 17 0 19 0 19 0 20 1 20 2 21 2 21 2 22 2 23 2 24 2 25 3]
,,,-80,0,0,0,0,0,0,0,0,0,0,-92,0,6,1723325466840,0,0,0,0,1723325466840,124,[5 25 5 25 5 25 6 24 5 25 5 24 5 24 5 23 6 23 6 23 7 22 6 21 7 21 7 20 7 20 6 20 6 20 5 19 4 18 4 17 3 16 3 16 3 16 2 15 1 15 0 0 0 0 0 0 0 0 0 0 0 0 0 0 0 0 0 0 0 0 0 0 3 3 4 4 4 4 4 6 4 6 4 8 4 13 10 3 11 4 12 4 13 3 15 2 16 2 17 2 17 2 17 2 18 2 19 2 19 3 20 3 21 3 21 4 22 3 23 4 23 4 24 4]
,,,-80,0,0,0,0,0,0,0,0,0,0,-92,0,6,1723325466851,0,0,0,0,1723325466851,124,[26 0 26 0 25 -1 25 -1 25 -1 25 -1 25 -1 24 -1 24 -2 23 -3 23 -3 22 -4 23 -3 22 -3 21 -3 21 -3 20 -3 19 -2 18 -1 18 -1 17 -1 16 -1 16 -1 15 0 15 1 0 0 0 0 0 0 0 0 0 0 0 0 0 0 0 0 0 0 0 0 0 0 3 -4 4 -4 6 -3 7 -4 8 -3 9 -3 13 10 -2 11 -2 12 -2 14 -2 15 -1 15 -1 17 0 17 0 18 1 18 1 19 1 19 1 20 1 21 1 21 1 23 1 22 0 24 -1 25 -1 25]
,,,-80,0,0,0,0,0,0,0,0,0,0,-92,0,6,1723325466863,0,0,0,0,1723325466863,124,[28 4 28 5 28 5 28 4 28 4 28 4 27 4 26 3 27 3 26 3 26 2 25 1 25 2 24 2 24 2 23 1 22 2 21 2 20 2 20 2 19 3 18 3 17 4 16 4 16 4 0 0 0 0 0 0 0 0 0 0 0 0 0 0 0 0 0 0 0 0 0 0 4 -3 5 -3 6 -3 8 -2 9 -2 13 10 -2 11 -1 13 0 14 1 15 1 17 3 17 3 18 3 19 4 19 5 19 5 20 5 21 5 22 4 23 5 23 5 25 5 25 5 26 5 27 5 28]
,,,-80,0,0,0,0,0,0,0,0,0,0,-92,0,6,1723325466876,0,0,0,0,1723325466876,124,[16 -21 16 -21 15 -20 15 -21 15 -20 15 -21 15 -21 14 -20 13 -21 12 -22 12 -21 11 -20 12 -20 11 -19 11 -20 13 10 -18 13 10 -18 13 10 -17 13 10 -16 13 10 -16 13 10 -14 13 10 -13 9 -14 9 -13 13 10 -12 0 0 0 0 0 0 0 0 0 0 0 0 0 0 0 0 0 0 0 0 0 0 -1 -5 0 -6 1 -7 2 -8 3 -9 4 -10 5 -10 6 -11 7 -11 8 -12 9 -13 13 10 -13 11 -13 11 -13 12 -14 13 -14 13 -14 13 -14 14 -16 15 -16 15 -16 15]
,,,-80,0,0,0,0,0,0,0,0,0,0,-92,0,6,1723325466896,0,0,0,0,1723325466896,124,[-18 -20 -17 -20 -17 -21 -17 -20 -17 -20 -18 -19 -17 -19 -17 -19 -17 -18 -18 -18 -17 -17 -17 -16 -17 -16 -16 -16 -16 -16 -16 -15 -15 -15 -14 -15 -13 -15 -13 -14 -12 -14 -11 -13 -11 -13 -10 -13 -9 -13 0 0 0 0 0 0 0 0 0 0 0 0 0 0 0 0 0 0 0 0 0 0 -6 -2 -6 -3 -7 -3 -7 -4 -8 -5 -9 -6 -9 -7 -9 -8 -10 -10 -11 -11 -11 -12 -11 -13 -11 -14 -11 -15 -11 -15 -12 -16 -12 -17 -12 -17 -13 -17 -13 -17 -14 -18 -15 -18 -15 -19 -16 -19 -17 -19 -16 -21]
,,,-80,0,0,0,0,0,0,0,0,0,0,-92,0,6,1723325466914,0,0,0,0,1723325466914,124,[-27 -2 -27 -2 -26 -2 -26 -2 -26 -1 -26 -1 -26 -1 -25 -1 -25 -1 -25 0 -24 1 -23 1 -23 1 -23 1 -22 1 -22 1 -21 1 -21 1 -19 0 -19 0 -18 -1 -17 0 -17 -1 -16 -1 -16 -2 0 0 0 0 0 0 0 0 0 0 0 0 0 0 0 0 0 0 0 0 0 0 -5 2 -6 2 -7 2 -8 2 -9 1 -10 1 -11 0 -12 0 -13 -1 -15 -1 -16 -2 -17 -3 -17 -3 -18 -4 -19 -4 -19 -5 -19 -4 -20 -4 -21 -4 -22 -4 -22 -4 -23 -3 -24 -4 -25 -3 -26 -3 -26 -3]
,,,-80,0,0,0,0,0,0,0,0,0,0,-92,0,6,1723325466934,0,0,0,0,1723325466934,124,[-18 19 -18 19 -17 20 -17 20 -17 19 -17 19 -16 19 -16 19 -15 19 -14 19 -13 19 -13 18 -13 18 -13 18 -12 18 -13 18 -12 17 -12 16 -12 15 -12 14 -11 13 -11 13 -10 12 -10 12 -11 13 10 0 0 0 0 0 0 0 0 0 0 0 0 0 0 0 0 0 0 0 0 0 0 -1 5 -2 5 -3 6 -3 7 -4 7 -5 8 -6 9 -7 9 -8 13 10 -10 11 -10 12 -11 12 -13 12 -13 12 -14 12 -15 12 -15 13 -15 14 -15 14 -16 15 -16 15 -17 16 -17 17 -17 18 -17 19]
,,,-80,0,0,0,0,0,0,0,0,0,0,-92,0,6,1723325466954,0,0,0,0,1723325466954,124,[13 -22 13 -22 13 -23 13 -22 13 -22 13 -23 13 -22 11 -22 12 -22 13 10 -22 13 10 -21 13 10 -21 9 -21 9 -21 9 -20 9 -19 9 -19 9 -19 8 -17 8 -17 8 -16 8 -14 9 -14 8 -13 9 -13 0 0 0 0 0 0 0 0 0 0 0 0 0 0 0 0 0 0 0 0 0 0 -1 -6 0 -7 1 -7 1 -8 2 -9 3 -10 3 -10 4 -11 5 -12 7 -13 8 -14 9 -14 13 10 -14 13 10 -15 11 -14 11 -15 11 -16 11 -16 12 -18 12 -18 13 -18 13 -19 13 -20 14]
,,,-80,0,0,0,0,0,0,0,0,0,0,-92,0,6,1723325466974,0,0,0,0,1723325466974,124,[13 10 -24 13 10 -24 9 -24 9 -24 13 10 -24 13 10 -24 9 -23 9 -24 8 -24 6 -23 6 -23 6 -22 6 -23 6 -22 6 -22 6 -20 6 -20 6 -19 6 -18 6 -18 6 -16 6 -16 6 -15 6 -15 7 -14 0 0 0 0 0 0 0 0 0 0 0 0 0 0 0 0 0 0 0 0 0 0 -2 -6 -1 -7 -1 -7 -1 -8 0 -9 1 -10 2 -11 3 -12 4 -13 4 -14 5 -15 6 -15 7 -16 7 -16 8 -17 9 -17 9 -18 9 -18 9 -19 13 10 -19 13 10 -20 13 10 -21 13]
,,,-80,0,0,0,0,0,0,0,0,0,0,-92,0,6,1723325466997,0,0,0,0,1723325466997,124,[-11 26 -12 27 -10 26 -11 26 -11 26 -10 26 -10 26 -9 25 -8 25 -8 25 -8 25 -7 24 -7 24 -7 23 -7 23 -7 22 -7 21 -7 21 -7 20 -7 19 -7 17 -7 17 -7 16 -7 16 -8 15 0 0 0 0 0 0 0 0 0 0 0 0 0 0 0 0 0 0 0 0 0 0 2 5 1 6 0 7 0 8 -1 9 -1 11 -2 12 -3 13 -4 14 -5 15 -6 16 -7 17 -8 17 -9 18 -9 18 -10 19 -10 19 -10 20 -10 21 -11 21 -11 22 -11 22 -11 24 -11 25 -11 26 -11 26]
,,,-80,0,0,0,0,0,0,0,0,0,0,-92,0,6,1723325467014,0,0,0,0,1723325467014,124,[20 -20 20 -21 20 -20 20 -21 19 -21 19 -21 19 -21 18 -20 18 -21 17 -21 16 -20 15 -20 15 -20 15 -20 14 -19 15 -19 14 -18 13 -18 13 -16 13 -16 12 -15 12 -14 12 -13 12 -12 13 -12 0 0 0 0 0 0 0 0 0 0 0 0 0 0 0 0 0 0 0 0 0 0 0 -6 1 -7 2 -7 3 -8 4 -9 5 -9 6 -10 7 -11 9 -11 13 10 -12 12 -12 13 -13 15 -13 15 -13 16 -13 16 -14 16 -14 17 -14 17 -15 18 -16 18 -17 19 -18 19 -17 20 -18 20 -20 20]
,,,-80,0,0,0,0,0,0,0,0,0,0,-92,0,6,1723325467034,0,0,0,0,1723325467034,124,[-4 -25 -4 -27 -4 -26 -4 -27 -5 -26 -5 -25 -5 -25 -5 -25 -5 -24 -5 -24 -6 -23 -6 -22 -6 -22 -6 -22 -6 -22 -5 -21 -5 -21 -5 -20 -4 -19 -4 -19 -3 -17 -3 -17 -3 -17 -2 -16 -1 -16 0 0 0 0 0 0 0 0 0 0 0 0 0 0 0 0 0 0 0 0 0 0 -4 -5 -4 -5 -4 -6 -4 -7 -4 -8 -4 -10 -4 -11 -3 -12 -3 -13 -3 -14 -3 -16 -1 -17 -2 -17 -1 -18 -1 -19 -1 -19 -1 -20 -1 -20 -1 -21 -2 -22 -2 -23 -2 -23 -2 -23 -2 -25 -3 -25 -3 -26]
,,,-80,0,0,0,0,0,0,0,0,0,0,-92,0,6,1723325467054,0,0,0,0,1723325467054,124,[-9 -25 -9 -26 -8 -25 -9 -26 -9 -25 -9 -24 -8 -24 -9 -23 -9 -23 -10 -23 -10 -22 -10 -22 -11 -21 -9 -20 -10 -21 -9 -19 -9 -20 -9 -19 -7 -19 -7 -18 -6 -17 -6 -16 -6 -16 -4 -15 -4 -16 0 0 0 0 0 0 0 0 0 0 0 0 0 0 0 0 0 0 0 0 0 0 -5 -4 -5 -5 -5 -5 -6 -6 -5 -7 -6 -9 -6 -10 -6 -12 -6 -13 -6 -14 -5 -16 -4 -16 -4 -17 -5 -17 -4 -19 -5 -18 -5 -20 -5 -20 -5 -21 -6 -21 -6 -22 -6 -22 -6 -23 -7 -23 -8 -25 -8 -26]
,,,-80,0,0,0,0,0,0,0,0,0,0,-92,0,6,1723325467074,0,0,0,0,1723325467074,124,[25 3 26 3 25 3 26 3 25 3 25 2 24 3 23 2 23 2 23 1 23 1 22 0 23 0 21 0 22 1 21 1 20 1 19 2 18 2 18 2 17 2 16 3 16 2 15 3 14 4 0 0 0 0 0 0 0 0 0 0 0 0 0 0 0 0 0 0 0 0 0 0 4 -3 5 -3 6 -3 7 -3 8 -3 9 -2 13 10 -1 11 -1 13 0 13 0 15 1 16 2 16 2 17 2 18 3 18 3 19 3 19 3 20 3 21 3 21 4 22 3 22 4 24 3 25 3 25]
,,,-80,0,0,0,0,0,0,0,0,0,0,-92,0,6,1723325467094,0,0,0,0,1723325467094,124,[21 -15 21 -15 21 -15 21 -15 20 -15 21 -16 20 -15 19 -15 19 -16 18 -16 18 -15 17 -15 16 -15 16 -15 16 -16 15 -15 15 -14 14 -14 14 -13 14 -12 13 -12 13 -11 13 -10 12 -9 13 -9 0 0 0 0 0 0 0 0 0 0 0 0 0 0 0 0 0 0 0 0 0 0 1 -5 2 -6 3 -6 4 -6 5 -7 6 -7 7 -7 9 -8 13 10 -8 12 -9 12 -9 14 -8 15 -8 15 -9 16 -9 16 -9 16 -9 17 -9 18 -10 18 -11 19 -11 19 -12 20 -12 21 -13 21 -14 22]
,,,-80,0,0,0,0,0,0,0,0,0,0,-92,0,6,1723325467145,0,0,0,0,1723325467145,124,[23 -1 23 -1 22 -1 23 -2 23 -2 22 -2 22 -2 21 -3 21 -3 21 -3 20 -3 20 -3 20 -4 19 -4 19 -4 19 -4 18 -3 17 -3 16 -3 16 -2 15 -2 15 -1 14 -1 14 -1 13 0 0 0 0 0 0 0 0 0 0 0 0 0 0 0 0 0 0 0 0 0 0 0 3 -3 4 -3 5 -3 6 -3 7 -3 8 -3 9 -3 13 10 -2 11 -2 12 -2 14 -1 14 0 15 0 16 1 16 0 16 1 17 1 18 1 18 0 19 0 19 0 20 0 20 0 22 0 22 0 23]
,,,-80,0,0,0,0,0,0,0,0,0,0,-92,0,6,1723325467150,0,0,0,0,1723325467150,124,[-9 -25 -9 -25 -8 -25 -9 -25 -9 -25 -10 -24 -9 -24 -9 -23 -10 -23 -10 -23 -10 -22 -10 -21 -10 -21 -10 -20 -10 -21 -10 -20 -9 -19 -9 -19 -8 -18 -8 -18 -7 -16 -7 -16 -6 -16 -5 -16 -4 -15 0 0 0 0 0 0 0 0 0 0 0 0 0 0 0 0 0 0 0 0 0 0 -5 -4 -5 -5 -5 -6 -5 -6 -5 -7 -5 -9 -6 -10 -5 -12 -5 -13 -5 -14 -5 -16 -4 -17 -4 -17 -4 -17 -4 -18 -5 -19 -4 -20 -4 -20 -5 -21 -6 -21 -6 -22 -6 -22 -6 -24 -7 -24 -7 -24 -7 -26]
,,,-80,0,0,0,0,0,0,0,0,0,0,-92,0,6,1723325467161,0,0,0,0,1723325467161,124,[24 -8 25 -8 23 -8 25 -8 24 -9 23 -9 24 -9 22 -9 22 -9 22 -9 21 -9 20 -9 21 -9 19 -9 20 -9 19 -9 19 -8 18 -8 17 -7 17 -7 16 -6 15 -6 15 -5 15 -4 15 -4 0 0 0 0 0 0 0 0 0 0 0 0 0 0 0 0 0 0 0 0 0 0 2 -4 3 -5 5 -5 6 -5 6 -5 8 -5 9 -5 13 10 -5 12 -5 13 -5 15 -5 15 -4 17 -4 17 -4 18 -4 18 -4 19 -4 18 -4 20 -5 21 -6 21 -6 22 -6 22 -6 24 -7 24 -6 25]
,,,-80,0,0,0,0,0,0,0,0,0,0,-92,0,6,1723325467176,0,0,0,0,1723325467176,124,[-26 -21 -26 -21 -26 -22 -26 -20 -26 -20 -27 -19 -26 -19 -25 -18 -26 -18 -25 -18 -26 -17 -24 -15 -25 -16 -24 -15 -23 -15 -23 -14 -22 -14 -21 -14 -21 -14 -19 -14 -18 -14 -18 -13 -17 -14 -16 -13 -14 -14 0 0 0 0 0 0 0 0 0 0 0 0 0 0 0 0 0 0 0 0 0 0 -7 -1 -7 -2 -9 -3 -10 -4 -11 -4 -11 -6 -12 -7 -13 -9 -13 -10 -15 -12 -15 -14 -15 -15 -16 -15 -16 -16 -16 -16 -17 -18 -17 -18 -18 -19 -19 -19 -21 -19 -21 -20 -22 -20 -22 -21 -24 -21 -24 -21 -24 -22]
,,,-80,0,0,0,0,0,0,0,0,0,0,-92,0,6,1723325467194,0,0,0,0,1723325467194,124,[12 22 12 22 12 23 12 22 12 22 12 21 12 21 12 20 12 20 12 20 12 19 12 18 12 18 13 18 12 17 12 18 11 17 11 16 13 10 16 9 15 9 14 8 14 7 14 6 14 6 13 0 0 0 0 0 0 0 0 0 0 0 0 0 0 0 0 0 0 0 0 0 0 4 2 5 3 5 3 5 5 6 6 6 7 6 9 6 9 7 11 7 12 6 14 6 15 6 16 6 16 6 16 7 18 6 17 7 18 8 18 8 19 8 20 13 10 20 9 21 13 10 22 13]
,,,-80,0,0,0,0,0,0,0,0,0,0,-92,0,6,1723325467214,0,0,0,0,1723325467214,124,[-4 25 -3 26 -3 25 -3 25 -3 25 -3 25 -3 25 -2 24 -1 24 0 24 0 23 0 22 0 22 0 22 0 22 0 21 0 21 -1 20 -1 19 -2 18 -2 17 -1 16 -1 16 -2 15 -3 15 0 0 0 0 0 0 0 0 0 0 0 0 0 0 0 0 0 0 0 0 0 0 2 4 2 5 2 6 1 7 1 8 1 9 0 11 0 12 -1 13 -1 14 -1 16 -3 16 -3 17 -3 17 -4 17 -4 18 -4 19 -4 20 -4 20 -4 21 -5 21 -4 22 -4 22 -3 24 -3 24 -3 26]
,,,-80,0,0,0,0,0,0,0,0,0,0,-92,0,6,1723325467237,0,0,0,0,1723325467237,124,[14 -28 14 -30 14 -29 14 -30 12 -29 12 -29 12 -30 13 -29 11 -29 13 10 -29 9 -28 8 -27 9 -28 8 -26 8 -28 7 -25 8 -25 9 -24 8 -24 8 -23 8 -20 7 -19 8 -19 8 -19 9 -18 0 0 0 0 0 0 0 0 0 0 0 0 0 0 0 0 0 0 0 0 0 0 -2 -7 -1 -8 0 -9 0 -10 2 -11 3 -13 3 -13 4 -15 7 -16 6 -17 8 -19 11 -19 13 10 -19 11 -19 13 -21 14 -20 13 -22 12 -23 12 -21 12 -25 14 -25 15 -24 11 -26 15 -28 15 -28]
,,,-80,0,0,0,0,0,0,0,0,0,0,-92,0,6,1723325467269,0,0,0,0,1723325467269,124,[3 -28 3 -29 3 -29 3 -28 2 -28 2 -28 2 -28 1 -27 1 -27 0 -27 0 -26 -1 -26 0 -25 -1 -25 -1 -24 -1 -24 0 -23 0 -22 0 -22 0 -21 1 -20 1 -19 1 -18 1 -18 3 -17 0 0 0 0 0 0 0 0 0 0 0 0 0 0 0 0 0 0 0 0 0 0 -4 -6 -3 -7 -2 -8 -2 -9 -2 -10 -2 -11 -1 -12 -1 -14 0 -15 1 -16 1 -18 3 -18 3 -19 4 -19 4 -19 4 -21 4 -21 4 -22 4 -23 4 -23 4 -24 4 -25 4 -26 4 -27 4 -28 3 -28]
,,,-80,0,0,0,0,0,0,0,0,0,0,-92,0,6,1723325467318,0,0,0,0,1723325467318,124,[2 -28 2 -28 1 -29 1 -28 1 -28 1 -28 0 -28 0 -27 -1 -27 -1 -27 -1 -26 -2 -25 -3 -25 -2 -25 -2 -24 -2 -24 -2 -23 -2 -23 -1 -21 -1 -21 0 -19 0 -19 0 -18 1 -18 1 -17 0 0 0 0 0 0 0 0 0 0 0 0 0 0 0 0 0 0 0 0 0 0 -4 -6 -3 -7 -3 -7 -3 -8 -2 -10 -2 -11 -2 -12 -1 -14 0 -15 1 -17 1 -17 3 -18 3 -19 3 -19 4 -19 4 -21 4 -21 4 -23 4 -23 3 -23 3 -24 3 -25 3 -26 3 -27 3 -27 3 -28]
,,,-80,0,0,0,0,0,0,0,0,0,0,-92,0,6,1723325467334,0,0,0,0,1723325467334,124,[18 -17 19 -18 18 -17 19 -18 18 -18 18 -18 17 -18 16 -18 16 -18 16 -18 15 -18 14 -18 14 -18 13 -17 14 -18 13 -16 13 -16 12 -15 12 -14 12 -14 12 -13 11 -12 11 -11 11 -11 12 -10 0 0 0 0 0 0 0 0 0 0 0 0 0 0 0 0 0 0 0 0 0 0 0 -5 2 -6 2 -6 3 -7 4 -8 5 -8 6 -9 7 -10 9 -9 9 -10 11 -11 13 -11 13 -11 14 -11 15 -11 15 -11 16 -12 15 -12 17 -13 17 -13 17 -14 17 -14 17 -15 19 -16 19 -17 19 -17]
,,,-80,0,0,0,0,0,0,0,0,0,0,-92,0,6,1723325467355,0,0,0,0,1723325467355,124,[-14 -29 -14 -30 -14 -29 -15 -30 -15 -29 -16 -29 -15 -28 -15 -27 -14 -27 -14 -27 -15 -26 -14 -25 -16 -24 -15 -24 -15 -24 -14 -23 -14 -23 -13 -22 -12 -21 -12 -21 -11 -20 -10 -19 -9 -20 -8 -19 -6 -19 0 0 0 0 0 0 0 0 0 0 0 0 0 0 0 0 0 0 0 0 0 0 -6 -4 -6 -6 -7 -6 -7 -7 -8 -8 -8 -11 -8 -12 -8 -13 -9 -14 -9 -16 -8 -19 -8 -20 -8 -21 -7 -21 -8 -22 -8 -23 -8 -23 -8 -24 -9 -25 -11 -26 -11 -26 -12 -27 -11 -28 -11 -29 -12 -29 -13 -31]
,,,-80,0,0,0,0,0,0,0,0,0,0,-92,0,6,1723325467374,0,0,0,0,1723325467374,124,[-24 11 -24 13 10 -24 11 -24 11 -23 11 -23 12 -23 11 -22 11 -21 12 -21 12 -20 12 -20 11 -19 12 -19 12 -19 12 -19 11 -18 13 10 -18 13 10 -17 9 -17 9 -16 7 -15 7 -15 7 -14 6 -15 5 0 0 0 0 0 0 0 0 0 0 0 0 0 0 0 0 0 0 0 0 0 0 -3 4 -4 5 -5 4 -6 5 -7 5 -8 6 -9 6 -10 6 -11 6 -13 6 -15 6 -15 6 -16 6 -17 6 -18 6 -19 6 -19 6 -19 7 -20 7 -21 8 -21 8 -21 8 -22 9 -23 13 10]
,,,-80,0,0,0,0,0,0,0,0,0,0,-92,0,6,1723325467400,0,0,0,0,1723325467400,124,[-29 4 -30 4 -28 4 -29 5 -28 5 -28 5 -28 5 -27 5 -26 6 -26 6 -26 6 -25 6 -25 7 -23 7 -24 7 -23 6 -23 6 -22 5 -21 4 -21 5 -20 3 -18 3 -18 3 -17 2 -17 1 0 0 0 0 0 0 0 0 0 0 0 0 0 0 0 0 0 0 0 0 0 0 -4 3 -6 3 -7 4 -8 4 -9 4 -11 4 -12 3 -13 3 -14 3 -16 3 -18 2 -18 2 -20 1 -20 1 -22 1 -21 0 -23 1 -22 0 -24 1 -24 1 -25 2 -26 2 -26 2 -28 3 -28 3 -29 3]
,,,-80,0,0,0,0,0,0,0,0,0,0,-92,0,6,1723325467420,0,0,0,0,1723325467420,124,[-25 9 -25 9 -24 13 10 -24 13 10 -24 13 10 -24 13 10 -23 13 10 -22 13 10 -22 13 10 -22 13 10 -21 13 10 -21 13 10 -21 11 -19 11 -19 11 -19 13 10 -19 13 10 -18 9 -17 8 -17 8 -16 7 -15 6 -16 6 -15 5 -15 4 0 0 0 0 0 0 0 0 0 0 0 0 0 0 0 0 0 0 0 0 0 0 -3 4 -4 4 -6 4 -7 5 -8 5 -8 5 -9 5 -11 5 -12 5 -14 5 -15 5 -16 4 -17 4 -17 4 -18 4 -19 5 -20 5 -19 5 -21 5 -21 6]
,,,-80,0,0,0,0,0,0,0,0,0,0,-92,0,6,1723325467435,0,0,0,0,1723325467435,124,[25 3 26 3 24 2 25 2 25 1 25 1 25 1 24 1 23 0 23 0 23 0 22 -1 23 -1 21 -1 22 -2 21 -2 21 -1 20 -1 18 -1 18 0 17 0 16 1 16 1 15 1 15 2 0 0 0 0 0 0 0 0 0 0 0 0 0 0 0 0 0 0 0 0 0 0 4 -3 5 -2 6 -2 7 -2 8 -2 9 -1 13 10 -1 11 0 13 1 14 1 15 2 15 3 16 3 17 4 18 4 17 4 19 4 19 5 20 4 21 3 21 3 23 3 22 4 24 4 25 4 25]
,,,-80,0,0,0,0,0,0,0,0,0,0,-92,0,6,1723325467454,0,0,0,0,1723325467454,124,[14 21 13 21 13 21 13 21 13 21 14 21 14 20 13 20 14 19 14 19 14 18 14 17 14 17 13 17 14 17 13 17 12 16 12 16 11 15 13 10 15 9 14 9 14 8 13 7 13 6 13 0 0 0 0 0 0 0 0 0 0 0 0 0 0 0 0 0 0 0 0 0 0 4 2 5 3 6 3 6 4 6 5 7 6 7 8 7 9 7 13 10 8 11 8 13 8 14 8 14 8 15 8 15 8 16 8 17 8 17 9 18 9 18 13 10 19 11 19 11 20 12 21 13]
,,,-80,0,0,0,0,0,0,0,0,0,0,-92,0,6,1723325467474,0,0,0,0,1723325467474,124,[36 -9 37 -10 35 -10 36 -10 36 -10 35 -10 35 -10 33 -10 32 -11 32 -12 32 -12 30 -12 30 -12 29 -12 30 -11 29 -11 28 -10 27 -10 26 -8 26 -8 24 -6 23 -6 23 -6 22 -5 22 -4 0 0 0 0 0 0 0 0 0 0 0 0 0 0 0 0 0 0 0 0 0 0 4 -7 6 -7 8 -7 9 -7 13 10 -7 12 -8 14 -7 15 -7 17 -6 20 -7 22 -6 23 -5 25 -5 25 -5 27 -4 27 -5 28 -5 28 -5 30 -5 31 -6 32 -6 33 -6 33 -6 35 -8 35 -8 37]
,,,-80,0,0,0,0,0,0,0,0,0,0,-92,0,6,1723325467494,0,0,0,0,1723325467494,124,[-23 -14 -23 -14 -23 -14 -23 -13 -23 -12 -23 -12 -23 -12 -22 -11 -22 -12 -22 -11 -22 -10 -21 -9 -22 -9 -21 -8 -21 -9 -20 -9 -20 -8 -19 -8 -18 -8 -18 -8 -16 -8 -16 -8 -15 -8 -14 -9 -13 -9 0 0 0 0 0 0 0 0 0 0 0 0 0 0 0 0 0 0 0 0 0 0 -6 0 -6 -1 -7 -2 -8 -2 -9 -3 -9 -4 -10 -5 -11 -6 -12 -7 -13 -8 -13 -10 -14 -11 -14 -11 -14 -11 -14 -12 -16 -13 -16 -13 -16 -13 -17 -13 -18 -13 -19 -13 -19 -13 -20 -14 -20 -15 -21 -15 -22 -15]
,,,-80,0,0,0,0,0,0,0,0,0,0,-92,0,6,1723325467514,0,0,0,0,1723325467514,124,[-31 13 -31 12 -30 13 -30 13 -30 12 -30 13 -29 12 -28 12 -28 13 -26 14 -27 14 -25 14 -25 14 -25 14 -24 13 -24 13 -23 12 -23 11 -22 13 10 -22 13 10 -21 8 -20 8 -19 8 -18 8 -18 6 0 0 0 0 0 0 0 0 0 0 0 0 0 0 0 0 0 0 0 0 0 0 -3 5 -5 5 -6 6 -7 6 -9 7 -10 7 -11 7 -13 7 -15 7 -17 8 -18 8 -19 8 -21 7 -21 8 -22 7 -23 7 -24 7 -24 7 -26 7 -26 8 -27 9 -28 9 -28 13 10 -29 12 -30]
,,,-80,0,0,0,0,0,0,0,0,0,0,-92,0,6,1723325467540,0,0,0,0,1723325467540,124,[-10 -24 -10 -24 -10 -25 -11 -24 -10 -24 -11 -24 -11 -23 -11 -22 -11 -23 -12 -22 -12 -21 -11 -20 -11 -20 -12 -20 -11 -20 -11 -19 -11 -19 -10 -18 -9 -18 -9 -18 -8 -16 -7 -16 -7 -15 -6 -15 -5 -15 0 0 0 0 0 0 0 0 0 0 0 0 0 0 0 0 0 0 0 0 0 0 -5 -3 -5 -4 -5 -5 -6 -6 -6 -7 -6 -8 -7 -10 -6 -11 -7 -12 -7 -14 -6 -15 -6 -16 -6 -16 -6 -17 -6 -18 -6 -19 -6 -19 -6 -20 -7 -20 -7 -21 -8 -22 -7 -22 -9 -23 -9 -23 -9 -24 -9 -25]
,,,-80,0,0,0,0,0,0,0,0,0,0,-92,0,6,1723325467561,0,0,0,0,1723325467561,124,[5 24 5 25 6 25 6 24 5 24 6 24 6 23 6 23 6 22 7 22 7 22 7 21 7 21 7 20 7 21 6 20 6 19 6 19 5 18 4 17 4 16 4 16 3 15 2 15 1 15 0 0 0 0 0 0 0 0 0 0 0 0 0 0 0 0 0 0 0 0 0 0 3 3 4 4 4 4 4 5 4 7 4 8 4 13 10 4 11 4 12 4 13 3 15 3 16 2 16 2 17 2 17 2 18 2 19 2 19 3 20 3 20 3 21 4 22 3 23 4 23 5 24 4]
,,,-80,0,0,0,0,0,0,0,0,0,0,-92,0,6,1723325467574,0,0,0,0,1723325467574,124,[22 12 22 12 22 12 22 12 22 11 22 11 22 11 21 11 21 11 21 13 10 21 9 20 9 20 8 19 8 20 9 19 8 18 9 17 8 17 8 16 8 15 8 14 8 13 8 13 8 12 9 0 0 0 0 0 0 0 0 0 0 0 0 0 0 0 0 0 0 0 0 0 0 4 -1 6 -1 6 -1 7 0 8 0 9 2 13 10 3 13 10 3 11 4 12 6 13 7 14 8 14 8 14 9 15 13 10 15 13 10 16 13 10 16 11 17 11 18 11 19 11 19 11 19 12]
,,,-80,0,0,0,0,0,0,0,0,0,0,-92,0,6,1723325467594,0,0,0,0,1723325467594,124,[-8 -25 -8 -26 -8 -25 -8 -25 -8 -24 -9 -25 -8 -25 -8 -24 -9 -23 -10 -23 -9 -22 -10 -21 -10 -21 -10 -21 -10 -21 -9 -19 -8 -19 -8 -19 -7 -18 -7 -18 -6 -17 -6 -16 -6 -16 -5 -16 -4 -15 0 0 0 0 0 0 0 0 0 0 0 0 0 0 0 0 0 0 0 0 0 0 -5 -4 -5 -5 -5 -6 -5 -7 -4 -8 -5 -9 -5 -11 -5 -12 -5 -13 -4 -14 -5 -15 -4 -16 -3 -17 -3 -17 -3 -18 -4 -19 -4 -20 -4 -20 -4 -21 -5 -21 -4 -22 -5 -23 -6 -23 -6 -24 -7 -25 -6 -26]
,,,-80,0,0,0,0,0,0,0,0,0,0,-92,0,6,1723325467620,0,0,0,0,1723325467620,124,[23 -10 24 -10 23 -10 23 -11 23 -11 23 -11 22 -11 21 -11 21 -11 21 -11 20 -11 19 -11 20 -12 19 -11 19 -11 19 -10 18 -10 17 -10 17 -9 16 -8 16 -8 15 -7 15 -7 14 -6 14 -5 0 0 0 0 0 0 0 0 0 0 0 0 0 0 0 0 0 0 0 0 0 0 2 -5 3 -5 4 -6 5 -6 6 -6 7 -6 8 -6 13 10 -7 11 -7 13 -7 13 -7 15 -6 16 -6 16 -6 17 -6 17 -6 18 -6 18 -6 19 -8 20 -8 21 -8 21 -8 21 -9 23 -9 23 -9 24]
,,,-80,0,0,0,0,0,0,0,0,0,0,-92,0,6,1723325467649,0,0,0,0,1723325467649,124,[-19 -23 -18 -23 -18 -23 -18 -22 -18 -22 -18 -22 -18 -21 -18 -21 -19 -20 -19 -20 -19 -19 -19 -18 -19 -18 -18 -18 -17 -17 -17 -17 -16 -16 -15 -17 -14 -16 -14 -16 -13 -15 -12 -15 -12 -14 -11 -14 -10 -14 0 0 0 0 0 0 0 0 0 0 0 0 0 0 0 0 0 0 0 0 0 0 -6 -2 -7 -3 -7 -4 -8 -4 -8 -6 -9 -7 -9 -8 -10 -9 -10 -11 -11 -12 -11 -14 -11 -15 -12 -16 -12 -16 -12 -17 -12 -19 -12 -18 -13 -19 -13 -19 -14 -20 -15 -20 -15 -21 -16 -22 -17 -21 -18 -22 -17 -23]
,,,-80,0,0,0,0,0,0,0,0,0,0,-92,0,6,1723325467672,0,0,0,0,1723325467672,124,[-8 -25 -8 -25 -8 -26 -8 -25 -8 -24 -9 -24 -9 -24 -9 -23 -9 -23 -9 -23 -9 -23 -9 -21 -10 -21 -10 -21 -10 -21 -9 -20 -8 -20 -9 -19 -8 -18 -8 -18 -7 -17 -6 -16 -6 -16 -5 -16 -4 -16 0 0 0 0 0 0 0 0 0 0 0 0 0 0 0 0 0 0 0 0 0 0 -4 -4 -4 -5 -5 -6 -5 -7 -4 -8 -5 -9 -5 -10 -5 -12 -5 -12 -4 -14 -4 -16 -3 -17 -3 -17 -3 -18 -3 -18 -3 -19 -3 -20 -4 -20 -4 -21 -5 -21 -5 -22 -5 -22 -5 -23 -6 -25 -6 -24 -6 -26]
,,,-80,0,0,0,0,0,0,0,0,0,0,-92,0,6,1723325467684,0,0,0,0,1723325467684,124,[25 -3 25 -3 25 -3 25 -3 25 -3 25 -4 25 -4 23 -4 23 -4 23 -4 22 -5 22 -4 21 -5 21 -5 21 -5 21 -4 20 -4 19 -3 18 -3 18 -3 17 -3 16 -2 16 -1 15 -1 14 0 0 0 0 0 0 0 0 0 0 0 0 0 0 0 0 0 0 0 0 0 0 0 3 -4 4 -4 5 -4 6 -4 7 -4 8 -4 13 10 -4 11 -4 12 -3 14 -3 15 -2 16 -1 17 -1 17 -1 18 -1 18 -1 18 -1 19 -1 20 -1 21 -2 21 -2 22 -2 22 -2 24 -2 25 -2 25]
,,,-80,0,0,0,0,0,0,0,0,0,0,-92,0,6,1723325467707,0,0,0,0,1723325467707,124,[-9 25 -9 28 -9 26 -9 28 -8 26 -8 26 -7 26 -7 26 -6 25 -6 25 -5 24 -5 24 -5 24 -5 24 -5 24 -4 22 -5 23 -5 22 -5 20 -5 19 -5 18 -5 17 -5 17 -6 16 -7 15 0 0 0 0 0 0 0 0 0 0 0 0 0 0 0 0 0 0 0 0 0 0 1 5 1 6 0 7 0 8 -1 9 -1 13 10 -2 12 -3 13 -4 14 -5 14 -5 16 -7 16 -7 17 -8 17 -9 18 -9 18 -9 20 -9 19 -9 21 -9 22 -9 22 -9 23 -9 24 -9 25 -9 25 -9]
,,,-80,0,0,0,0,0,0,0,0,0,0,-92,0,6,1723325467718,0,0,0,0,1723325467718,124,[-3 -28 -3 -29 -3 -29 -4 -29 -4 -29 -4 -29 -4 -28 -5 -27 -5 -27 -5 -27 -5 -26 -6 -25 -6 -25 -6 -24 -6 -24 -6 -23 -5 -23 -5 -22 -4 -21 -4 -21 -4 -19 -3 -19 -3 -19 -2 -17 -1 -17 0 0 0 0 0 0 0 0 0 0 0 0 0 0 0 0 0 0 0 0 0 0 -4 -5 -3 -7 -4 -7 -3 -8 -3 -9 -3 -11 -3 -12 -3 -14 -2 -15 -2 -16 -1 -18 0 -19 1 -19 0 -20 1 -20 0 -22 1 -22 0 -23 0 -24 -1 -24 0 -24 -1 -26 0 -26 -1 -27 -1 -28 -2 -30]
,,,-80,0,0,0,0,0,0,0,0,0,0,-92,0,6,1723325467734,0,0,0,0,1723325467734,124,[7 26 8 27 8 27 8 27 8 27 9 26 9 25 8 25 9 25 9 24 9 24 9 23 9 23 9 22 9 22 9 21 8 21 8 20 7 19 6 19 6 18 5 17 5 17 4 16 3 16 0 0 0 0 0 0 0 0 0 0 0 0 0 0 0 0 0 0 0 0 0 0 4 3 5 5 4 5 4 6 5 7 5 9 4 11 5 12 4 13 4 14 4 16 4 17 3 18 3 19 3 19 3 20 4 21 4 21 5 22 5 23 5 23 6 23 5 24 6 26 6 26 7 28]
,,,-80,0,0,0,0,0,0,0,0,0,0,-92,0,6,1723325467753,0,0,0,0,1723325467753,124,[9 -27 13 10 -28 13 10 -27 9 -28 9 -27 9 -27 9 -27 9 -26 7 -26 7 -26 6 -26 6 -24 6 -25 6 -24 7 -25 6 -22 6 -23 7 -22 7 -21 7 -20 6 -19 6 -18 6 -18 7 -16 8 -15 0 0 0 0 0 0 0 0 0 0 0 0 0 0 0 0 0 0 0 0 0 0 -3 -6 -2 -7 -2 -8 -1 -9 -1 -9 1 -11 1 -12 2 -14 3 -14 4 -16 5 -17 6 -18 6 -18 7 -18 8 -19 8 -19 8 -20 9 -20 9 -22 9 -22 9 -23 13 10 -24 9 -24 9 -26 9]
,,,-80,0,0,0,0,0,0,0,0,0,0,-92,0,6,1723325467774,0,0,0,0,1723325467774,124,[20 21 20 20 19 20 20 19 20 20 20 19 20 18 19 18 20 18 19 17 20 16 19 15 19 15 19 15 18 15 18 15 17 14 16 14 15 13 14 13 13 13 13 13 12 12 11 12 11 12 0 0 0 0 0 0 0 0 0 0 0 0 0 0 0 0 0 0 0 0 0 0 5 0 5 1 7 2 7 3 8 4 8 5 9 7 13 10 8 13 10 9 11 13 10 12 11 12 13 13 13 12 14 12 15 13 16 13 16 13 17 15 17 15 18 16 18 16 19 17 19 19 19 19]
,,,-80,0,0,0,0,0,0,0,0,0,0,-92,0,6,1723325467796,0,0,0,0,1723325467796,124,[-26 7 -26 7 -25 7 -26 8 -25 8 -25 8 -24 8 -24 8 -23 8 -22 8 -22 9 -22 9 -21 9 -20 9 -20 9 -20 8 -19 8 -19 7 -18 6 -18 6 -17 5 -16 5 -16 5 -15 4 -15 3 0 0 0 0 0 0 0 0 0 0 0 0 0 0 0 0 0 0 0 0 0 0 -4 3 -5 3 -6 3 -7 4 -8 4 -9 4 -10 4 -11 4 -12 4 -14 4 -15 3 -16 3 -17 3 -18 3 -19 3 -19 3 -20 3 -20 3 -21 4 -21 4 -22 4 -23 5 -23 4 -24 6 -25 6 -25 6]
,,,-80,0,0,0,0,0,0,0,0,0,0,-92,0,6,1723325467814,0,0,0,0,1723325467814,124,[9 -25 9 -25 9 -25 8 -25 9 -24 8 -24 8 -24 7 -24 7 -24 7 -24 6 -23 6 -23 5 -22 5 -23 5 -22 6 -21 5 -20 5 -20 5 -19 5 -18 6 -17 6 -16 6 -16 6 -15 6 -14 0 0 0 0 0 0 0 0 0 0 0 0 0 0 0 0 0 0 0 0 0 0 -2 -6 -1 -7 -1 -7 0 -8 0 -9 1 -10 1 -11 2 -12 3 -13 4 -14 5 -15 6 -16 6 -16 7 -16 8 -16 8 -18 8 -18 8 -19 8 -19 8 -20 9 -21 9 -21 9 -22 9 -23 9 -24 13 10]
,,,-80,0,0,0,0,0,0,0,0,0,0,-92,0,6,1723325467840,0,0,0,0,1723325467840,124,[23 -11 24 -11 23 -11 23 -11 23 -10 23 -11 23 -11 21 -11 21 -11 20 -12 20 -12 19 -12 19 -12 18 -12 19 -12 18 -11 18 -11 17 -10 16 -9 16 -9 15 -7 15 -7 14 -7 14 -6 14 -6 0 0 0 0 0 0 0 0 0 0 0 0 0 0 0 0 0 0 0 0 0 0 2 -5 3 -5 4 -5 5 -6 6 -6 7 -7 8 -6 9 -7 11 -6 12 -7 13 -7 14 -7 16 -7 16 -6 17 -6 17 -6 18 -7 18 -7 20 -7 20 -7 21 -7 21 -8 20 -9 22 -10 22 -10 23 -10]
,,,-80,0,0,0,0,0,0,0,0,0,0,-92,0,6,1723325467854,0,0,0,0,1723325467854,124,[-19 -19 -19 -19 -19 -18 -19 -18 -20 -17 -20 -17 -19 -17 -19 -16 -19 -16 -19 -16 -19 -15 -19 -14 -19 -14 -19 -14 -18 -13 -18 -13 -17 -12 -17 -12 -16 -12 -15 -12 -14 -12 -13 -12 -13 -11 -12 -11 -11 -11 0 0 0 0 0 0 0 0 0 0 0 0 0 0 0 0 0 0 0 0 0 0 -6 -2 -6 -3 -7 -3 -7 -4 -8 -5 -9 -6 -9 -7 -10 -8 -10 -9 -11 -10 -11 -12 -11 -13 -11 -13 -12 -14 -12 -14 -13 -16 -12 -16 -13 -16 -14 -16 -14 -17 -15 -17 -16 -17 -16 -18 -17 -18 -18 -18 -18 -19]
,,,-80,0,0,0,0,0,0,0,0,0,0,-92,0,6,1723325467874,0,0,0,0,1723325467874,124,[-12 23 -13 23 -12 22 -12 23 -11 23 -11 22 -11 22 -10 22 -10 21 -10 21 -9 21 -9 21 -9 21 -8 20 -8 20 -8 19 -8 19 -8 18 -8 17 -8 16 -8 15 -8 14 -8 14 -8 13 -9 12 0 0 0 0 0 0 0 0 0 0 0 0 0 0 0 0 0 0 0 0 0 0 1 4 0 6 -1 6 -1 7 -2 8 -3 9 -3 13 10 -4 11 -5 12 -6 12 -8 13 -8 14 -9 14 -10 15 -10 15 -11 15 -11 16 -11 16 -11 18 -11 18 -12 19 -12 19 -12 20 -12 21 -13 22 -13]
,,,-80,0,0,0,0,0,0,0,0,0,0,-92,0,6,1723325467894,0,0,0,0,1723325467894,124,[-25 9 -25 13 10 -24 13 10 -24 13 10 -24 13 10 -24 13 10 -23 13 10 -22 13 10 -22 13 10 -22 13 10 -21 13 10 -20 13 10 -20 11 -20 11 -20 11 -19 13 10 -19 9 -18 9 -17 8 -17 7 -16 7 -16 6 -15 6 -15 5 -15 4 0 0 0 0 0 0 0 0 0 0 0 0 0 0 0 0 0 0 0 0 0 0 -3 4 -4 4 -6 4 -7 5 -7 5 -8 5 -9 5 -11 5 -12 5 -13 5 -15 5 -16 5 -17 5 -18 5 -18 5 -19 4 -19 5 -19 5 -21 6 -21 6]
,,,-80,0,0,0,0,0,0,0,0,0,0,-92,0,6,1723325467914,0,0,0,0,1723325467914,124,[4 25 4 25 4 25 4 24 4 25 5 24 5 24 5 23 5 23 5 23 6 22 5 21 5 21 5 21 5 21 5 20 4 20 4 19 4 18 3 18 2 16 2 16 2 16 1 15 0 15 0 0 0 0 0 0 0 0 0 0 0 0 0 0 0 0 0 0 0 0 0 0 3 3 4 4 3 5 4 6 4 7 4 8 3 13 10 3 11 3 12 3 13 3 15 2 15 2 17 2 17 2 17 1 18 1 19 1 20 2 20 2 21 2 21 2 22 3 22 3 24 4 24 3]
,,,-80,0,0,0,0,0,0,0,0,0,0,-92,0,6,1723325467934,0,0,0,0,1723325467934,124,[21 23 21 24 21 23 22 23 22 23 21 22 21 22 21 22 21 21 21 19 22 19 21 18 21 18 20 18 20 18 19 17 18 17 18 17 16 17 16 17 15 15 14 15 13 15 13 14 11 15 0 0 0 0 0 0 0 0 0 0 0 0 0 0 0 0 0 0 0 0 0 0 6 1 7 2 8 2 8 4 9 5 9 7 13 10 8 11 13 10 11 11 12 12 13 14 13 15 13 16 13 17 13 18 13 19 14 19 13 19 15 20 16 21 17 21 17 22 18 22 20 22 20 23]
,,,-80,0,0,0,0,0,0,0,0,0,0,-92,0,6,1723325467954,0,0,0,0,1723325467954,124,[13 22 13 22 13 22 13 21 13 21 13 21 13 20 13 20 14 20 14 19 13 18 13 17 14 18 14 17 13 17 13 16 12 16 12 15 11 15 13 10 15 9 14 8 14 8 13 7 13 7 13 0 0 0 0 0 0 0 0 0 0 0 0 0 0 0 0 0 0 0 0 0 0 4 2 5 3 5 3 5 4 6 5 6 7 6 8 7 9 7 13 10 7 11 7 13 7 14 7 15 7 15 7 15 8 17 8 17 8 18 9 18 9 19 13 10 19 13 10 20 13 10 21 11]
,,,-80,0,0,0,0,0,0,0,0,0,0,-92,0,6,1723325467977,0,0,0,0,1723325467977,124,[-20 -32 -21 -33 -20 -32 -21 -31 -21 -31 -21 -31 -21 -30 -21 -30 -22 -29 -21 -28 -22 -27 -21 -26 -22 -26 -21 -25 -21 -26 -20 -24 -19 -24 -18 -24 -16 -23 -16 -23 -15 -21 -15 -20 -13 -20 -12 -20 -11 -20 0 0 0 0 0 0 0 0 0 0 0 0 0 0 0 0 0 0 0 0 0 0 -8 -4 -8 -6 -9 -6 -10 -7 -10 -9 -11 -11 -11 -12 -11 -15 -11 -16 -13 -18 -12 -20 -12 -21 -12 -22 -13 -23 -12 -25 -13 -26 -13 -26 -13 -27 -14 -28 -15 -28 -16 -28 -16 -29 -17 -31 -18 -30 -19 -31 -19 -33]
,,,-80,0,0,0,0,0,0,0,0,0,0,-92,0,6,1723325467994,0,0,0,0,1723325467994,124,[-26 -4 -26 -4 -26 -4 -25 -4 -26 -3 -26 -3 -25 -3 -25 -3 -25 -3 -25 -2 -24 -1 -23 -1 -23 0 -23 0 -22 -1 -22 -1 -21 -1 -20 -1 -20 -1 -19 -2 -18 -2 -17 -2 -17 -2 -16 -2 -15 -4 0 0 0 0 0 0 0 0 0 0 0 0 0 0 0 0 0 0 0 0 0 0 -5 2 -6 1 -7 1 -8 1 -9 1 -10 -1 -11 0 -12 -2 -13 -2 -15 -3 -15 -3 -16 -4 -17 -4 -18 -4 -18 -5 -19 -6 -19 -6 -20 -6 -20 -6 -21 -6 -22 -5 -23 -5 -23 -6 -25 -4 -25 -5 -25 -6]
,,,-80,0,0,0,0,0,0,0,0,0,0,-92,0,6,1723325468014,0,0,0,0,1723325468014,124,[-8 -25 -8 -25 -7 -26 -7 -25 -8 -25 -8 -25 -7 -25 -8 -24 -8 -24 -9 -23 -8 -23 -9 -22 -9 -21 -9 -22 -9 -21 -8 -20 -8 -20 -7 -20 -6 -19 -6 -18 -5 -17 -5 -17 -5 -16 -4 -16 -3 -16 0 0 0 0 0 0 0 0 0 0 0 0 0 0 0 0 0 0 0 0 0 0 -5 -4 -5 -5 -5 -6 -5 -7 -5 -8 -5 -9 -6 -11 -5 -12 -5 -13 -5 -14 -4 -16 -4 -17 -3 -17 -4 -18 -3 -18 -4 -19 -4 -20 -4 -20 -4 -21 -5 -21 -4 -22 -5 -23 -5 -23 -6 -24 -6 -25 -6 -25]
,,,-80,0,0,0,0,0,0,0,0,0,0,-92,0,6,1723325468034,0,0,0,0,1723325468034,124,[-5 -26 -5 -26 -5 -25 -5 -25 -5 -25 -6 -25 -6 -25 -6 -24 -6 -24 -7 -23 -7 -23 -7 -22 -7 -22 -7 -22 -7 -21 -7 -21 -6 -20 -5 -20 -5 -19 -4 -19 -4 -18 -4 -17 -4 -17 -3 -16 -2 -16 0 0 0 0 0 0 0 0 0 0 0 0 0 0 0 0 0 0 0 0 0 0 -5 -4 -5 -5 -5 -6 -5 -7 -5 -7 -5 -9 -4 -10 -4 -12 -4 -13 -4 -14 -4 -16 -3 -17 -3 -17 -3 -18 -2 -19 -3 -20 -3 -20 -3 -21 -3 -21 -3 -21 -3 -22 -4 -23 -4 -24 -4 -24 -5 -25 -5 -26]
,,,-80,0,0,0,0,0,0,0,0,0,0,-92,0,6,1723325468058,0,0,0,0,1723325468058,124,[14 -22 14 -22 13 -22 13 -23 13 -22 13 -22 13 -22 11 -22 11 -22 13 10 -23 13 10 -21 9 -21 9 -21 8 -21 8 -21 9 -20 9 -20 8 -19 8 -17 8 -17 8 -16 8 -15 8 -15 8 -14 8 -13 0 0 0 0 0 0 0 0 0 0 0 0 0 0 0 0 0 0 0 0 0 0 -1 -5 0 -6 1 -7 2 -8 2 -9 3 -10 4 -10 5 -11 6 -12 7 -12 8 -13 9 -13 11 -14 11 -14 12 -14 11 -15 12 -15 12 -16 13 -17 13 -17 13 -18 14 -19 14 -19 14 -21 14 -21]
,,,-80,0,0,0,0,0,0,0,0,0,0,-92,0,6,1723325468075,0,0,0,0,1723325468075,124,[22 -5 22 -5 22 -5 22 -6 22 -6 22 -6 21 -6 20 -6 20 -7 20 -7 19 -8 19 -7 19 -8 18 -7 18 -8 18 -7 17 -7 16 -6 16 -6 15 -6 15 -5 14 -4 14 -4 13 -3 13 -3 0 0 0 0 0 0 0 0 0 0 0 0 0 0 0 0 0 0 0 0 0 0 2 -4 3 -4 5 -4 5 -4 6 -4 7 -4 9 -4 13 10 -4 11 -3 12 -4 13 -3 14 -2 15 -2 15 -2 16 -2 16 -2 17 -2 17 -2 18 -3 19 -3 19 -3 20 -4 20 -4 21 -4 22 -4 22]
,,,-80,0,0,0,0,0,0,0,0,0,0,-92,0,6,1723325468094,0,0,0,0,1723325468094,124,[0 25 0 25 1 25 1 25 1 25 2 25 1 24 2 23 2 23 2 24 2 22 3 21 3 22 3 21 3 21 3 21 3 21 3 19 2 18 1 18 1 17 1 16 0 16 0 15 -1 15 0 0 0 0 0 0 0 0 0 0 0 0 0 0 0 0 0 0 0 0 0 0 3 3 3 5 2 5 3 6 2 7 2 9 2 13 10 1 11 1 12 1 14 0 15 -1 16 -1 16 -1 17 -1 18 -2 18 -2 19 -2 20 -1 21 -1 21 -1 21 -1 22 -1 23 0 24 0 24 0]
,,,-80,0,0,0,0,0,0,0,0,0,0,-92,0,6,1723325468130,0,0,0,0,1723325468130,124,[-1 -26 -1 -26 -1 -26 -1 -26 -2 -25 -3 -25 -2 -25 -3 -24 -3 -25 -2 -24 -3 -23 -3 -22 -4 -22 -4 -22 -4 -22 -4 -21 -3 -21 -4 -20 -3 -19 -3 -19 -3 -18 -1 -17 -1 -17 0 -16 1 -16 0 0 0 0 0 0 0 0 0 0 0 0 0 0 0 0 0 0 0 0 0 0 -4 -5 -3 -6 -3 -6 -3 -7 -3 -8 -2 -10 -3 -11 -2 -12 -2 -14 -1 -15 0 -16 1 -17 2 -17 2 -18 1 -18 1 -19 2 -19 2 -21 1 -21 0 -22 1 -22 0 -24 1 -24 1 -24 1 -26 1 -26]
,,,-80,0,0,0,0,0,0,0,0,0,0,-92,0,6,1723325468147,0,0,0,0,1723325468147,124,[22 -12 23 -13 21 -12 22 -13 22 -13 22 -13 21 -13 21 -13 20 -12 19 -13 19 -13 18 -13 19 -13 17 -13 18 -12 17 -12 17 -12 16 -11 16 -10 16 -9 15 -8 14 -8 14 -8 13 -7 14 -6 0 0 0 0 0 0 0 0 0 0 0 0 0 0 0 0 0 0 0 0 0 0 1 -5 2 -5 3 -6 4 -7 5 -7 7 -7 7 -7 8 -7 13 10 -8 11 -8 13 -8 14 -8 15 -8 15 -8 17 -8 16 -8 17 -8 17 -8 19 -10 18 -10 19 -10 20 -11 20 -10 21 -12 21 -12 23]
,,,-80,0,0,0,0,0,0,0,0,0,0,-92,0,6,1723325468154,0,0,0,0,1723325468154,124,[-6 24 -6 25 -6 25 -6 25 -5 25 -5 25 -4 24 -4 24 -4 23 -4 23 -4 23 -4 21 -3 22 -2 22 -2 22 -3 21 -3 20 -3 19 -3 19 -3 18 -4 16 -4 16 -4 15 -5 15 -6 14 0 0 0 0 0 0 0 0 0 0 0 0 0 0 0 0 0 0 0 0 0 0 2 4 2 5 1 6 1 7 1 8 0 9 0 11 -1 11 -1 13 -2 13 -3 15 -4 16 -5 16 -5 16 -5 17 -5 18 -6 18 -6 18 -6 20 -5 21 -5 21 -5 22 -6 22 -6 23 -6 24 -6 25]
,,,-80,0,0,0,0,0,0,0,0,0,0,-92,0,6,1723325468207,0,0,0,0,1723325468207,124,[-1 -26 -1 -26 -1 -26 -1 -26 -1 -25 -2 -25 -1 -25 -2 -24 -2 -24 -3 -24 -3 -23 -3 -23 -4 -22 -4 -22 -3 -22 -3 -21 -3 -21 -3 -20 -2 -19 -2 -19 -1 -17 -1 -17 -1 -16 0 -16 1 -15 0 0 0 0 0 0 0 0 0 0 0 0 0 0 0 0 0 0 0 0 0 0 -4 -5 -4 -6 -3 -6 -3 -7 -3 -8 -3 -10 -3 -11 -2 -12 -2 -13 -1 -14 -1 -16 0 -17 1 -18 0 -18 1 -18 1 -19 1 -20 1 -20 1 -21 1 -21 1 -22 0 -23 0 -24 0 -24 0 -25 0 -26]
,,,-80,0,0,0,0,0,0,0,0,0,0,-92,0,6,1723325468219,0,0,0,0,1723325468219,124,[-23 -7 -23 -7 -22 -7 -22 -7 -22 -7 -22 -6 -22 -6 -21 -6 -21 -6 -21 -5 -21 -5 -20 -5 -20 -4 -20 -4 -19 -4 -19 -3 -18 -4 -18 -4 -17 -4 -17 -5 -15 -5 -15 -5 -14 -5 -14 -5 -13 -6 0 0 0 0 0 0 0 0 0 0 0 0 0 0 0 0 0 0 0 0 0 0 -5 1 -6 0 -6 0 -7 0 -8 0 -9 -2 -10 -1 -11 -2 -12 -3 -13 -4 -13 -5 -14 -6 -15 -6 -15 -6 -15 -7 -16 -7 -16 -7 -17 -7 -18 -7 -18 -7 -19 -7 -19 -7 -20 -8 -21 -8 -21 -8 -22 -8]
,,,-80,0,0,0,0,0,0,0,0,0,0,-92,0,6,1723325468234,0,0,0,0,1723325468234,124,[21 14 21 14 21 14 20 14 21 14 21 13 20 12 20 13 20 12 20 11 20 11 20 13 10 19 13 10 19 13 10 19 9 19 13 10 17 9 17 9 15 9 15 9 14 9 14 9 13 9 12 8 11 9 0 0 0 0 0 0 0 0 0 0 0 0 0 0 0 0 0 0 0 0 0 0 5 -1 5 0 6 0 7 1 8 2 8 3 9 4 13 10 5 11 6 12 7 12 8 13 9 13 13 10 14 13 10 13 11 14 12 14 12 15 13 16 12 16 13 17 13 18 13 18]
,,,-80,0,0,0,0,0,0,0,0,0,0,-92,0,6,1723325468255,0,0,0,0,1723325468255,124,[-24 9 -25 9 -24 9 -24 9 -24 9 -23 13 10 -23 9 -23 13 10 -22 9 -21 13 10 -21 13 10 -21 13 10 -21 13 10 -19 13 10 -20 8 -19 9 -19 9 -16 8 -17 7 -17 8 -17 6 -15 5 -15 5 -14 5 -15 3 0 0 0 0 0 0 0 0 0 0 0 0 0 0 0 0 0 0 0 0 0 0 -3 4 -4 4 -5 4 -6 5 -7 5 -8 5 -9 5 -11 5 -12 6 -13 6 -14 6 -16 5 -16 5 -17 5 -18 5 -18 5 -19 5 -19 5 -20 6 -21 6 -22 6 -22 7 -22]
,,,-80,0,0,0,0,0,0,0,0,0,0,-92,0,6,1723325468274,0,0,0,0,1723325468274,124,[-33 1 -33 0 -32 1 -33 1 -33 2 -32 2 -31 2 -30 2 -31 2 -30 3 -30 3 -28 3 -29 4 -28 4 -27 3 -27 3 -26 3 -25 3 -24 2 -24 2 -22 1 -21 1 -21 0 -20 0 -20 -2 0 0 0 0 0 0 0 0 0 0 0 0 0 0 0 0 0 0 0 0 0 0 -5 3 -7 4 -8 3 -9 3 -11 3 -12 3 -14 2 -15 2 -16 2 -19 1 -20 0 -21 0 -22 -1 -23 -2 -24 -1 -24 -2 -24 -2 -25 -2 -27 -1 -27 -1 -29 -1 -29 0 -30 0 -31 0 -32 0 -32 0]
,,,-80,0,0,0,0,0,0,0,0,0,0,-92,0,6,1723325468294,0,0,0,0,1723325468294,124,[-22 -19 -22 -20 -21 -20 -22 -19 -21 -19 -22 -18 -21 -18 -21 -17 -21 -17 -21 -17 -21 -16 -21 -15 -21 -15 -20 -14 -20 -15 -20 -14 -19 -14 -18 -14 -17 -14 -16 -13 -15 -13 -14 -12 -14 -12 -13 -12 -12 -12 0 0 0 0 0 0 0 0 0 0 0 0 0 0 0 0 0 0 0 0 0 0 -6 -1 -7 -2 -7 -3 -8 -4 -9 -4 -10 -6 -10 -7 -11 -8 -11 -9 -13 -10 -13 -12 -13 -13 -13 -14 -14 -15 -13 -15 -14 -16 -14 -17 -15 -17 -16 -17 -17 -18 -17 -18 -18 -18 -18 -19 -20 -19 -20 -20 -21 -20]
,,,-80,0,0,0,0,0,0,0,0,0,0,-92,0,6,1723325468314,0,0,0,0,1723325468314,124,[37 -2 38 -1 36 -2 37 -2 37 -2 37 -3 36 -3 35 -3 35 -4 34 -4 33 -5 33 -5 33 -5 31 -5 31 -4 30 -4 30 -3 28 -4 27 -3 26 -2 25 -1 24 -1 23 -1 23 0 22 1 0 0 0 0 0 0 0 0 0 0 0 0 0 0 0 0 0 0 0 0 0 0 5 -5 6 -5 9 -5 13 10 -5 12 -5 13 -5 15 -4 17 -4 18 -3 21 -3 22 -2 23 -1 25 -1 26 0 27 1 27 0 28 1 28 1 30 0 31 0 33 0 34 0 33 -1 35 -1 37 -1 37]
,,,-80,0,0,0,0,0,0,0,0,0,0,-92,0,6,1723325468334,0,0,0,0,1723325468334,124,[-24 -12 -24 -12 -24 -12 -23 -12 -24 -11 -24 -11 -23 -11 -23 -11 -23 -10 -22 -9 -22 -9 -22 -9 -22 -8 -21 -8 -21 -8 -21 -8 -20 -8 -19 -8 -18 -8 -17 -8 -16 -8 -16 -8 -15 -8 -14 -8 -13 -9 0 0 0 0 0 0 0 0 0 0 0 0 0 0 0 0 0 0 0 0 0 0 -6 0 -6 -1 -7 0 -8 -1 -9 -2 -10 -3 -11 -3 -12 -4 -13 -5 -14 -6 -15 -7 -15 -8 -16 -9 -16 -9 -16 -9 -17 -11 -17 -11 -17 -11 -19 -11 -19 -10 -20 -11 -21 -11 -21 -12 -22 -12 -23 -12 -23 -13]
,,,-80,0,0,0,0,0,0,0,0,0,0,-92,0,6,1723325468354,0,0,0,0,1723325468354,124,[14 21 13 22 14 21 14 21 14 21 14 20 14 20 13 19 13 19 14 19 14 18 14 17 14 17 13 17 13 17 12 16 12 16 11 16 13 10 15 13 10 15 9 14 8 14 8 14 7 13 6 13 0 0 0 0 0 0 0 0 0 0 0 0 0 0 0 0 0 0 0 0 0 0 4 1 5 2 5 2 5 3 6 4 7 6 7 7 8 8 8 9 8 11 8 12 8 14 8 14 9 15 8 15 8 16 9 17 9 17 13 10 17 11 18 11 19 11 19 11 20 12 20 13]
,,,-80,0,0,0,0,0,0,0,0,0,0,-92,0,6,1723325468375,0,0,0,0,1723325468375,124,[-15 -30 -14 -30 -14 -30 -15 -29 -15 -29 -15 -29 -15 -28 -15 -28 -15 -28 -15 -27 -15 -26 -15 -25 -15 -25 -16 -24 -15 -24 -14 -24 -13 -23 -13 -22 -12 -21 -11 -21 -10 -20 -10 -20 -9 -19 -8 -19 -7 -19 0 0 0 0 0 0 0 0 0 0 0 0 0 0 0 0 0 0 0 0 0 0 -7 -4 -7 -5 -7 -6 -8 -7 -8 -8 -8 -10 -9 -11 -9 -13 -9 -14 -9 -17 -8 -19 -8 -20 -9 -20 -8 -21 -8 -22 -9 -23 -9 -23 -8 -24 -9 -25 -11 -25 -11 -27 -12 -27 -11 -28 -12 -28 -13 -29 -13 -30]
,,,-80,0,0,0,0,0,0,0,0,0,0,-92,0,6,1723325468394,0,0,0,0,1723325468394,124,[28 -2 28 -2 28 -2 28 -3 28 -2 28 -3 27 -3 26 -3 26 -4 26 -4 25 -5 24 -5 24 -5 23 -5 23 -4 23 -4 22 -4 21 -4 20 -3 20 -3 19 -2 18 -2 17 -1 17 -1 16 0 0 0 0 0 0 0 0 0 0 0 0 0 0 0 0 0 0 0 0 0 0 0 3 -4 4 -4 6 -5 7 -5 8 -4 13 10 -4 11 -3 12 -4 14 -3 15 -3 17 -2 17 -1 19 -1 19 0 20 0 20 0 20 0 22 0 23 0 23 0 24 -1 25 -1 26 0 26 -1 27 -2 28]
,,,-80,0,0,0,0,0,0,0,0,0,0,-92,0,6,1723325468414,0,0,0,0,1723325468414,124,[-19 -15 -19 -16 -18 -15 -19 -14 -19 -15 -19 -14 -18 -14 -18 -13 -18 -13 -18 -13 -19 -12 -18 -11 -18 -11 -17 -11 -17 -12 -16 -10 -16 -11 -15 -10 -14 -11 -14 -10 -13 -10 -12 -9 -12 -9 -11 -9 -11 -10 0 0 0 0 0 0 0 0 0 0 0 0 0 0 0 0 0 0 0 0 0 0 -5 -1 -6 -2 -6 -2 -7 -3 -8 -3 -8 -5 -9 -5 -10 -6 -10 -7 -11 -8 -12 -9 -12 -10 -12 -11 -12 -11 -12 -12 -12 -13 -13 -13 -13 -14 -14 -14 -15 -14 -15 -14 -16 -14 -16 -14 -17 -14 -18 -14 -18 -16]
,,,-80,0,0,0,0,0,0,0,0,0,0,-92,0,6,1723325468434,0,0,0,0,1723325468434,124,[-22 14 -22 14 -21 14 -22 14 -21 14 -21 14 -20 14 -20 14 -19 15 -18 15 -18 15 -18 15 -18 15 -17 15 -17 14 -17 13 -16 13 -16 12 -15 11 -15 11 -15 13 10 -14 9 -14 9 -13 8 -14 7 0 0 0 0 0 0 0 0 0 0 0 0 0 0 0 0 0 0 0 0 0 0 -2 4 -3 5 -4 5 -5 6 -6 6 -7 7 -8 7 -9 8 -10 8 -12 8 -13 9 -14 9 -15 9 -16 8 -16 8 -17 9 -18 9 -18 9 -19 13 10 -19 11 -20 11 -20 11 -20 12 -21 13 -22 13]
,,,-80,0,0,0,0,0,0,0,0,0,0,-92,0,6,1723325468454,0,0,0,0,1723325468454,124,[-17 20 -17 20 -17 19 -16 20 -16 20 -16 20 -16 19 -15 19 -14 19 -14 19 -14 19 -13 18 -13 18 -12 18 -12 18 -12 17 -12 17 -12 16 -12 15 -12 15 -11 13 -11 12 -11 12 -11 12 -11 13 10 0 0 0 0 0 0 0 0 0 0 0 0 0 0 0 0 0 0 0 0 0 0 0 5 -1 6 -2 6 -3 7 -4 7 -5 8 -6 9 -7 13 10 -8 11 -9 11 -10 12 -11 12 -12 12 -13 13 -13 13 -14 13 -15 13 -14 14 -15 14 -16 15 -16 16 -16 16 -17 17 -17 18 -17 19]
,,,-80,0,0,0,0,0,0,0,0,0,0,-92,0,6,1723325468477,0,0,0,0,1723325468477,124,[2 25 2 25 3 25 2 25 3 25 3 24 3 24 4 23 4 23 4 23 4 22 4 22 4 22 5 21 4 21 4 20 3 20 3 19 2 18 2 18 1 16 1 16 1 16 0 15 -1 15 0 0 0 0 0 0 0 0 0 0 0 0 0 0 0 0 0 0 0 0 0 0 3 3 3 4 3 5 3 6 3 7 3 8 3 13 10 3 11 3 12 2 13 2 15 1 16 1 17 0 17 0 17 0 19 0 19 0 20 1 20 1 21 1 22 1 22 1 23 2 24 1 24 2]
,,,-80,0,0,0,0,0,0,0,0,0,0,-92,0,6,1723325468496,0,0,0,0,1723325468496,124,[-7 -25 -7 -26 -6 -24 -7 -25 -7 -25 -7 -25 -7 -24 -7 -24 -7 -23 -8 -23 -8 -22 -9 -22 -8 -21 -8 -21 -8 -21 -8 -19 -7 -20 -7 -19 -6 -18 -6 -18 -5 -17 -5 -16 -5 -16 -4 -16 -3 -16 0 0 0 0 0 0 0 0 0 0 0 0 0 0 0 0 0 0 0 0 0 0 -4 -4 -4 -5 -5 -5 -5 -7 -5 -7 -5 -9 -5 -10 -4 -12 -5 -13 -4 -14 -4 -16 -4 -16 -3 -17 -3 -18 -3 -19 -3 -19 -3 -20 -3 -19 -4 -21 -4 -21 -4 -22 -4 -22 -4 -23 -5 -23 -6 -24 -5 -26]
,,,-80,0,0,0,0,0,0,0,0,0,0,-92,0,6,1723325468514,0,0,0,0,1723325468514,124,[-2 -26 -2 -26 -1 -26 -1 -26 -1 -26 -2 -25 -2 -25 -2 -25 -2 -25 -4 -24 -3 -24 -3 -23 -3 -23 -3 -23 -4 -23 -3 -21 -2 -21 -2 -21 -2 -20 -1 -19 -1 -18 -1 -17 -1 -16 0 -16 1 -16 0 0 0 0 0 0 0 0 0 0 0 0 0 0 0 0 0 0 0 0 0 0 -4 -5 -4 -5 -4 -6 -4 -7 -3 -8 -4 -10 -3 -11 -3 -13 -3 -13 -3 -14 -2 -16 -1 -17 -1 -17 0 -18 0 -18 0 -20 1 -20 0 -21 0 -21 0 -22 0 -22 0 -23 0 -24 0 -25 -1 -25 -1 -26]
,,,-80,0,0,0,0,0,0,0,0,0,0,-92,0,6,1723325468534,0,0,0,0,1723325468534,124,[-12 23 -12 23 -11 22 -11 23 -11 23 -11 22 -11 22 -10 22 -10 22 -9 21 -9 21 -8 21 -8 21 -7 20 -8 21 -8 19 -8 19 -8 18 -7 17 -8 17 -8 15 -8 15 -7 14 -8 13 -9 13 0 0 0 0 0 0 0 0 0 0 0 0 0 0 0 0 0 0 0 0 0 0 1 4 0 6 0 6 -1 7 -2 8 -2 9 -3 13 10 -4 11 -5 12 -6 13 -7 14 -8 14 -8 15 -10 15 -10 15 -10 16 -10 17 -10 17 -11 17 -11 18 -11 18 -12 19 -11 20 -12 22 -12 22 -12]
,,,-80,0,0,0,0,0,0,0,0,0,0,-92,0,6,1723325468554,0,0,0,0,1723325468554,124,[-24 13 10 -26 9 -24 9 -24 13 10 -24 13 10 -24 13 10 -24 9 -23 13 10 -22 13 10 -22 11 -21 13 10 -21 13 10 -21 13 10 -19 13 10 -20 13 10 -19 9 -19 9 -19 8 -18 7 -17 7 -17 6 -15 6 -16 5 -15 5 -15 4 0 0 0 0 0 0 0 0 0 0 0 0 0 0 0 0 0 0 0 0 0 0 -3 4 -4 4 -5 4 -6 5 -7 5 -8 6 -9 6 -10 6 -11 6 -13 6 -15 6 -16 6 -17 6 -17 6 -18 6 -18 5 -19 6 -19 5 -21 6 -20 7 -21]
,,,-80,0,0,0,0,0,0,0,0,0,0,-92,0,6,1723325468574,0,0,0,0,1723325468574,124,[-10 23 -10 24 -10 23 -10 23 -9 23 -9 24 -9 23 -8 22 -8 22 -8 22 -8 22 -7 21 -6 21 -5 21 -5 21 -6 20 -6 19 -5 19 -5 18 -6 18 -6 16 -6 15 -6 15 -6 14 -7 13 0 0 0 0 0 0 0 0 0 0 0 0 0 0 0 0 0 0 0 0 0 0 1 5 0 5 -1 6 -1 7 -2 8 -2 9 -3 11 -4 11 -4 12 -6 13 -7 14 -8 14 -9 14 -9 15 -9 15 -9 16 -10 17 -10 17 -10 18 -10 19 -10 19 -10 20 -11 21 -11 21 -11 22 -11 23]
,,,-80,0,0,0,0,0,0,0,0,0,0,-92,0,6,1723325468594,0,0,0,0,1723325468594,124,[-27 13 -26 13 -26 13 -26 13 -25 14 -25 14 -24 13 -24 14 -23 14 -23 14 -23 14 -21 14 -21 13 -20 14 -20 14 -20 13 -19 12 -19 12 -18 11 -18 11 -17 9 -17 9 -17 8 -16 8 -16 6 0 0 0 0 0 0 0 0 0 0 0 0 0 0 0 0 0 0 0 0 0 0 -3 5 -4 5 -5 5 -6 6 -8 6 -8 7 -10 7 -11 7 -13 7 -15 7 -16 7 -17 7 -18 7 -19 7 -19 6 -20 7 -21 7 -21 7 -22 8 -23 9 -23 9 -24 13 10 -24 13 10 -25 11 -26 12]
,,,-80,0,0,0,0,0,0,0,0,0,0,-92,0,6,1723325468616,0,0,0,0,1723325468616,124,[9 -24 13 10 -25 9 -24 13 10 -25 9 -24 9 -24 9 -24 8 -24 8 -23 7 -23 7 -23 6 -22 6 -23 6 -22 6 -22 6 -21 6 -20 6 -19 6 -19 6 -18 6 -17 6 -16 6 -15 6 -15 7 -14 0 0 0 0 0 0 0 0 0 0 0 0 0 0 0 0 0 0 0 0 0 0 -2 -5 -1 -7 -1 -7 0 -8 0 -9 1 -10 1 -11 2 -12 3 -13 4 -14 5 -15 6 -15 7 -16 8 -16 8 -17 9 -17 9 -18 9 -18 9 -19 9 -20 9 -20 13 10 -21 9 -21 13 10 -22]
,,,-80,0,0,0,0,0,0,0,0,0,0,-92,0,6,1723325468634,0,0,0,0,1723325468634,124,[-29 0 -31 0 -28 0 -29 1 -29 1 -29 2 -28 2 -27 1 -26 2 -26 3 -27 3 -26 4 -26 4 -24 3 -25 4 -24 3 -23 3 -22 3 -21 2 -21 2 -20 1 -19 1 -18 1 -17 1 -17 -1 0 0 0 0 0 0 0 0 0 0 0 0 0 0 0 0 0 0 0 0 0 0 -5 3 -6 3 -7 3 -9 3 -9 3 -11 2 -12 2 -14 1 -15 1 -16 1 -18 0 -19 -1 -20 -1 -20 -2 -21 -2 -21 -3 -22 -2 -23 -2 -24 -2 -24 -2 -26 -2 -26 -1 -26 -1 -28 0 -29 0 -29 0]
,,,-80,0,0,0,0,0,0,0,0,0,0,-92,0,6,1723325468655,0,0,0,0,1723325468655,124,[20 -11 21 -11 20 -11 20 -11 20 -11 20 -12 20 -12 18 -12 19 -11 18 -12 17 -12 17 -12 17 -12 16 -12 16 -11 15 -11 15 -10 14 -10 14 -9 14 -9 13 -9 13 -8 12 -7 12 -7 12 -6 0 0 0 0 0 0 0 0 0 0 0 0 0 0 0 0 0 0 0 0 0 0 1 -4 2 -5 4 -6 4 -6 5 -6 6 -6 7 -6 8 -7 9 -6 11 -7 12 -7 13 -6 14 -6 14 -6 15 -6 16 -6 16 -6 16 -7 17 -8 17 -8 18 -8 19 -9 19 -9 20 -9 20 -10 21 -10]
,,,-80,0,0,0,0,0,0,0,0,0,0,-92,0,6,1723325468674,0,0,0,0,1723325468674,124,[3 25 3 25 4 25 4 25 4 25 4 24 4 24 5 23 4 23 5 23 5 22 5 21 6 21 6 21 6 20 5 20 5 20 5 19 4 18 4 18 3 17 3 16 2 15 2 15 1 15 0 0 0 0 0 0 0 0 0 0 0 0 0 0 0 0 0 0 0 0 0 0 3 3 3 4 3 5 3 6 3 7 3 9 3 13 10 3 11 2 13 2 13 2 15 0 16 0 16 0 17 0 17 0 19 0 19 0 20 1 20 1 21 1 21 2 22 1 23 2 24 2 24 2]
,,,-80,0,0,0,0,0,0,0,0,0,0,-92,0,6,1723325468694,0,0,0,0,1723325468694,124,[35 11 36 11 34 11 37 13 10 36 13 10 36 13 10 35 9 33 8 33 8 34 7 33 7 32 6 33 6 31 5 31 6 30 5 29 6 27 5 27 6 25 6 24 6 22 7 22 6 21 7 21 8 0 0 0 0 0 0 0 0 0 0 0 0 0 0 0 0 0 0 0 0 0 0 6 -3 8 -2 13 10 -2 11 -2 12 -1 14 1 15 2 17 3 18 4 20 5 21 7 21 8 23 9 24 13 10 25 11 24 11 26 11 26 11 28 11 29 11 30 12 30 12 31 12 33]
,,,-80,0,0,0,0,0,0,0,0,0,0,-92,0,6,1723325468714,0,0,0,0,1723325468714,124,[22 23 22 24 22 23 22 22 22 22 23 22 22 21 22 21 22 20 21 19 22 18 22 18 22 18 21 17 21 17 20 17 19 16 18 16 17 15 17 15 16 14 15 14 14 14 13 14 12 14 0 0 0 0 0 0 0 0 0 0 0 0 0 0 0 0 0 0 0 0 0 0 6 1 6 2 7 2 8 4 9 5 9 6 13 10 8 11 13 10 12 11 12 12 12 14 13 16 13 17 13 17 14 18 13 19 14 19 14 20 15 20 16 21 17 21 18 22 18 22 19 23 20 23]
,,,-80,0,0,0,0,0,0,0,0,0,0,-92,0,6,1723325468734,0,0,0,0,1723325468734,124,[6 -25 6 -25 6 -25 6 -25 6 -25 6 -25 6 -25 5 -25 4 -24 4 -24 3 -24 2 -23 2 -23 2 -22 2 -22 2 -21 3 -21 2 -20 3 -19 3 -19 3 -18 3 -17 3 -16 3 -16 5 -15 0 0 0 0 0 0 0 0 0 0 0 0 0 0 0 0 0 0 0 0 0 0 -3 -5 -2 -6 -2 -7 -1 -8 -1 -9 0 -10 1 -11 1 -13 2 -14 3 -14 4 -16 5 -16 6 -16 6 -17 7 -17 7 -18 7 -18 7 -19 7 -20 7 -20 8 -21 7 -22 8 -23 7 -23 7 -24 8 -25]
,,,-80,0,0,0,0,0,0,0,0,0,0,-92,0,6,1723325468757,0,0,0,0,1723325468757,124,[18 -18 18 -19 17 -18 18 -19 17 -19 17 -19 17 -19 16 -18 15 -18 15 -19 15 -19 14 -18 14 -18 13 -18 13 -18 13 -16 13 -17 12 -16 12 -15 12 -14 11 -13 11 -12 11 -12 11 -11 11 -10 0 0 0 0 0 0 0 0 0 0 0 0 0 0 0 0 0 0 0 0 0 0 0 -5 1 -6 2 -7 3 -8 4 -8 4 -9 5 -9 7 -10 8 -10 9 -11 13 10 -11 11 -12 12 -11 13 -12 14 -12 14 -12 15 -13 14 -12 16 -14 16 -14 17 -15 17 -15 17 -15 17 -17 18 -18 19]
,,,-80,0,0,0,0,0,0,0,0,0,0,-92,0,6,1723325468774,0,0,0,0,1723325468774,124,[-26 14 -26 15 -24 14 -25 15 -25 15 -25 15 -24 15 -23 14 -22 15 -22 15 -21 16 -20 16 -20 15 -20 15 -19 15 -19 14 -18 14 -18 13 -18 11 -17 12 -17 13 10 -16 13 10 -16 9 -15 9 -15 7 0 0 0 0 0 0 0 0 0 0 0 0 0 0 0 0 0 0 0 0 0 0 -2 5 -3 5 -5 6 -6 6 -7 6 -8 7 -9 7 -11 8 -12 8 -14 9 -15 9 -16 8 -17 9 -18 9 -19 9 -20 9 -20 9 -21 9 -22 13 10 -22 13 10 -23 11 -23 11 -23 12 -24 13]
,,,-80,0,0,0,0,0,0,0,0,0,0,-92,0,6,1723325468795,0,0,0,0,1723325468795,124,[0 26 0 26 0 25 1 25 1 25 1 24 2 25 2 24 2 24 2 23 3 23 2 22 3 22 3 22 3 22 3 21 3 20 2 19 2 19 1 18 1 16 1 16 0 16 0 15 -1 15 0 0 0 0 0 0 0 0 0 0 0 0 0 0 0 0 0 0 0 0 0 0 3 4 3 5 3 5 2 6 2 7 2 9 2 13 10 1 12 2 13 1 14 0 15 0 16 -1 16 -1 17 -2 18 -2 18 -2 19 -2 20 -2 20 -1 21 -2 22 -1 22 -1 23 -1 24 0 24 0]
,,,-80,0,0,0,0,0,0,0,0,0,0,-92,0,6,1723325468814,0,0,0,0,1723325468814,124,[-22 -14 -23 -15 -22 -14 -22 -14 -22 -14 -22 -14 -21 -13 -22 -13 -21 -12 -21 -11 -21 -11 -21 -10 -22 -10 -20 -10 -20 -10 -19 -9 -19 -10 -18 -10 -17 -10 -16 -10 -15 -9 -15 -9 -14 -9 -13 -9 -13 -10 0 0 0 0 0 0 0 0 0 0 0 0 0 0 0 0 0 0 0 0 0 0 -6 0 -6 -1 -7 -1 -8 -2 -8 -2 -10 -4 -11 -4 -11 -5 -12 -7 -13 -7 -14 -9 -14 -10 -15 -11 -15 -11 -15 -12 -15 -13 -16 -13 -16 -13 -17 -13 -18 -13 -18 -14 -19 -13 -19 -14 -20 -14 -21 -14 -21 -15]
,,,-80,0,0,0,0,0,0,0,0,0,0,-92,0,6,1723325468834,0,0,0,0,1723325468834,124,[25 -2 26 -2 24 -3 26 -3 25 -3 25 -3 24 -3 24 -3 23 -4 23 -4 23 -5 22 -5 22 -5 21 -4 22 -5 20 -4 20 -4 19 -4 18 -3 18 -2 17 -2 16 -2 16 -1 16 -1 15 -1 0 0 0 0 0 0 0 0 0 0 0 0 0 0 0 0 0 0 0 0 0 0 3 -4 4 -4 5 -4 7 -4 7 -4 9 -4 13 10 -3 11 -4 12 -3 14 -3 15 -3 16 -2 17 -1 18 -1 18 -1 18 -1 19 0 19 0 21 -1 21 -1 22 -1 23 -1 22 -2 24 -2 25 -2 26]
,,,-80,0,0,0,0,0,0,0,0,0,0,-92,0,6,1723325468854,0,0,0,0,1723325468854,124,[22 -19 22 -19 22 -19 21 -19 22 -19 20 -20 21 -19 19 -19 19 -19 18 -19 18 -19 17 -19 17 -18 16 -18 16 -18 16 -17 16 -16 16 -16 15 -15 15 -14 14 -13 14 -12 14 -12 14 -11 14 -10 0 0 0 0 0 0 0 0 0 0 0 0 0 0 0 0 0 0 0 0 0 0 0 -6 1 -7 3 -7 3 -8 5 -9 5 -9 6 -10 8 -11 9 -11 11 -12 12 -12 14 -12 15 -12 15 -13 16 -12 16 -13 17 -13 18 -13 18 -14 19 -15 20 -15 20 -16 20 -16 21 -17 21 -18 22 -19]
,,,-80,0,0,0,0,0,0,0,0,0,0,-92,0,6,1723325468874,0,0,0,0,1723325468874,124,[-11 -24 -11 -24 -11 -24 -11 -25 -11 -23 -11 -23 -11 -23 -11 -22 -11 -23 -12 -22 -12 -21 -12 -20 -12 -20 -11 -19 -12 -20 -11 -18 -10 -19 -10 -18 -9 -18 -9 -17 -8 -16 -7 -16 -7 -15 -6 -15 -5 -15 0 0 0 0 0 0 0 0 0 0 0 0 0 0 0 0 0 0 0 0 0 0 -5 -3 -6 -4 -5 -5 -6 -6 -6 -7 -6 -8 -7 -9 -7 -11 -7 -12 -7 -13 -7 -15 -7 -16 -6 -16 -6 -17 -6 -18 -6 -19 -7 -20 -6 -19 -7 -20 -8 -20 -8 -21 -8 -22 -9 -23 -9 -23 -10 -24 -10 -25]
,,,-80,0,0,0,0,0,0,0,0,0,0,-92,0,6,1723325468894,0,0,0,0,1723325468894,124,[24 8 24 8 24 8 24 7 24 6 24 6 24 6 23 6 23 6 23 5 23 4 22 4 22 4 21 3 21 3 20 4 20 4 19 4 18 4 18 4 17 4 16 4 15 5 14 4 14 5 0 0 0 0 0 0 0 0 0 0 0 0 0 0 0 0 0 0 0 0 0 0 4 -2 5 -2 6 -2 7 -1 8 -1 9 1 13 10 1 11 2 12 3 13 3 14 5 15 6 16 6 16 6 16 7 17 8 17 7 17 8 19 7 20 8 20 8 21 8 21 9 22 8 23 8 24]
,,,-80,0,0,0,0,0,0,0,0,0,0,-92,0,6,1723325468914,0,0,0,0,1723325468914,124,[-18 19 -18 19 -17 19 -17 20 -16 19 -16 20 -16 19 -15 19 -15 19 -14 19 -14 19 -13 18 -14 18 -13 18 -13 18 -13 17 -12 17 -12 16 -12 15 -12 14 -12 13 -11 12 -11 12 -11 11 -12 13 10 0 0 0 0 0 0 0 0 0 0 0 0 0 0 0 0 0 0 0 0 0 0 -1 4 -1 5 -2 6 -3 7 -4 7 -4 9 -5 9 -7 13 10 -8 11 -9 11 -10 12 -11 12 -12 12 -13 12 -14 12 -14 13 -15 13 -15 13 -15 14 -16 15 -16 16 -16 16 -17 17 -17 18 -17 19]
,,,-80,0,0,0,0,0,0,0,0,0,0,-92,0,6,1723325468934,0,0,0,0,1723325468934,124,[15 -21 16 -22 15 -21 15 -21 15 -21 15 -21 14 -21 13 -21 13 -20 12 -21 12 -21 11 -20 11 -20 13 10 -20 11 -20 13 10 -19 13 10 -18 13 10 -17 13 10 -16 13 10 -16 13 10 -14 13 10 -14 9 -14 9 -13 13 10 -12 0 0 0 0 0 0 0 0 0 0 0 0 0 0 0 0 0 0 0 0 0 0 -1 -6 0 -6 1 -7 1 -8 2 -9 3 -10 4 -10 5 -11 6 -12 7 -12 8 -13 9 -14 13 10 -14 11 -14 12 -14 11 -15 12 -16 13 -15 14 -17 14 -17 14 -18]
,,,-80,0,0,0,0,0,0,0,0,0,0,-92,0,6,1723325468954,0,0,0,0,1723325468954,124,[-8 24 -8 25 -7 24 -7 25 -7 24 -7 24 -7 24 -6 23 -6 23 -5 23 -5 22 -4 22 -4 23 -3 21 -4 22 -4 21 -4 20 -5 19 -5 19 -5 18 -5 17 -5 15 -5 15 -5 15 -6 14 0 0 0 0 0 0 0 0 0 0 0 0 0 0 0 0 0 0 0 0 0 0 2 4 1 5 0 5 0 7 0 8 -1 9 -1 13 10 -2 11 -3 13 -4 13 -4 15 -5 15 -6 16 -7 16 -7 17 -8 17 -8 18 -8 18 -8 19 -8 19 -9 20 -9 21 -8 21 -8 23 -8 24 -8]
,,,-80,0,0,0,0,0,0,0,0,0,0,-92,0,6,1723325468974,0,0,0,0,1723325468974,124,[-21 13 10 -22 13 10 -21 13 10 -21 13 10 -21 13 10 -21 13 10 -20 13 10 -20 13 10 -19 13 10 -19 11 -19 11 -18 13 10 -18 11 -17 13 10 -17 13 10 -17 13 10 -17 9 -16 9 -15 8 -15 7 -15 7 -14 6 -14 6 -13 5 -13 4 0 0 0 0 0 0 0 0 0 0 0 0 0 0 0 0 0 0 0 0 0 0 -2 4 -3 4 -4 4 -5 5 -6 5 -7 5 -8 5 -9 5 -10 5 -12 6 -13 6 -14 6 -15 6 -15 6 -16 6 -17 6 -17 6 -17 6 -18 7 -18]
,,,-80,0,0,0,0,0,0,0,0,0,0,-92,0,6,1723325468994,0,0,0,0,1723325468994,124,[-12 23 -12 23 -12 23 -11 22 -11 23 -11 23 -11 22 -10 22 -10 23 -9 22 -9 21 -8 21 -8 21 -8 21 -8 20 -8 20 -8 19 -8 18 -8 17 -8 17 -8 15 -8 15 -8 14 -8 14 -8 13 0 0 0 0 0 0 0 0 0 0 0 0 0 0 0 0 0 0 0 0 0 0 1 4 0 5 -1 6 -1 7 -1 8 -2 9 -3 13 10 -4 11 -5 12 -6 13 -7 14 -8 14 -8 15 -9 15 -10 15 -10 16 -10 16 -11 17 -11 18 -11 18 -11 19 -11 20 -12 20 -11 21 -12 22 -12]
,,,-80,0,0,0,0,0,0,0,0,0,0,-92,0,6,1723325469014,0,0,0,0,1723325469014,124,[-32 -10 -32 -10 -31 -10 -32 -9 -32 -9 -31 -9 -31 -8 -30 -8 -30 -8 -30 -6 -30 -5 -29 -5 -29 -5 -28 -5 -27 -5 -27 -5 -26 -5 -25 -5 -24 -6 -23 -5 -22 -6 -21 -6 -21 -5 -19 -6 -19 -7 0 0 0 0 0 0 0 0 0 0 0 0 0 0 0 0 0 0 0 0 0 0 -6 1 -7 1 -10 0 -10 0 -12 0 -12 -1 -14 -2 -15 -3 -16 -4 -18 -5 -20 -6 -19 -7 -21 -8 -21 -8 -22 -9 -23 -10 -23 -10 -24 -10 -25 -10 -26 -10 -26 -11 -27 -10 -28 -11 -30 -9 -31 -10 -30 -10]
,,,-80,0,0,0,0,0,0,0,0,0,0,-92,0,6,1723325469035,0,0,0,0,1723325469035,124,[13 10 -24 13 10 -24 9 -24 9 -24 9 -24 9 -24 9 -23 8 -24 7 -23 6 -24 6 -23 5 -22 6 -22 5 -22 5 -22 6 -21 5 -20 6 -20 6 -19 6 -18 6 -17 6 -16 6 -16 5 -15 7 -15 0 0 0 0 0 0 0 0 0 0 0 0 0 0 0 0 0 0 0 0 0 0 -2 -5 -1 -6 -1 -7 0 -8 0 -9 1 -10 2 -11 2 -12 3 -13 4 -14 5 -15 6 -16 7 -16 7 -17 8 -17 8 -17 8 -18 9 -18 9 -19 9 -19 13 10 -20 13 10 -21 9 -22 13 10]
,,,-80,0,0,0,0,0,0,0,0,0,0,-92,0,6,1723325469054,0,0,0,0,1723325469054,124,[13 -22 13 -22 13 -23 13 -23 13 -22 12 -23 12 -22 11 -22 11 -22 13 10 -22 13 10 -22 9 -21 9 -21 8 -21 8 -21 9 -20 8 -19 8 -19 8 -18 8 -17 8 -16 8 -15 8 -14 8 -14 9 -13 0 0 0 0 0 0 0 0 0 0 0 0 0 0 0 0 0 0 0 0 0 0 -1 -6 0 -6 0 -7 1 -8 2 -9 2 -10 3 -11 4 -12 5 -12 6 -13 8 -14 9 -14 13 10 -14 11 -14 11 -15 11 -16 11 -16 12 -17 12 -17 12 -18 12 -19 13 -19 13 -19 13 -20 14]
,,,-80,0,0,0,0,0,0,0,0,0,0,-92,0,6,1723325469082,0,0,0,0,1723325469082,124,[-26 1 -27 0 -25 1 -27 1 -26 1 -26 1 -25 2 -24 2 -24 2 -24 2 -24 2 -23 3 -24 2 -22 3 -23 3 -21 3 -21 2 -20 2 -20 2 -19 1 -18 1 -17 0 -17 0 -16 -1 -16 -2 0 0 0 0 0 0 0 0 0 0 0 0 0 0 0 0 0 0 0 0 0 0 -4 3 -5 3 -7 3 -8 3 -9 3 -10 3 -11 2 -12 2 -13 2 -15 1 -16 0 -17 0 -18 -1 -18 -1 -19 -1 -20 -1 -21 -1 -20 -1 -22 -1 -22 -1 -23 -1 -23 0 -23 -1 -25 0 -26 0 -26 0]
,,,-80,0,0,0,0,0,0,0,0,0,0,-92,0,6,1723325469106,0,0,0,0,1723325469106,124,[19 11 20 12 19 11 20 11 20 11 20 13 10 19 13 10 19 9 19 9 19 9 19 8 18 7 18 8 17 7 18 7 17 7 17 8 16 7 15 7 14 7 13 7 12 7 12 7 11 7 11 7 0 0 0 0 0 0 0 0 0 0 0 0 0 0 0 0 0 0 0 0 0 0 4 -1 5 -1 5 0 6 0 7 1 8 2 9 3 9 3 13 10 4 11 5 12 6 12 7 12 8 13 8 13 9 13 9 14 13 10 14 13 10 15 13 10 16 11 16 13 10 17 13 10]
,,,-80,0,0,0,0,0,0,0,0,0,0,-92,0,6,1723325469118,0,0,0,0,1723325469118,124,[16 -23 17 -24 16 -23 16 -24 16 -23 16 -23 15 -23 14 -23 13 -23 12 -24 12 -23 12 -23 11 -23 11 -22 11 -22 11 -21 11 -20 13 10 -20 11 -18 13 10 -18 13 10 -17 9 -16 9 -15 13 10 -15 13 10 -14 0 0 0 0 0 0 0 0 0 0 0 0 0 0 0 0 0 0 0 0 0 0 -1 -6 0 -7 1 -8 2 -9 3 -9 4 -10 5 -11 6 -12 8 -13 8 -13 13 10 -15 11 -15 12 -15 12 -15 14 -15 14 -16 14 -17 14 -17 15 -18 16 -18 16 -19 16 -19 16 -20]
,,,-80,0,0,0,0,0,0,0,0,0,0,-92,0,6,1723325469134,0,0,0,0,1723325469134,124,[25 0 26 1 25 1 26 0 25 1 25 0 25 0 23 0 23 -1 23 -2 23 -2 22 -2 23 -2 21 -2 22 -2 21 -1 21 -1 19 -1 19 -1 18 0 17 0 16 0 16 0 15 1 14 2 0 0 0 0 0 0 0 0 0 0 0 0 0 0 0 0 0 0 0 0 0 0 3 -3 5 -3 6 -3 7 -3 8 -3 9 -2 13 10 -2 12 -2 12 -1 13 -1 15 0 16 1 17 1 17 1 18 2 18 2 19 2 19 2 21 2 21 2 22 2 22 1 23 2 24 1 24 1 25]
,,,-80,0,0,0,0,0,0,0,0,0,0,-92,0,6,1723325469161,0,0,0,0,1723325469161,124,[-33 -6 -33 -6 -32 -5 -33 -5 -32 -6 -32 -5 -31 -4 -31 -4 -30 -4 -30 -3 -30 -2 -29 -2 -29 -2 -28 -1 -28 -1 -27 -2 -27 -2 -25 -3 -24 -3 -23 -3 -22 -4 -21 -4 -21 -4 -19 -4 -19 -5 0 0 0 0 0 0 0 0 0 0 0 0 0 0 0 0 0 0 0 0 0 0 -6 2 -7 2 -9 2 -10 2 -11 2 -12 1 -14 0 -15 -1 -17 -1 -18 -2 -20 -4 -20 -4 -22 -6 -22 -6 -22 -6 -23 -6 -24 -6 -24 -7 -26 -7 -27 -6 -28 -7 -28 -6 -29 -7 -31 -6 -31 -6 -32 -7]
,,,-80,0,0,0,0,0,0,0,0,0,0,-92,0,6,1723325469176,0,0,0,0,1723325469176,124,[32 3 32 3 31 3 32 1 32 2 32 2 31 2 30 1 30 0 29 -1 29 -1 28 -1 28 -2 27 -2 27 -2 26 -1 25 -1 24 -1 23 0 22 0 22 0 21 1 20 1 19 1 19 2 0 0 0 0 0 0 0 0 0 0 0 0 0 0 0 0 0 0 0 0 0 0 5 -4 6 -3 8 -4 9 -3 13 10 -3 11 -2 13 -1 14 -1 16 0 18 1 19 2 20 3 21 3 22 4 22 5 22 5 23 5 24 5 25 4 26 5 27 4 28 4 28 5 30 3 30 4 32]
,,,-80,0,0,0,0,0,0,0,0,0,0,-92,0,6,1723325469194,0,0,0,0,1723325469194,124,[-10 23 -10 24 -9 23 -9 24 -10 24 -9 24 -8 23 -8 23 -8 23 -7 23 -7 22 -6 21 -6 22 -6 21 -6 21 -6 20 -6 20 -6 19 -7 18 -7 17 -7 16 -6 15 -6 14 -7 14 -7 13 0 0 0 0 0 0 0 0 0 0 0 0 0 0 0 0 0 0 0 0 0 0 2 4 1 6 0 6 0 7 -1 7 -1 9 -2 13 10 -3 12 -3 12 -4 13 -5 15 -6 15 -7 15 -7 16 -8 16 -8 17 -9 17 -9 18 -9 19 -9 19 -9 20 -10 20 -9 21 -10 22 -10 23 -10]
,,,-80,0,0,0,0,0,0,0,0,0,0,-92,0,6,1723325469214,0,0,0,0,1723325469214,124,[11 -26 12 -27 11 -26 12 -27 11 -26 13 10 -27 11 -26 9 -25 9 -26 8 -25 8 -25 7 -24 8 -24 7 -24 7 -24 7 -22 7 -22 7 -22 8 -20 8 -19 7 -18 7 -17 7 -17 7 -16 8 -15 0 0 0 0 0 0 0 0 0 0 0 0 0 0 0 0 0 0 0 0 0 0 -2 -6 -1 -7 -1 -7 0 -9 1 -10 2 -11 2 -12 3 -14 4 -14 5 -15 6 -16 8 -17 8 -17 9 -17 9 -18 13 10 -18 13 10 -19 13 10 -20 11 -21 11 -21 12 -22 12 -22 12 -23 12 -25]
,,,-80,0,0,0,0,0,0,0,0,0,0,-92,0,6,1723325469234,0,0,0,0,1723325469234,124,[-21 16 -21 16 -20 16 -21 16 -20 16 -20 16 -19 16 -19 16 -18 16 -18 16 -17 16 -17 16 -17 16 -16 16 -16 15 -16 15 -15 14 -15 14 -14 13 -14 12 -14 11 -14 13 10 -13 13 10 -13 9 -13 8 0 0 0 0 0 0 0 0 0 0 0 0 0 0 0 0 0 0 0 0 0 0 -1 4 -2 5 -4 6 -4 6 -6 7 -6 7 -7 8 -9 8 -10 9 -11 9 -12 9 -14 9 -15 9 -15 13 10 -16 9 -17 13 10 -17 13 10 -17 13 10 -18 11 -18 12 -19 12 -19 13 -20 13]
,,,-80,0,0,0,0,0,0,0,0,0,0,-92,0,6,1723325469254,0,0,0,0,1723325469254,124,[-26 2 -27 2 -26 2 -26 3 -26 3 -26 3 -25 3 -24 4 -24 4 -24 4 -24 4 -23 4 -23 5 -22 5 -22 5 -22 4 -21 4 -20 4 -19 3 -19 3 -18 2 -17 2 -17 2 -16 1 -16 0 0 0 0 0 0 0 0 0 0 0 0 0 0 0 0 0 0 0 0 0 0 0 -4 3 -5 3 -6 3 -8 3 -9 3 -9 3 -11 3 -12 2 -13 2 -15 2 -16 1 -17 0 -18 0 -18 0 -19 0 -20 -1 -20 -1 -21 -1 -22 0 -22 1 -23 1 -23 1 -24 1 -25 1 -26 1 -26 1]
,,,-80,0,0,0,0,0,0,0,0,0,0,-92,0,6,1723325469274,0,0,0,0,1723325469274,124,[-12 23 -12 23 -12 23 -11 23 -12 23 -11 23 -11 22 -10 22 -10 22 -9 22 -9 21 -8 20 -8 21 -7 21 -7 21 -7 20 -7 19 -8 18 -8 18 -8 17 -7 15 -7 15 -8 14 -8 14 -8 12 0 0 0 0 0 0 0 0 0 0 0 0 0 0 0 0 0 0 0 0 0 0 1 5 0 5 -1 6 -1 7 -2 8 -2 9 -3 13 10 -4 11 -5 12 -6 13 -7 14 -8 14 -9 15 -9 15 -10 15 -10 16 -11 16 -11 17 -11 18 -11 18 -12 19 -12 19 -12 20 -12 21 -12 22 -12]
,,,-80,0,0,0,0,0,0,0,0,0,0,-92,0,6,1723325469296,0,0,0,0,1723325469296,124,[-31 11 -32 11 -30 11 -31 12 -30 11 -30 12 -30 12 -28 11 -28 12 -27 13 -27 12 -26 13 -26 12 -25 12 -25 12 -24 11 -23 11 -23 13 10 -22 9 -22 8 -21 7 -20 7 -20 7 -19 6 -19 5 0 0 0 0 0 0 0 0 0 0 0 0 0 0 0 0 0 0 0 0 0 0 -3 5 -5 5 -7 5 -7 6 -9 6 -10 7 -11 6 -13 7 -15 7 -17 7 -18 7 -19 7 -21 7 -21 7 -23 6 -23 6 -24 6 -24 6 -26 7 -26 7 -27 7 -28 8 -28 9 -29 13 10 -30 11]
,,,-80,0,0,0,0,0,0,0,0,0,0,-92,0,6,1723325469315,0,0,0,0,1723325469315,124,[-8 -26 -8 -25 -8 -26 -9 -24 -9 -24 -9 -24 -9 -24 -9 -24 -10 -23 -9 -23 -9 -22 -10 -21 -10 -21 -10 -21 -10 -21 -9 -20 -9 -19 -8 -19 -8 -18 -8 -18 -7 -17 -6 -16 -5 -16 -5 -15 -4 -15 0 0 0 0 0 0 0 0 0 0 0 0 0 0 0 0 0 0 0 0 0 0 -4 -4 -5 -5 -4 -6 -5 -6 -5 -8 -5 -9 -5 -10 -6 -11 -5 -13 -5 -14 -4 -16 -4 -17 -4 -17 -3 -18 -3 -18 -4 -19 -4 -19 -4 -20 -4 -20 -5 -21 -5 -22 -6 -23 -6 -23 -6 -24 -7 -24 -6 -25]
,,,-80,0,0,0,0,0,0,0,0,0,0,-92,0,6,1723325469334,0,0,0,0,1723325469334,124,[17 15 16 15 17 15 17 15 17 14 17 14 17 14 16 14 16 14 16 13 16 13 15 12 15 12 15 11 15 11 15 12 14 11 13 11 13 11 12 11 11 13 10 13 10 13 10 13 10 13 10 9 13 10 8 13 10 0 0 0 0 0 0 0 0 0 0 0 0 0 0 0 0 0 0 0 0 0 0 4 0 5 0 5 1 6 1 6 2 7 3 8 4 8 6 9 6 13 10 7 13 10 9 13 10 13 10 13 10 13 10 11 11 11 11 11 12 11 12 12 13 12 13 13]
,,,-80,0,0,0,0,0,0,0,0,0,0,-92,0,6,1723325469385,0,0,0,0,1723325469385,124,[23 9 24 9 23 9 24 9 24 8 24 8 23 8 22 8 23 7 23 6 22 5 21 5 21 5 21 5 21 5 20 5 20 5 19 6 18 5 17 6 16 5 15 6 15 5 14 5 13 6 0 0 0 0 0 0 0 0 0 0 0 0 0 0 0 0 0 0 0 0 0 0 4 -2 5 -1 6 -1 7 -1 8 -1 9 1 13 10 1 11 2 12 4 13 4 14 5 15 6 15 6 16 7 15 7 16 8 17 8 17 8 19 8 19 9 19 9 20 9 21 9 22 8 22 9 23]
,,,-80,0,0,0,0,0,0,0,0,0,0,-92,0,6,1723325469397,0,0,0,0,1723325469397,124,[-20 13 -20 13 -19 13 -19 13 -19 13 -19 13 -18 13 -18 13 -17 13 -17 14 -17 13 -16 13 -16 13 -15 13 -15 13 -15 13 -14 12 -14 11 -13 13 10 -13 13 10 -13 9 -13 8 -12 8 -12 7 -12 6 0 0 0 0 0 0 0 0 0 0 0 0 0 0 0 0 0 0 0 0 0 0 -2 4 -2 4 -4 5 -5 5 -5 5 -6 6 -7 7 -8 6 -9 7 -11 7 -12 8 -13 7 -14 7 -14 7 -15 7 -15 8 -15 8 -16 8 -17 9 -17 9 -17 13 10 -18 13 10 -18 11 -19 11]
,,,-80,0,0,0,0,0,0,0,0,0,0,-92,0,6,1723325469409,0,0,0,0,1723325469409,124,[23 -17 24 -17 22 -17 23 -17 22 -18 22 -17 22 -17 21 -17 20 -17 19 -18 19 -18 18 -18 18 -18 17 -17 17 -17 17 -16 17 -16 16 -15 16 -14 15 -14 15 -12 14 -12 14 -12 13 -11 14 -10 0 0 0 0 0 0 0 0 0 0 0 0 0 0 0 0 0 0 0 0 0 0 1 -6 2 -6 3 -7 4 -7 6 -8 6 -8 8 -8 9 -9 13 10 -10 12 -11 14 -10 15 -10 16 -10 16 -11 17 -10 17 -11 18 -11 19 -11 20 -12 20 -12 21 -13 21 -14 21 -14 22 -16 22 -16 23]
,,,-80,0,0,0,0,0,0,0,0,0,0,-92,0,6,1723325469420,0,0,0,0,1723325469420,124,[-32 1 -33 1 -32 0 -32 1 -32 1 -32 2 -32 2 -31 2 -30 2 -30 2 -30 3 -28 3 -28 3 -28 4 -27 4 -27 3 -26 3 -25 3 -24 2 -23 2 -22 1 -21 0 -21 0 -20 0 -19 -1 0 0 0 0 0 0 0 0 0 0 0 0 0 0 0 0 0 0 0 0 0 0 -5 3 -6 3 -8 3 -9 3 -11 3 -12 3 -13 2 -15 1 -16 2 -18 1 -20 0 -21 -1 -22 -2 -22 -1 -23 -2 -24 -2 -24 -2 -25 -3 -27 -2 -27 -1 -28 -2 -28 -1 -29 -2 -31 -1 -31 -1 -31 -1]
,,,-80,0,0,0,0,0,0,0,0,0,0,-92,0,6,1723325469440,0,0,0,0,1723325469440,124,[-1 -26 -1 -26 -1 -26 -1 -26 -1 -26 -1 -26 -1 -26 -1 -25 -2 -25 -3 -24 -3 -24 -3 -23 -3 -22 -3 -23 -3 -22 -2 -21 -2 -21 -1 -21 -1 -20 -1 -19 0 -18 0 -17 0 -17 0 -16 1 -16 0 0 0 0 0 0 0 0 0 0 0 0 0 0 0 0 0 0 0 0 0 0 -4 -4 -4 -5 -4 -6 -3 -7 -3 -8 -4 -10 -3 -11 -3 -12 -2 -13 -2 -15 -2 -16 -1 -17 -1 -17 0 -18 1 -19 0 -19 1 -20 0 -21 0 -21 0 -22 1 -22 0 -23 0 -23 0 -24 -1 -26 -1 -26]
,,,-80,0,0,0,0,0,0,0,0,0,0,-92,0,6,1723325469461,0,0,0,0,1723325469461,124,[6 -25 7 -25 7 -26 6 -25 6 -25 6 -25 6 -24 5 -24 4 -25 4 -25 3 -23 3 -23 3 -23 2 -23 3 -22 3 -21 3 -21 3 -21 3 -20 3 -19 3 -17 3 -17 4 -16 4 -16 5 -15 0 0 0 0 0 0 0 0 0 0 0 0 0 0 0 0 0 0 0 0 0 0 -2 -5 -1 -6 -1 -7 -1 -8 0 -9 0 -10 1 -11 1 -12 2 -13 3 -15 4 -15 5 -16 6 -16 6 -17 7 -17 7 -18 7 -18 7 -19 7 -20 8 -20 8 -21 7 -22 8 -23 7 -24 7 -24 7 -25]
,,,-80,0,0,0,0,0,0,0,0,0,0,-92,0,6,1723325469474,0,0,0,0,1723325469474,124,[8 24 9 24 9 23 9 23 9 23 9 23 13 10 22 9 22 9 21 13 10 21 13 10 20 13 10 20 13 10 20 13 10 19 13 10 19 9 18 9 18 8 17 8 16 7 16 7 16 6 15 6 14 5 14 4 14 0 0 0 0 0 0 0 0 0 0 0 0 0 0 0 0 0 0 0 0 0 0 4 2 4 4 4 4 4 5 4 6 5 8 5 9 5 11 5 11 5 12 5 14 5 15 4 16 4 17 4 18 4 18 4 19 4 19 5 19 5 19 6 21 6 21 6]
,,,-80,0,0,0,0,0,0,0,0,0,0,-92,0,6,1723325469494,0,0,0,0,1723325469494,124,[12 -23 13 -23 12 -23 12 -23 12 -23 12 -23 12 -22 11 -22 13 10 -22 13 10 -23 9 -22 9 -21 9 -22 8 -21 9 -21 8 -19 8 -19 8 -18 8 -18 8 -17 8 -16 8 -15 7 -15 8 -14 8 -13 0 0 0 0 0 0 0 0 0 0 0 0 0 0 0 0 0 0 0 0 0 0 -1 -5 0 -6 1 -7 1 -8 2 -8 3 -10 3 -10 4 -11 5 -12 6 -13 7 -14 9 -14 9 -14 13 10 -15 13 10 -15 11 -15 11 -16 11 -17 12 -17 12 -17 12 -18 13 -19 12 -19 13 -21]
,,,-80,0,0,0,0,0,0,0,0,0,0,-92,0,6,1723325469514,0,0,0,0,1723325469514,124,[-34 -1 -33 0 -33 0 -32 0 -33 0 -32 0 -32 1 -30 1 -31 1 -30 2 -30 2 -29 3 -29 3 -28 3 -27 2 -28 2 -26 2 -25 1 -24 0 -24 0 -23 -1 -22 -1 -21 -1 -20 -1 -20 -2 0 0 0 0 0 0 0 0 0 0 0 0 0 0 0 0 0 0 0 0 0 0 -5 3 -7 3 -8 3 -9 3 -10 3 -11 2 -13 2 -15 1 -16 1 -19 1 -20 0 -20 -1 -22 -1 -23 -2 -23 -2 -24 -3 -24 -3 -26 -3 -26 -2 -27 -3 -28 -3 -29 -2 -30 -2 -31 -1 -31 -1 -32 -1]
,,,-80,0,0,0,0,0,0,0,0,0,0,-92,0,6,1723325469534,0,0,0,0,1723325469534,124,[2 25 2 25 2 25 3 24 3 25 3 25 3 24 3 24 3 24 4 23 4 22 4 21 4 21 5 21 4 21 4 21 4 20 3 19 3 18 2 18 2 17 2 16 1 16 0 15 0 15 0 0 0 0 0 0 0 0 0 0 0 0 0 0 0 0 0 0 0 0 0 0 3 3 3 4 3 5 3 6 3 7 3 8 2 13 10 2 11 2 13 2 14 1 15 0 16 0 16 0 17 -1 17 -1 18 -1 19 -1 20 0 20 0 21 0 21 1 22 1 23 1 23 1 25 1]
,,,-80,0,0,0,0,0,0,0,0,0,0,-92,0,6,1723325469554,0,0,0,0,1723325469554,124,[-11 -24 -11 -24 -11 -24 -11 -24 -11 -24 -12 -23 -11 -23 -11 -23 -11 -22 -12 -22 -12 -21 -12 -20 -12 -20 -12 -19 -11 -20 -11 -19 -11 -19 -10 -18 -9 -18 -9 -17 -8 -16 -7 -16 -7 -15 -6 -15 -5 -15 0 0 0 0 0 0 0 0 0 0 0 0 0 0 0 0 0 0 0 0 0 0 -5 -3 -5 -4 -5 -5 -6 -6 -6 -7 -6 -8 -7 -9 -7 -11 -7 -11 -7 -13 -7 -15 -7 -16 -6 -16 -6 -17 -6 -18 -6 -19 -6 -19 -6 -19 -7 -20 -8 -20 -8 -21 -8 -21 -8 -22 -9 -22 -10 -23 -10 -25]
,,,-80,0,0,0,0,0,0,0,0,0,0,-92,0,6,1723325469574,0,0,0,0,1723325469574,124,[-33 1 -33 1 -32 0 -33 0 -33 0 -32 1 -32 1 -31 2 -30 2 -30 3 -30 3 -29 3 -29 3 -27 4 -28 3 -27 3 -26 3 -25 2 -25 1 -23 2 -22 0 -21 0 -21 0 -20 -1 -20 -2 0 0 0 0 0 0 0 0 0 0 0 0 0 0 0 0 0 0 0 0 0 0 -5 3 -7 3 -8 3 -9 3 -11 3 -12 3 -13 2 -15 1 -16 1 -18 1 -19 1 -20 0 -22 -1 -23 -1 -23 -2 -24 -2 -25 -2 -25 -3 -27 -2 -27 -2 -28 -2 -29 -1 -29 -2 -31 0 -32 0 -33 0]
,,,-80,0,0,0,0,0,0,0,0,0,0,-92,0,6,1723325469596,0,0,0,0,1723325469596,124,[36 -8 37 -8 35 -8 36 -9 36 -9 36 -10 35 -10 34 -10 33 -11 32 -11 32 -11 31 -11 31 -12 29 -11 30 -10 29 -10 28 -10 27 -10 26 -8 26 -8 24 -7 23 -6 22 -6 22 -5 22 -3 0 0 0 0 0 0 0 0 0 0 0 0 0 0 0 0 0 0 0 0 0 0 4 -6 5 -6 7 -6 9 -6 13 10 -7 12 -7 13 -6 16 -6 17 -6 20 -6 21 -6 23 -5 24 -4 26 -4 27 -4 26 -3 28 -4 28 -3 30 -4 31 -5 32 -5 32 -5 32 -6 34 -7 36 -8 36]
,,,-80,0,0,0,0,0,0,0,0,0,0,-92,0,6,1723325469614,0,0,0,0,1723325469614,124,[25 -5 26 -6 24 -6 25 -6 24 -6 24 -6 24 -6 23 -6 23 -7 22 -8 22 -8 21 -8 21 -8 20 -7 21 -7 20 -7 19 -6 19 -6 18 -6 17 -5 16 -5 16 -4 15 -4 15 -3 14 -3 0 0 0 0 0 0 0 0 0 0 0 0 0 0 0 0 0 0 0 0 0 0 3 -4 3 -4 5 -5 6 -5 7 -4 8 -4 9 -4 13 10 -4 12 -4 13 -4 14 -4 15 -3 16 -3 17 -3 17 -2 18 -2 18 -2 19 -2 20 -3 21 -3 22 -3 22 -3 22 -4 23 -5 24 -5 25]
,,,-80,0,0,0,0,0,0,0,0,0,0,-92,0,6,1723325469634,0,0,0,0,1723325469634,124,[21 -12 23 -13 21 -12 22 -14 22 -13 22 -13 21 -13 21 -12 19 -13 19 -14 19 -14 18 -14 18 -14 17 -12 18 -13 17 -12 17 -12 16 -11 16 -10 15 -10 15 -8 14 -8 14 -8 13 -7 14 -6 0 0 0 0 0 0 0 0 0 0 0 0 0 0 0 0 0 0 0 0 0 0 1 -5 2 -5 3 -6 4 -6 5 -7 6 -7 7 -7 9 -8 13 10 -8 11 -8 13 -8 13 -8 15 -8 15 -8 16 -8 16 -8 17 -8 17 -8 19 -10 19 -9 19 -10 20 -10 19 -10 21 -12 21 -12 22]
,,,-80,0,0,0,0,0,0,0,0,0,0,-92,0,6,1723325469654,0,0,0,0,1723325469654,124,[13 -22 12 -22 13 -22 12 -23 13 -22 12 -23 12 -22 11 -21 11 -22 13 10 -22 9 -21 9 -20 9 -21 9 -21 9 -20 9 -20 9 -19 9 -18 9 -17 9 -17 8 -15 8 -14 8 -14 8 -13 9 -12 0 0 0 0 0 0 0 0 0 0 0 0 0 0 0 0 0 0 0 0 0 0 -1 -5 -1 -6 0 -7 1 -8 1 -9 2 -10 3 -10 4 -11 5 -12 6 -13 7 -14 8 -14 9 -15 9 -15 13 10 -15 11 -16 13 10 -16 11 -17 11 -17 12 -17 12 -18 13 -19 13 -20 13 -21 13]
,,,-80,0,0,0,0,0,0,0,0,0,0,-92,0,6,1723325469674,0,0,0,0,1723325469674,124,[29 -13 30 -13 28 -13 30 -14 29 -13 29 -14 28 -14 27 -14 27 -14 26 -14 25 -14 24 -14 24 -15 23 -14 24 -14 22 -13 23 -14 21 -13 20 -12 20 -11 19 -10 18 -9 18 -8 18 -8 18 -7 0 0 0 0 0 0 0 0 0 0 0 0 0 0 0 0 0 0 0 0 0 0 2 -5 4 -6 5 -6 7 -7 7 -7 9 -8 11 -7 12 -8 13 -8 15 -8 17 -8 18 -7 20 -7 21 -7 21 -7 21 -7 23 -7 23 -7 24 -9 25 -9 26 -10 26 -10 26 -10 28 -11 29 -12 29 -12]
,,,-80,0,0,0,0,0,0,0,0,0,0,-92,0,6,1723325469694,0,0,0,0,1723325469694,124,[6 24 6 25 6 24 7 24 7 23 8 23 8 23 7 23 7 23 7 22 7 21 7 20 8 20 8 20 8 20 7 19 7 19 7 18 6 17 6 17 5 16 4 15 4 15 2 15 2 15 0 0 0 0 0 0 0 0 0 0 0 0 0 0 0 0 0 0 0 0 0 0 3 3 4 4 3 4 4 5 4 6 4 8 4 9 4 13 10 4 12 4 13 3 15 3 15 3 16 2 16 2 17 3 18 3 18 3 19 3 20 4 20 4 21 5 21 4 22 4 23 5 24 6]
,,,-80,0,0,0,0,0,0,0,0,0,0,-92,0,6,1723325469714,0,0,0,0,1723325469714,124,[6 -26 6 -25 6 -26 6 -25 6 -25 6 -25 6 -24 5 -24 5 -25 3 -24 3 -23 3 -23 3 -22 2 -23 2 -22 2 -21 3 -20 3 -20 4 -19 4 -18 4 -17 4 -17 4 -16 4 -15 5 -15 0 0 0 0 0 0 0 0 0 0 0 0 0 0 0 0 0 0 0 0 0 0 -2 -5 -2 -6 -1 -7 -1 -8 -1 -9 0 -10 0 -11 1 -12 2 -13 3 -14 3 -16 4 -16 5 -16 6 -17 6 -17 6 -18 6 -18 7 -19 6 -19 7 -20 8 -21 7 -22 7 -23 6 -23 7 -24 7 -25]
,,,-80,0,0,0,0,0,0,0,0,0,0,-92,0,6,1723325469734,0,0,0,0,1723325469734,124,[19 16 20 16 19 16 19 16 19 16 19 15 19 15 18 14 19 14 19 13 18 12 18 12 18 12 18 12 18 12 17 12 16 12 15 11 14 11 14 11 13 13 10 12 13 10 11 13 10 11 13 10 13 10 11 0 0 0 0 0 0 0 0 0 0 0 0 0 0 0 0 0 0 0 0 0 0 4 0 5 0 6 1 6 2 7 2 8 4 8 5 9 6 13 10 7 11 8 11 9 12 13 10 12 11 12 12 12 12 12 13 13 13 13 13 14 14 15 14 15 15 16 15 16]
,,,-80,0,0,0,0,0,0,0,0,0,0,-92,0,6,1723325469754,0,0,0,0,1723325469754,124,[16 19 16 19 16 19 16 19 16 19 16 18 16 18 16 18 16 17 16 17 16 16 16 15 16 15 15 15 15 15 14 14 14 14 13 14 12 13 12 13 11 12 13 10 12 13 10 12 9 12 8 12 0 0 0 0 0 0 0 0 0 0 0 0 0 0 0 0 0 0 0 0 0 0 4 1 5 2 5 2 6 3 7 4 7 5 7 6 8 7 8 9 9 9 9 11 13 10 12 13 10 13 9 14 13 10 14 9 15 13 10 16 13 10 16 11 16 12 17 12 17 13 18 13]
,,,-80,0,0,0,0,0,0,0,0,0,0,-92,0,6,1723325469776,0,0,0,0,1723325469776,124,[8 -24 8 -25 8 -25 8 -25 7 -25 6 -25 7 -24 6 -24 5 -24 5 -24 4 -23 4 -22 3 -22 4 -22 4 -23 4 -21 4 -21 4 -20 4 -19 4 -18 4 -17 4 -16 4 -16 4 -15 5 -15 0 0 0 0 0 0 0 0 0 0 0 0 0 0 0 0 0 0 0 0 0 0 -2 -5 -2 -6 -1 -7 0 -8 0 -9 1 -10 1 -11 2 -12 3 -12 4 -14 4 -15 5 -15 6 -16 7 -16 7 -17 8 -17 8 -18 8 -18 8 -19 8 -20 8 -20 9 -21 8 -22 8 -23 8 -24 8 -24]
,,,-80,0,0,0,0,0,0,0,0,0,0,-92,0,6,1723325469794,0,0,0,0,1723325469794,124,[-10 24 -10 24 -9 24 -9 23 -9 24 -9 23 -8 23 -8 23 -7 23 -6 23 -6 22 -6 21 -5 21 -5 21 -5 21 -5 20 -5 19 -5 19 -5 18 -6 17 -6 16 -6 15 -6 15 -6 14 -6 13 0 0 0 0 0 0 0 0 0 0 0 0 0 0 0 0 0 0 0 0 0 0 1 4 0 5 0 6 -1 7 -1 8 -2 8 -3 13 10 -3 11 -4 12 -5 13 -6 14 -6 14 -8 15 -8 15 -9 15 -9 17 -10 16 -9 17 -10 18 -10 19 -10 19 -10 20 -10 21 -10 22 -10 22 -10]
,,,-80,0,0,0,0,0,0,0,0,0,0,-92,0,6,1723325469815,0,0,0,0,1723325469815,124,[-26 -4 -27 -4 -26 -3 -26 -3 -26 -3 -26 -3 -25 -3 -25 -3 -25 -3 -24 -2 -24 -1 -23 0 -23 0 -23 0 -22 0 -22 0 -21 -1 -20 -1 -19 -2 -19 -2 -18 -2 -17 -2 -16 -2 -16 -2 -15 -3 0 0 0 0 0 0 0 0 0 0 0 0 0 0 0 0 0 0 0 0 0 0 -5 2 -6 1 -7 1 -8 1 -9 1 -10 0 -11 0 -12 -1 -13 -1 -15 -2 -16 -3 -16 -4 -17 -4 -17 -4 -18 -5 -19 -5 -19 -5 -20 -5 -21 -5 -21 -5 -22 -5 -23 -5 -23 -5 -24 -4 -25 -5 -25 -5]
,,,-80,0,0,0,0,0,0,0,0,0,0,-92,0,6,1723325469835,0,0,0,0,1723325469835,124,[2 -26 2 -26 2 -26 1 -26 1 -25 0 -26 1 -25 0 -25 0 -25 0 -25 -1 -23 -1 -23 -1 -23 -2 -23 -2 -22 -1 -21 -1 -21 -1 -20 0 -19 0 -19 0 -18 0 -17 1 -17 1 -16 2 -16 0 0 0 0 0 0 0 0 0 0 0 0 0 0 0 0 0 0 0 0 0 0 -3 -5 -3 -6 -3 -6 -2 -7 -2 -8 -2 -10 -2 -11 -1 -12 -1 -13 0 -15 1 -16 2 -17 2 -17 3 -17 3 -18 3 -19 3 -19 3 -20 3 -20 2 -21 3 -22 2 -22 3 -24 3 -24 3 -25 3 -25]
,,,-80,0,0,0,0,0,0,0,0,0,0,-92,0,6,1723325469863,0,0,0,0,1723325469863,124,[23 -9 24 -10 23 -10 23 -10 23 -10 23 -11 23 -10 21 -10 21 -10 21 -10 21 -10 20 -10 19 -10 19 -10 19 -10 19 -9 19 -9 18 -9 17 -8 17 -8 15 -7 15 -6 15 -5 14 -5 14 -4 0 0 0 0 0 0 0 0 0 0 0 0 0 0 0 0 0 0 0 0 0 0 2 -5 2 -5 4 -5 4 -6 5 -6 6 -6 8 -6 9 -7 13 10 -7 12 -7 13 -7 14 -6 16 -7 16 -6 17 -6 17 -6 18 -6 18 -6 19 -7 19 -8 20 -8 21 -8 21 -9 23 -9 23 -9 23]
,,,-80,0,0,0,0,0,0,0,0,0,0,-92,0,6,1723325469876,0,0,0,0,1723325469876,124,[-29 -25 -28 -25 -28 -26 -29 -24 -28 -25 -28 -25 -28 -23 -27 -23 -28 -23 -28 -21 -29 -20 -27 -19 -27 -20 -26 -19 -26 -19 -25 -18 -24 -18 -23 -19 -22 -18 -21 -18 -19 -17 -19 -17 -18 -16 -17 -16 -15 -17 0 0 0 0 0 0 0 0 0 0 0 0 0 0 0 0 0 0 0 0 0 0 -8 -1 -8 -3 -10 -3 -11 -4 -12 -5 -12 -7 -14 -9 -14 -11 -15 -12 -17 -13 -17 -16 -17 -17 -19 -18 -18 -18 -18 -19 -19 -21 -19 -21 -20 -22 -21 -22 -22 -23 -22 -24 -24 -24 -24 -25 -26 -24 -27 -25 -27 -26]
,,,-80,0,0,0,0,0,0,0,0,0,0,-92,0,6,1723325469894,0,0,0,0,1723325469894,124,[-17 19 -18 20 -16 19 -17 20 -16 19 -16 19 -15 19 -15 19 -14 18 -14 19 -13 19 -13 18 -13 19 -12 18 -13 18 -12 17 -12 17 -12 16 -11 15 -11 15 -11 13 -10 12 -11 12 -11 11 -11 13 10 0 0 0 0 0 0 0 0 0 0 0 0 0 0 0 0 0 0 0 0 0 0 -1 4 -1 5 -2 5 -3 6 -4 7 -5 8 -5 9 -6 9 -7 13 10 -9 13 10 -10 11 -11 11 -12 12 -12 12 -14 12 -14 13 -14 13 -14 13 -15 14 -15 15 -16 16 -16 16 -16 16 -17 17 -17]
,,,-80,0,0,0,0,0,0,0,0,0,0,-92,0,6,1723325469915,0,0,0,0,1723325469915,124,[-12 23 -12 23 -11 22 -11 23 -11 23 -11 23 -11 22 -10 22 -10 22 -9 21 -9 21 -8 20 -8 21 -7 20 -7 20 -8 19 -7 19 -7 18 -7 17 -7 17 -7 15 -7 15 -7 14 -8 14 -8 12 0 0 0 0 0 0 0 0 0 0 0 0 0 0 0 0 0 0 0 0 0 0 1 4 0 5 -1 5 -1 6 -2 7 -3 8 -3 9 -4 13 10 -5 11 -7 12 -8 13 -9 14 -9 14 -10 14 -11 15 -11 15 -11 16 -11 16 -11 17 -11 18 -12 18 -12 19 -12 19 -12 21 -12 21 -12]
,,,-80,0,0,0,0,0,0,0,0,0,0,-92,0,6,1723325469934,0,0,0,0,1723325469934,124,[-13 21 -14 22 -13 22 -13 22 -12 22 -12 21 -12 22 -11 21 -11 21 -10 21 -10 21 -10 20 -9 20 -9 20 -8 20 -8 19 -8 18 -8 17 -8 16 -8 16 -8 15 -8 14 -8 13 -9 13 -9 12 0 0 0 0 0 0 0 0 0 0 0 0 0 0 0 0 0 0 0 0 0 0 0 4 0 5 -1 6 -2 6 -3 7 -3 8 -4 9 -5 13 10 -6 11 -7 12 -8 13 -9 13 -10 13 -10 13 -11 14 -12 14 -12 15 -12 15 -12 16 -12 17 -13 18 -13 19 -13 19 -13 20 -13 21 -13]
,,,-80,0,0,0,0,0,0,0,0,0,0,-92,0,6,1723325469954,0,0,0,0,1723325469954,124,[-24 13 10 -24 11 -23 13 10 -23 11 -23 12 -23 11 -23 11 -21 11 -22 11 -21 11 -21 11 -20 11 -19 11 -19 11 -19 11 -18 11 -18 13 10 -18 9 -17 9 -17 8 -16 7 -15 7 -15 6 -15 5 -15 4 0 0 0 0 0 0 0 0 0 0 0 0 0 0 0 0 0 0 0 0 0 0 -2 4 -3 4 -5 4 -6 5 -6 5 -7 5 -9 6 -10 6 -11 6 -12 6 -14 6 -15 6 -16 6 -16 6 -17 6 -18 6 -18 6 -19 6 -20 7 -20 8 -20 8 -21 8 -22 8 -23 9 -23]
,,,-80,0,0,0,0,0,0,0,0,0,0,-92,0,6,1723325469974,0,0,0,0,1723325469974,124,[-11 23 -11 23 -10 23 -10 23 -10 23 -10 23 -10 23 -9 22 -9 22 -8 22 -8 21 -8 21 -7 20 -6 21 -7 21 -6 20 -6 19 -6 18 -6 17 -6 17 -7 15 -6 15 -6 14 -7 14 -8 13 0 0 0 0 0 0 0 0 0 0 0 0 0 0 0 0 0 0 0 0 0 0 0 4 0 5 -1 6 -1 7 -2 7 -2 9 -3 9 -4 11 -5 12 -6 12 -7 13 -8 14 -9 14 -9 14 -10 14 -10 15 -10 16 -10 17 -11 17 -11 18 -11 19 -11 19 -11 20 -11 21 -12 21 -11 22]
,,,-80,0,0,0,0,0,0,0,0,0,0,-92,0,6,1723325469995,0,0,0,0,1723325469995,124,[-27 -1 -27 -1 -26 -1 -26 0 -26 0 -26 0 -25 0 -25 0 -24 0 -24 1 -24 1 -23 1 -23 2 -22 2 -22 2 -21 1 -21 1 -20 1 -19 0 -19 0 -18 0 -17 -1 -17 -1 -16 -1 -15 -2 0 0 0 0 0 0 0 0 0 0 0 0 0 0 0 0 0 0 0 0 0 0 -4 2 -5 2 -6 2 -8 2 -8 2 -9 1 -11 1 -12 1 -13 0 -15 0 -16 0 -16 -2 -18 -2 -18 -2 -18 -3 -19 -2 -19 -3 -20 -3 -21 -2 -22 -2 -22 -2 -23 -2 -24 -3 -24 -2 -26 -2 -26 -2]
,,,-80,0,0,0,0,0,0,0,0,0,0,-92,0,6,1723325470014,0,0,0,0,1723325470014,124,[-15 -22 -15 -22 -14 -22 -15 -21 -14 -21 -15 -21 -14 -21 -15 -20 -15 -20 -15 -19 -15 -18 -15 -18 -15 -18 -15 -17 -15 -17 -14 -16 -13 -16 -13 -16 -12 -16 -11 -16 -11 -14 -10 -14 -10 -14 -9 -14 -8 -14 0 0 0 0 0 0 0 0 0 0 0 0 0 0 0 0 0 0 0 0 0 0 -5 -2 -5 -3 -6 -4 -6 -5 -7 -5 -7 -7 -8 -8 -8 -10 -8 -11 -8 -12 -9 -13 -9 -15 -8 -15 -9 -16 -8 -16 -9 -17 -9 -17 -9 -18 -10 -18 -10 -19 -11 -20 -12 -20 -12 -21 -13 -21 -13 -21 -13 -22]
,,,-80,0,0,0,0,0,0,0,0,0,0,-92,0,6,1723325470035,0,0,0,0,1723325470035,124,[-29 0 -30 0 -28 0 -29 0 -28 0 -29 1 -28 1 -27 1 -27 1 -27 2 -26 3 -25 3 -26 3 -25 3 -24 3 -23 3 -23 2 -22 2 -21 0 -21 1 -20 0 -19 0 -18 0 -17 0 -17 -2 0 0 0 0 0 0 0 0 0 0 0 0 0 0 0 0 0 0 0 0 0 0 -5 2 -6 2 -7 3 -8 2 -9 2 -11 1 -12 1 -13 0 -14 1 -16 0 -17 -1 -18 -2 -19 -1 -20 -1 -20 -3 -21 -3 -21 -2 -22 -3 -23 -2 -24 -2 -25 -2 -25 -2 -25 -2 -27 -1 -28 -1 -29 -1]
,,,-80,0,0,0,0,0,0,0,0,0,0,-92,0,6,1723325470054,0,0,0,0,1723325470054,124,[-21 -11 -21 -11 -21 -10 -21 -10 -21 -10 -21 -10 -20 -10 -21 -10 -20 -9 -20 -9 -20 -8 -20 -7 -20 -7 -19 -7 -19 -7 -18 -7 -18 -7 -17 -7 -16 -7 -15 -7 -15 -7 -14 -7 -14 -7 -13 -7 -12 -8 0 0 0 0 0 0 0 0 0 0 0 0 0 0 0 0 0 0 0 0 0 0 -5 0 -5 0 -6 -1 -7 -1 -8 -1 -8 -2 -10 -3 -10 -4 -11 -5 -12 -5 -13 -7 -13 -7 -14 -8 -14 -9 -14 -9 -15 -10 -15 -10 -15 -10 -17 -10 -17 -10 -18 -10 -18 -11 -18 -11 -20 -10 -20 -11 -20 -11]
,,,-80,0,0,0,0,0,0,0,0,0,0,-92,0,6,1723325470074,0,0,0,0,1723325470074,124,[-22 12 -24 13 -22 12 -22 13 -23 12 -22 13 -22 12 -21 12 -20 12 -20 13 -19 14 -18 13 -19 13 -18 13 -18 13 -18 12 -17 11 -17 13 10 -16 9 -16 9 -15 8 -14 8 -14 8 -14 7 -14 6 0 0 0 0 0 0 0 0 0 0 0 0 0 0 0 0 0 0 0 0 0 0 -2 4 -3 4 -4 4 -5 5 -6 5 -7 6 -8 6 -9 6 -11 7 -12 7 -13 8 -14 7 -15 7 -16 7 -17 7 -18 7 -18 7 -18 8 -19 8 -20 9 -20 9 -21 9 -21 13 10 -21 12 -22 12]
,,,-80,0,0,0,0,0,0,0,0,0,0,-92,0,6,1723325470094,0,0,0,0,1723325470094,124,[-23 12 -23 11 -23 12 -23 12 -23 12 -23 12 -22 12 -21 12 -21 12 -20 12 -20 12 -19 12 -19 12 -19 12 -18 11 -19 11 -17 11 -17 13 10 -17 9 -16 9 -16 8 -16 7 -15 7 -14 6 -14 5 0 0 0 0 0 0 0 0 0 0 0 0 0 0 0 0 0 0 0 0 0 0 -2 4 -3 4 -4 5 -5 5 -6 6 -7 6 -9 6 -10 6 -11 7 -13 7 -14 7 -15 7 -16 7 -16 7 -17 7 -18 7 -18 7 -19 7 -19 8 -20 8 -21 8 -21 9 -21 13 10 -23 13 10 -22]
,,,-80,0,0,0,0,0,0,0,0,0,0,-92,0,6,1723325470116,0,0,0,0,1723325470116,124,[-4 -25 -4 -26 -5 -26 -5 -26 -5 -25 -5 -26 -5 -25 -5 -24 -6 -24 -6 -24 -7 -23 -7 -22 -7 -22 -7 -21 -7 -21 -6 -21 -6 -20 -5 -20 -4 -19 -5 -19 -4 -17 -4 -17 -4 -16 -3 -16 -2 -16 0 0 0 0 0 0 0 0 0 0 0 0 0 0 0 0 0 0 0 0 0 0 -4 -4 -4 -5 -4 -5 -4 -7 -4 -7 -4 -9 -4 -10 -3 -12 -4 -13 -3 -14 -3 -16 -2 -17 -2 -17 -2 -18 -1 -18 -2 -19 -1 -20 -2 -20 -2 -21 -2 -21 -2 -22 -2 -23 -3 -23 -3 -24 -4 -25 -4 -26]
,,,-80,0,0,0,0,0,0,0,0,0,0,-92,0,6,1723325470134,0,0,0,0,1723325470134,124,[-18 -19 -17 -19 -18 -20 -18 -18 -18 -18 -18 -18 -18 -17 -18 -17 -18 -18 -18 -17 -17 -16 -17 -15 -17 -15 -18 -15 -17 -14 -17 -14 -16 -13 -16 -13 -15 -13 -14 -13 -13 -12 -12 -12 -12 -12 -11 -12 -10 -12 0 0 0 0 0 0 0 0 0 0 0 0 0 0 0 0 0 0 0 0 0 0 -5 -2 -6 -3 -6 -3 -7 -4 -7 -5 -8 -6 -8 -7 -9 -9 -9 -10 -10 -11 -9 -13 -9 -14 -9 -14 -10 -15 -10 -15 -11 -17 -11 -16 -12 -17 -12 -17 -13 -17 -14 -18 -14 -18 -14 -20 -15 -20 -15 -20 -15 -20]
,,,-80,0,0,0,0,0,0,0,0,0,0,-92,0,6,1723325470154,0,0,0,0,1723325470154,124,[-10 23 -10 23 -10 23 -10 24 -9 23 -9 23 -9 23 -8 22 -8 22 -8 22 -8 21 -7 21 -7 21 -6 21 -6 21 -6 20 -6 19 -6 18 -6 17 -6 17 -6 16 -7 15 -7 14 -7 14 -7 13 0 0 0 0 0 0 0 0 0 0 0 0 0 0 0 0 0 0 0 0 0 0 1 4 0 5 0 6 -1 7 -1 8 -1 9 -2 13 10 -3 11 -4 12 -5 12 -6 14 -7 14 -8 15 -8 15 -9 15 -9 16 -9 17 -10 17 -10 17 -10 19 -10 19 -10 20 -10 20 -11 21 -11 22 -11]
,,,-80,0,0,0,0,0,0,0,0,0,0,-92,0,6,1723325470181,0,0,0,0,1723325470181,124,[24 8 24 8 24 8 24 7 24 7 24 7 23 7 22 6 23 6 22 5 22 5 21 5 21 4 21 4 21 4 20 4 19 5 19 4 18 5 17 5 16 5 15 5 15 5 14 5 13 6 0 0 0 0 0 0 0 0 0 0 0 0 0 0 0 0 0 0 0 0 0 0 4 -2 5 -2 6 -2 7 -1 8 -1 8 0 13 10 1 11 2 12 3 13 3 14 4 14 6 15 6 15 7 16 7 17 7 16 8 17 8 18 8 19 8 20 8 20 8 21 9 22 8 22 9 23]
,,,-80,0,0,0,0,0,0,0,0,0,0,-92,0,6,1723325470195,0,0,0,0,1723325470195,124,[4 -26 4 -25 3 -25 3 -25 3 -25 3 -25 3 -25 2 -24 2 -24 1 -24 1 -23 0 -23 1 -22 0 -22 0 -22 0 -21 0 -20 0 -20 1 -19 1 -19 1 -17 1 -17 2 -16 2 -16 3 -15 0 0 0 0 0 0 0 0 0 0 0 0 0 0 0 0 0 0 0 0 0 0 -3 -5 -2 -6 -2 -7 -2 -7 -1 -9 -1 -10 -1 -11 0 -12 1 -13 2 -14 2 -16 3 -16 4 -16 5 -17 4 -18 5 -18 4 -19 5 -19 5 -20 5 -21 4 -22 5 -22 4 -23 5 -23 5 -24 5 -25]
,,,-80,0,0,0,0,0,0,0,0,0,0,-92,0,6,1723325470218,0,0,0,0,1723325470218,124,[22 -11 23 -12 22 -11 23 -12 22 -11 22 -12 22 -11 21 -12 20 -12 19 -13 20 -13 19 -13 19 -13 17 -12 18 -13 17 -11 17 -12 16 -11 16 -10 16 -9 14 -9 14 -8 14 -8 13 -7 14 -6 0 0 0 0 0 0 0 0 0 0 0 0 0 0 0 0 0 0 0 0 0 0 1 -5 3 -5 4 -5 5 -6 6 -6 7 -6 8 -6 9 -7 13 10 -7 12 -6 13 -7 14 -6 15 -6 16 -6 17 -6 16 -6 18 -7 17 -7 19 -8 19 -8 20 -8 20 -9 20 -8 22 -10 22 -11 23]
,,,-80,0,0,0,0,0,0,0,0,0,0,-92,0,6,1723325470235,0,0,0,0,1723325470235,124,[-21 16 -20 16 -20 16 -19 16 -19 17 -19 17 -18 16 -17 16 -17 16 -17 16 -16 16 -16 16 -15 16 -15 16 -14 16 -15 16 -14 14 -14 14 -13 13 -13 13 -13 11 -12 11 -13 13 10 -12 13 10 -12 8 0 0 0 0 0 0 0 0 0 0 0 0 0 0 0 0 0 0 0 0 0 0 -1 4 -2 5 -4 5 -4 6 -5 6 -6 7 -7 8 -8 8 -9 9 -11 9 -12 9 -13 9 -14 9 -15 9 -15 9 -16 13 10 -16 13 10 -17 11 -17 11 -17 12 -18 13 -18 13 -19 14 -19 14]
,,,-80,0,0,0,0,0,0,0,0,0,0,-92,0,6,1723325470254,0,0,0,0,1723325470254,124,[1 24 1 26 1 25 2 25 2 25 3 24 3 24 3 24 3 23 3 23 3 23 3 21 3 22 3 21 3 21 3 20 3 20 3 19 2 18 2 18 2 16 1 16 0 16 0 15 -1 15 0 0 0 0 0 0 0 0 0 0 0 0 0 0 0 0 0 0 0 0 0 0 3 3 3 5 2 5 3 6 2 7 3 8 2 13 10 2 11 2 12 2 13 1 15 0 16 0 16 -1 16 -1 18 -1 18 -1 19 -1 19 -1 20 0 21 0 21 0 22 0 22 0 24 0 25 1]
,,,-80,0,0,0,0,0,0,0,0,0,0,-92,0,6,1723325470274,0,0,0,0,1723325470274,124,[30 21 31 21 29 21 31 20 30 19 30 19 30 18 30 18 30 17 29 17 29 15 28 15 29 14 28 14 27 14 27 13 25 13 24 13 24 13 22 12 21 13 20 12 19 12 18 12 17 13 0 0 0 0 0 0 0 0 0 0 0 0 0 0 0 0 0 0 0 0 0 0 6 0 7 0 9 1 13 10 2 11 3 12 5 13 6 14 8 15 9 16 11 18 13 18 14 19 16 19 17 20 17 19 18 20 18 21 19 22 18 23 18 24 19 26 20 26 21 28 20 29 21 29]
,,,-80,0,0,0,0,0,0,0,0,0,0,-92,0,6,1723325470296,0,0,0,0,1723325470296,124,[37 3 37 3 37 3 36 2 36 2 36 1 36 0 34 0 35 0 34 1 33 -1 32 -1 32 -1 31 -2 31 -2 30 -1 29 -1 28 -2 27 -1 26 0 25 0 24 1 23 2 21 2 21 3 0 0 0 0 0 0 0 0 0 0 0 0 0 0 0 0 0 0 0 0 0 0 5 -4 7 -4 9 -4 13 10 -3 12 -3 12 -2 15 -2 17 -1 18 0 21 1 21 3 23 4 24 4 25 5 25 5 26 6 27 5 28 6 29 5 30 5 31 4 32 4 33 5 35 4 35 4 36]
,,,-80,0,0,0,0,0,0,0,0,0,0,-92,0,6,1723325470314,0,0,0,0,1723325470314,124,[20 14 21 14 20 14 21 14 20 13 21 13 21 12 20 12 20 12 20 12 19 11 19 11 19 13 10 19 13 10 19 13 10 18 13 10 18 13 10 17 9 16 9 15 9 14 8 13 9 13 9 12 9 11 9 0 0 0 0 0 0 0 0 0 0 0 0 0 0 0 0 0 0 0 0 0 0 4 0 5 0 6 0 6 1 7 2 8 3 9 4 13 10 5 13 10 6 12 7 12 8 12 13 10 12 13 10 13 11 13 11 14 12 14 12 14 13 16 12 16 13 17 13 17]
,,,-80,0,0,0,0,0,0,0,0,0,0,-92,0,6,1723325470334,0,0,0,0,1723325470334,124,[23 13 10 23 9 23 9 23 8 23 9 23 8 23 8 22 8 22 7 22 7 21 7 21 6 21 6 21 6 20 5 20 6 19 6 18 6 18 6 17 5 16 6 15 6 14 6 13 6 12 6 0 0 0 0 0 0 0 0 0 0 0 0 0 0 0 0 0 0 0 0 0 0 4 -1 5 -1 6 -1 7 -1 8 0 9 1 13 10 2 11 2 12 4 13 4 14 5 14 6 15 7 15 7 15 8 16 8 16 9 17 9 17 9 19 9 19 9 20 9 20 13 10 21 9 22]
,,,-80,0,0,0,0,0,0,0,0,0,0,-92,0,6,1723325470354,0,0,0,0,1723325470354,124,[-32 -1 -34 -1 -32 -2 -33 -1 -33 -1 -32 0 -32 0 -31 0 -30 0 -30 1 -30 2 -28 2 -29 2 -27 2 -28 2 -27 1 -25 1 -25 0 -24 0 -23 0 -22 -1 -21 -1 -21 -1 -20 -1 -19 -3 0 0 0 0 0 0 0 0 0 0 0 0 0 0 0 0 0 0 0 0 0 0 -5 3 -6 3 -8 3 -9 3 -10 3 -12 2 -13 2 -14 1 -16 0 -18 1 -20 -1 -20 -1 -22 -2 -22 -2 -24 -3 -24 -3 -25 -3 -25 -3 -27 -3 -27 -3 -28 -3 -29 -3 -29 -2 -31 -2 -31 -2 -32 -2]
,,,-80,0,0,0,0,0,0,0,0,0,0,-92,0,6,1723325470374,0,0,0,0,1723325470374,124,[-14 21 -15 22 -14 21 -14 22 -14 21 -13 21 -13 21 -12 20 -12 20 -12 20 -11 20 -11 20 -11 20 -10 19 -10 20 -10 18 -9 18 -10 17 -9 16 -10 16 -9 14 -9 13 -9 13 -9 13 -10 12 0 0 0 0 0 0 0 0 0 0 0 0 0 0 0 0 0 0 0 0 0 0 0 4 -1 5 -1 6 -2 7 -3 7 -4 9 -4 9 -5 13 10 -6 11 -7 12 -8 13 -10 13 -10 13 -11 13 -12 14 -12 14 -13 15 -12 14 -13 16 -13 17 -14 17 -13 18 -13 18 -14 19 -14 20 -15]
,,,-80,0,0,0,0,0,0,0,0,0,0,-92,0,6,1723325470395,0,0,0,0,1723325470395,124,[19 15 20 15 20 15 20 14 20 15 20 15 20 14 19 14 20 14 20 12 19 11 19 11 19 11 19 13 10 18 11 18 13 10 17 13 10 16 13 10 15 13 10 15 13 10 14 9 13 13 10 13 9 12 9 11 13 10 0 0 0 0 0 0 0 0 0 0 0 0 0 0 0 0 0 0 0 0 0 0 4 0 5 1 6 0 7 1 7 2 8 4 9 4 13 10 6 13 10 7 11 8 11 9 12 13 10 12 13 10 12 11 13 12 13 13 13 13 14 13 15 13 15 14]
,,,-80,0,0,0,0,0,0,0,0,0,0,-92,0,6,1723325470414,0,0,0,0,1723325470414,124,[12 -26 12 -27 12 -26 12 -27 11 -26 11 -26 11 -26 13 10 -25 13 10 -25 9 -25 9 -25 9 -24 8 -24 7 -23 8 -24 8 -22 8 -22 7 -21 8 -20 8 -20 7 -18 8 -17 8 -16 8 -15 9 -15 0 0 0 0 0 0 0 0 0 0 0 0 0 0 0 0 0 0 0 0 0 0 -2 -6 -1 -7 -1 -8 0 -9 1 -9 1 -11 2 -12 3 -13 4 -14 5 -15 6 -16 8 -17 8 -17 9 -17 13 10 -18 13 10 -18 13 10 -19 13 10 -19 11 -21 11 -21 11 -22 11 -23 11 -23]
,,,-80,0,0,0,0,0,0,0,0,0,0,-92,0,6,1723325470434,0,0,0,0,1723325470434,124,[-29 -16 -29 -16 -28 -17 -30 -16 -29 -15 -30 -14 -29 -14 -28 -14 -28 -14 -27 -14 -28 -13 -26 -12 -27 -11 -26 -11 -26 -11 -25 -11 -24 -11 -23 -10 -22 -10 -22 -10 -20 -10 -19 -10 -18 -11 -17 -11 -16 -11 0 0 0 0 0 0 0 0 0 0 0 0 0 0 0 0 0 0 0 0 0 0 -6 0 -8 -1 -9 -1 -10 -2 -11 -2 -11 -4 -13 -5 -14 -6 -15 -7 -16 -9 -17 -10 -17 -12 -18 -12 -18 -13 -19 -14 -20 -15 -20 -15 -20 -15 -22 -15 -23 -15 -24 -16 -25 -15 -25 -16 -26 -16 -27 -17 -28 -17]
,,,-80,0,0,0,0,0,0,0,0,0,0,-92,0,6,1723325470454,0,0,0,0,1723325470454,124,[20 -15 21 -15 20 -15 21 -16 20 -15 20 -16 20 -16 19 -16 18 -16 18 -16 17 -15 17 -15 17 -15 16 -15 16 -15 16 -14 15 -14 14 -13 14 -12 14 -12 13 -11 13 -10 13 -10 13 -9 13 -8 0 0 0 0 0 0 0 0 0 0 0 0 0 0 0 0 0 0 0 0 0 0 1 -5 2 -6 3 -6 4 -6 4 -7 5 -8 7 -8 8 -9 9 -9 13 10 -9 12 -9 13 -9 14 -9 14 -9 15 -9 15 -10 16 -10 16 -10 18 -11 18 -11 18 -12 19 -13 19 -13 20 -13 20 -14 20]
,,,-80,0,0,0,0,0,0,0,0,0,0,-92,0,6,1723325470474,0,0,0,0,1723325470474,124,[20 -17 19 -17 19 -17 19 -17 19 -17 19 -18 18 -17 17 -17 17 -17 17 -17 17 -17 16 -16 15 -16 15 -17 14 -16 14 -16 14 -15 13 -15 13 -14 13 -14 12 -13 12 -12 12 -11 12 -10 12 -9 0 0 0 0 0 0 0 0 0 0 0 0 0 0 0 0 0 0 0 0 0 0 0 -5 1 -6 2 -6 3 -6 5 -7 5 -8 6 -8 7 -9 9 -9 13 10 -9 11 -10 13 -9 14 -10 14 -10 15 -10 15 -10 15 -11 16 -11 17 -11 17 -13 17 -13 18 -14 18 -14 19 -15 20 -15 19]
,,,-80,0,0,0,0,0,0,0,0,0,0,-92,0,6,1723325470494,0,0,0,0,1723325470494,124,[16 34 16 33 16 34 15 33 17 33 17 32 17 31 16 30 15 32 16 30 15 29 16 27 16 26 17 27 17 25 16 26 15 25 14 23 13 23 12 23 12 21 13 10 21 9 21 8 20 7 20 0 0 0 0 0 0 0 0 0 0 0 0 0 0 0 0 0 0 0 0 0 0 6 3 6 4 7 5 7 6 8 8 8 13 10 8 12 8 14 9 16 8 18 8 20 7 22 7 22 8 23 7 23 9 25 8 26 9 27 9 27 11 28 11 29 13 29 11 32 12 32 13 33]
,,,-80,0,0,0,0,0,0,0,0,0,0,-92,0,6,1723325470514,0,0,0,0,1723325470514,124,[-14 -24 -15 -26 -15 -24 -15 -24 -15 -24 -16 -24 -16 -23 -16 -23 -16 -22 -16 -22 -17 -21 -16 -20 -16 -20 -15 -19 -16 -20 -15 -18 -15 -18 -13 -18 -13 -18 -12 -17 -11 -16 -11 -15 -11 -15 -10 -15 -8 -15 0 0 0 0 0 0 0 0 0 0 0 0 0 0 0 0 0 0 0 0 0 0 -5 -3 -6 -4 -6 -4 -7 -5 -7 -6 -8 -8 -8 -9 -8 -11 -8 -12 -9 -12 -9 -15 -9 -16 -9 -16 -9 -17 -9 -18 -9 -19 -9 -20 -9 -20 -11 -20 -10 -21 -11 -22 -11 -22 -13 -22 -14 -23 -14 -23 -15 -24]
,,,-80,0,0,0,0,0,0,0,0,0,0,-92,0,6,1723325470537,0,0,0,0,1723325470537,124,[24 4 25 4 24 4 25 4 25 4 24 4 24 3 23 3 23 3 23 3 22 2 22 2 22 2 21 2 21 2 20 2 19 2 19 2 18 2 17 2 16 2 15 3 15 3 14 4 14 4 0 0 0 0 0 0 0 0 0 0 0 0 0 0 0 0 0 0 0 0 0 0 3 -3 4 -3 5 -3 6 -3 7 -2 8 -2 13 10 -1 13 10 0 11 0 13 1 14 2 14 3 16 3 16 3 16 4 16 4 18 4 18 4 19 4 19 4 20 4 21 4 21 5 22 4 23 4]
,,,-80,0,0,0,0,0,0,0,0,0,0,-92,0,6,1723325470554,0,0,0,0,1723325470554,124,[-20 -17 -20 -17 -19 -17 -19 -17 -19 -17 -20 -16 -19 -16 -19 -15 -19 -16 -19 -15 -19 -14 -18 -13 -18 -13 -18 -13 -17 -13 -17 -12 -16 -12 -16 -12 -15 -12 -14 -12 -13 -11 -13 -11 -12 -11 -11 -11 -11 -11 0 0 0 0 0 0 0 0 0 0 0 0 0 0 0 0 0 0 0 0 0 0 -5 -1 -5 -1 -6 -1 -7 -2 -7 -3 -8 -4 -9 -5 -9 -6 -10 -7 -10 -8 -11 -10 -11 -11 -12 -12 -12 -12 -12 -13 -13 -14 -13 -14 -13 -14 -14 -15 -15 -15 -15 -15 -16 -15 -16 -16 -17 -16 -18 -17 -18 -17]
,,,-80,0,0,0,0,0,0,0,0,0,0,-92,0,6,1723325470574,0,0,0,0,1723325470574,124,[-5 23 -6 25 -5 23 -5 24 -5 24 -5 24 -5 23 -5 23 -4 23 -3 22 -3 22 -3 21 -3 21 -3 20 -3 21 -3 19 -3 19 -3 18 -4 17 -3 17 -4 16 -4 15 -3 15 -4 14 -5 13 0 0 0 0 0 0 0 0 0 0 0 0 0 0 0 0 0 0 0 0 0 0 2 3 2 4 1 4 1 5 1 6 0 8 0 9 -1 13 10 -2 11 -2 12 -3 14 -3 14 -4 15 -4 15 -5 16 -6 16 -6 17 -6 17 -6 18 -6 19 -6 19 -6 20 -6 20 -6 22 -5 22 -5]
,,,-80,0,0,0,0,0,0,0,0,0,0,-92,0,6,1723325470595,0,0,0,0,1723325470595,124,[12 23 12 24 12 24 12 24 12 23 12 23 12 23 12 22 12 21 12 21 12 20 12 20 12 20 12 19 12 19 11 18 11 18 13 10 17 13 10 16 9 16 9 15 7 15 7 15 7 14 6 14 0 0 0 0 0 0 0 0 0 0 0 0 0 0 0 0 0 0 0 0 0 0 4 1 4 2 4 2 4 4 5 4 6 6 6 7 6 8 6 13 10 6 11 7 13 6 14 6 15 6 15 6 16 6 17 6 18 7 18 7 18 8 19 8 20 9 20 9 21 13 10 22]
,,,-80,0,0,0,0,0,0,0,0,0,0,-92,0,6,1723325470614,0,0,0,0,1723325470614,124,[-10 24 -10 24 -10 25 -10 25 -9 25 -9 25 -9 24 -8 24 -8 24 -8 23 -8 23 -7 22 -6 22 -6 22 -6 21 -6 20 -5 20 -5 19 -5 18 -5 18 -6 16 -6 16 -6 15 -6 14 -7 14 0 0 0 0 0 0 0 0 0 0 0 0 0 0 0 0 0 0 0 0 0 0 1 3 1 4 0 4 0 5 -1 6 -1 8 -2 9 -3 13 10 -4 11 -4 12 -6 13 -7 14 -8 14 -8 14 -9 15 -9 16 -9 16 -9 17 -9 17 -10 18 -10 18 -9 19 -10 20 -10 21 -10 22 -11]
,,,-80,0,0,0,0,0,0,0,0,0,0,-92,0,6,1723325470640,0,0,0,0,1723325470640,124,[-36 -14 -36 -14 -36 -15 -36 -14 -36 -14 -36 -14 -35 -15 -34 -14 -35 -14 -34 -13 -33 -12 -32 -11 -32 -11 -31 -10 -30 -11 -30 -10 -28 -10 -27 -11 -25 -11 -25 -11 -24 -10 -23 -11 -22 -10 -21 -11 -19 -11 0 0 0 0 0 0 0 0 0 0 0 0 0 0 0 0 0 0 0 0 0 0 -4 2 -5 2 -7 1 -9 1 -10 0 -10 -1 -12 -2 -14 -3 -16 -4 -18 -6 -19 -7 -20 -9 -21 -10 -22 -11 -22 -12 -23 -12 -23 -13 -24 -13 -26 -13 -26 -13 -28 -15 -29 -14 -29 -15 -31 -14 -33 -15 -33 -15]
,,,-80,0,0,0,0,0,0,0,0,0,0,-92,0,6,1723325470655,0,0,0,0,1723325470655,124,[-12 -22 -11 -24 -11 -23 -12 -23 -12 -23 -12 -23 -12 -23 -12 -22 -12 -22 -12 -22 -12 -21 -12 -20 -12 -19 -11 -19 -12 -19 -11 -18 -11 -18 -10 -17 -10 -17 -9 -16 -9 -15 -8 -15 -8 -15 -7 -14 -6 -14 0 0 0 0 0 0 0 0 0 0 0 0 0 0 0 0 0 0 0 0 0 0 -3 -1 -3 -2 -4 -2 -5 -3 -4 -4 -5 -6 -6 -7 -6 -8 -6 -9 -6 -10 -6 -13 -5 -13 -6 -14 -5 -15 -5 -15 -6 -16 -5 -17 -6 -18 -6 -18 -7 -18 -7 -19 -7 -19 -8 -20 -9 -21 -10 -22 -10 -22]
,,,-80,0,0,0,0,0,0,0,0,0,0,-92,0,6,1723325470674,0,0,0,0,1723325470674,124,[-3 -29 -3 -29 -3 -29 -3 -29 -3 -28 -3 -29 -3 -29 -4 -28 -3 -28 -4 -28 -4 -27 -4 -26 -4 -26 -4 -25 -4 -25 -4 -23 -3 -23 -4 -22 -3 -21 -3 -21 -2 -19 -2 -19 -2 -18 -1 -18 0 -17 0 0 0 0 0 0 0 0 0 0 0 0 0 0 0 0 0 0 0 0 0 0 -3 -2 -3 -3 -3 -4 -3 -5 -3 -5 -4 -7 -3 -8 -3 -10 -3 -11 -3 -12 -2 -14 -1 -15 -1 -16 0 -17 0 -18 0 -18 0 -20 0 -21 0 -21 0 -21 -1 -22 -1 -24 -1 -24 -1 -24 -2 -26 -2 -27]
,,,-80,0,0,0,0,0,0,0,0,0,0,-92,0,6,1723325470694,0,0,0,0,1723325470694,124,[-19 19 -21 20 -19 20 -20 20 -20 20 -20 21 -20 20 -20 20 -20 20 -19 20 -18 20 -18 18 -18 19 -17 18 -17 18 -16 17 -16 16 -15 15 -15 14 -15 14 -14 13 -14 12 -13 12 -13 11 -14 13 10 0 0 0 0 0 0 0 0 0 0 0 0 0 0 0 0 0 0 0 0 0 0 0 1 0 2 -1 2 -2 3 -2 4 -3 5 -4 6 -5 6 -6 7 -8 9 -9 9 -11 9 -12 13 10 -12 13 10 -13 13 10 -14 11 -15 11 -15 11 -16 12 -16 13 -17 14 -17 14 -18 15 -18 16]
,,,-80,0,0,0,0,0,0,0,0,0,0,-92,0,6,1723325470716,0,0,0,0,1723325470716,124,[12 20 12 21 12 20 13 21 13 21 13 21 12 21 12 20 12 20 12 20 12 19 11 19 11 19 11 18 11 18 13 10 17 13 10 17 9 17 8 15 8 15 7 14 7 14 6 14 6 13 5 13 0 0 0 0 0 0 0 0 0 0 0 0 0 0 0 0 0 0 0 0 0 0 1 -1 1 0 1 0 2 1 3 2 3 3 4 4 4 5 5 6 5 7 5 9 5 13 10 5 11 5 12 5 12 6 14 6 14 6 14 7 15 7 16 7 16 8 17 8 17 9 18 13]
,,,-80,0,0,0,0,0,0,0,0,0,0,-92,0,6,1723325470744,0,0,0,0,1723325470744,124,[3 -27 3 -28 2 -28 3 -28 4 -28 4 -29 4 -28 4 -28 3 -28 2 -28 2 -27 2 -27 2 -25 3 -25 3 -25 3 -24 3 -23 4 -22 4 -21 4 -20 4 -19 3 -18 3 -18 3 -17 5 -16 0 0 0 0 0 0 0 0 0 0 0 0 0 0 0 0 0 0 0 0 0 0 -1 -1 -1 -1 -1 -2 -1 -3 -1 -4 -1 -5 -1 -7 -1 -8 0 -9 0 -10 0 -13 1 -13 2 -14 2 -15 3 -15 3 -17 4 -17 4 -18 4 -19 5 -20 5 -20 5 -21 4 -22 3 -24 3 -24 3 -26]
,,,-80,0,0,0,0,0,0,0,0,0,0,-92,0,6,1723325470757,0,0,0,0,1723325470757,124,[-11 -24 -12 -25 -11 -26 -12 -26 -11 -26 -12 -26 -11 -26 -12 -26 -11 -26 -12 -25 -12 -24 -12 -23 -11 -24 -11 -23 -11 -23 -10 -22 -9 -21 -9 -21 -8 -20 -8 -19 -7 -18 -6 -18 -6 -17 -5 -17 -4 -17 0 0 0 0 0 0 0 0 0 0 0 0 0 0 0 0 0 0 0 0 0 0 -1 -1 -1 -1 -2 -2 -2 -3 -2 -3 -3 -5 -3 -6 -4 -7 -4 -8 -4 -9 -5 -11 -4 -13 -5 -13 -4 -15 -4 -15 -5 -17 -5 -17 -5 -18 -6 -19 -5 -19 -6 -20 -6 -20 -7 -22 -8 -22 -9 -23 -9 -24]
,,,-80,0,0,0,0,0,0,0,0,0,0,-92,0,6,1723325470779,0,0,0,0,1723325470779,124,[3 -27 4 -28 4 -28 4 -29 3 -29 4 -29 4 -29 4 -28 4 -28 4 -28 4 -27 3 -26 4 -27 4 -26 4 -25 4 -24 4 -23 4 -23 4 -21 4 -21 4 -19 4 -18 4 -18 5 -17 5 -17 0 0 0 0 0 0 0 0 0 0 0 0 0 0 0 0 0 0 0 0 0 0 0 0 0 -1 0 -2 0 -3 0 -4 0 -5 0 -6 0 -8 1 -9 2 -10 2 -12 3 -13 4 -14 5 -15 5 -15 5 -17 5 -17 6 -18 6 -19 6 -19 6 -21 5 -22 5 -22 6 -23 5 -24 5 -26]
,,,-80,0,0,0,0,0,0,0,0,0,0,-92,0,6,1723325470797,0,0,0,0,1723325470797,124,[12 20 14 21 14 21 14 21 14 21 14 21 14 21 14 21 13 21 14 21 13 20 13 20 13 20 12 19 12 19 11 18 11 18 13 10 18 9 17 9 16 8 15 7 14 7 14 6 14 5 14 0 0 0 0 0 0 0 0 0 0 0 0 0 0 0 0 0 0 0 0 0 0 -1 1 -1 1 -1 1 0 2 1 2 2 3 2 4 3 5 4 6 5 7 5 9 5 13 10 5 11 5 11 5 13 5 13 6 14 6 15 7 16 7 16 8 17 9 17 9 17 13 10 18 13]
,,,-80,0,0,0,0,0,0,0,0,0,0,-92,0,6,1723325470817,0,0,0,0,1723325470817,124,[21 -13 22 -13 22 -13 22 -14 23 -14 23 -14 23 -14 22 -14 22 -13 22 -14 21 -14 21 -14 21 -13 20 -13 20 -12 20 -11 19 -11 19 -10 18 -9 17 -8 16 -8 16 -8 15 -7 15 -6 15 -5 0 0 0 0 0 0 0 0 0 0 0 0 0 0 0 0 0 0 0 0 0 0 0 1 1 0 1 -1 2 -1 3 -1 3 -2 4 -2 5 -3 6 -3 8 -4 9 -4 13 10 -5 12 -5 13 -5 13 -5 14 -5 15 -5 15 -6 16 -7 17 -7 18 -8 18 -8 18 -9 19 -10 20 -11 21]
,,,-80,0,0,0,0,0,0,0,0,0,0,-92,0,6,1723325470837,0,0,0,0,1723325470837,124,[-26 -4 -26 -4 -27 -4 -27 -4 -28 -4 -28 -4 -27 -4 -27 -4 -27 -5 -27 -5 -26 -5 -26 -4 -26 -4 -25 -4 -24 -4 -24 -5 -22 -5 -22 -5 -20 -5 -20 -5 -18 -5 -18 -6 -17 -5 -16 -6 -16 -6 0 0 0 0 0 0 0 0 0 0 0 0 0 0 0 0 0 0 0 0 0 0 -1 -2 -1 -2 -2 -2 -3 -2 -4 -2 -4 -2 -6 -2 -7 -3 -8 -3 -10 -3 -11 -4 -11 -5 -13 -5 -13 -5 -14 -5 -15 -6 -16 -6 -16 -6 -18 -6 -18 -6 -20 -6 -20 -6 -21 -6 -22 -6 -23 -6 -24 -6]
,,,-80,0,0,0,0,0,0,0,0,0,0,-92,0,6,1723325470857,0,0,0,0,1723325470857,124,[-8 25 -8 25 -8 25 -7 25 -8 26 -9 26 -8 26 -9 26 -8 25 -7 25 -8 25 -7 24 -8 24 -7 24 -8 23 -8 22 -8 21 -8 20 -9 19 -8 19 -8 17 -8 16 -8 15 -8 15 -9 14 0 0 0 0 0 0 0 0 0 0 0 0 0 0 0 0 0 0 0 0 0 0 -2 0 -2 0 -3 1 -3 1 -2 2 -2 4 -2 5 -3 6 -3 7 -4 8 -4 13 10 -5 13 10 -6 11 -6 12 -7 12 -8 14 -8 14 -8 15 -7 16 -8 17 -9 18 -8 19 -8 20 -7 21 -8 22]
,,,-80,0,0,0,0,0,0,0,0,0,0,-92,0,6,1723325470879,0,0,0,0,1723325470879,124,[-26 7 -27 7 -27 7 -27 8 -27 8 -28 8 -28 7 -27 8 -27 7 -27 7 -26 7 -26 7 -25 7 -25 8 -25 7 -24 6 -23 5 -23 5 -21 4 -21 4 -20 3 -19 2 -18 2 -18 1 -17 0 0 0 0 0 0 0 0 0 0 0 0 0 0 0 0 0 0 0 0 0 0 0 -2 -3 -2 -3 -3 -2 -4 -2 -4 -1 -5 -1 -6 0 -7 0 -8 0 -10 0 -11 0 -12 0 -14 0 -15 0 -15 0 -17 0 -17 1 -17 1 -19 1 -19 2 -20 3 -21 3 -22 3 -23 4 -24 4 -25 5]
,,,-80,0,0,0,0,0,0,0,0,0,0,-92,0,6,1723325470896,0,0,0,0,1723325470896,124,[15 -21 17 -22 16 -22 17 -23 16 -22 17 -22 17 -23 17 -22 16 -22 16 -22 16 -21 15 -22 16 -22 15 -20 16 -20 15 -18 15 -19 15 -17 15 -16 14 -15 14 -14 13 -13 13 -13 13 -11 13 -11 0 0 0 0 0 0 0 0 0 0 0 0 0 0 0 0 0 0 0 0 0 0 2 0 2 0 3 -1 3 -2 3 -2 3 -3 4 -4 5 -5 6 -6 6 -7 7 -7 8 -8 9 -9 13 10 -9 11 -10 11 -11 12 -11 11 -12 12 -13 13 -14 13 -15 13 -16 14 -16 14 -18 15 -19 15]
,,,-80,0,0,0,0,0,0,0,0,0,0,-92,0,6,1723325470919,0,0,0,0,1723325470919,124,[4 -27 6 -27 5 -27 6 -27 5 -28 5 -28 6 -28 5 -27 5 -28 4 -27 5 -26 4 -26 5 -26 4 -26 4 -25 5 -24 5 -23 6 -23 5 -22 5 -20 5 -19 6 -19 6 -18 6 -17 7 -16 0 0 0 0 0 0 0 0 0 0 0 0 0 0 0 0 0 0 0 0 0 0 2 -1 2 -1 2 -2 2 -3 2 -3 2 -4 2 -5 2 -7 3 -8 4 -9 4 -10 5 -11 6 -12 6 -12 6 -13 6 -15 6 -15 6 -16 6 -17 6 -18 6 -19 6 -20 6 -21 6 -22 6 -23 6 -25]
,,,-80,0,0,0,0,0,0,0,0,0,0,-92,0,6,1723325470942,0,0,0,0,1723325470942,124,[-6 -26 -6 -27 -6 -27 -6 -28 -6 -28 -6 -28 -5 -28 -6 -28 -6 -27 -7 -27 -6 -26 -6 -26 -6 -26 -5 -25 -5 -25 -5 -24 -4 -24 -3 -23 -3 -22 -2 -22 -1 -20 -1 -19 -1 -19 0 -19 1 -18 0 0 0 0 0 0 0 0 0 0 0 0 0 0 0 0 0 0 0 0 0 0 2 -3 2 -3 2 -3 1 -4 1 -4 0 -5 0 -6 0 -8 0 -9 0 -10 0 -11 0 -12 0 -14 -1 -14 0 -15 0 -16 -1 -17 -1 -17 -2 -18 -2 -19 -3 -20 -3 -20 -4 -22 -5 -23 -5 -24 -5 -26]
,,,-80,0,0,0,0,0,0,0,0,0,0,-92,0,6,1723325470955,0,0,0,0,1723325470955,124,[12 25 12 26 13 26 13 27 12 27 13 27 13 27 12 27 12 26 13 26 13 25 12 25 12 25 11 24 11 25 13 10 24 9 23 8 23 7 22 7 21 6 20 5 19 5 19 4 19 2 18 0 0 0 0 0 0 0 0 0 0 0 0 0 0 0 0 0 0 0 0 0 0 -2 3 -2 3 -2 3 -1 4 0 4 0 5 1 7 2 8 2 8 3 9 3 11 3 12 3 13 4 14 4 15 4 16 5 17 6 17 6 18 7 19 8 20 8 20 9 21 13 10 22 11 23]
,,,-80,0,0,0,0,0,0,0,0,0,0,-92,0,6,1723325470975,0,0,0,0,1723325470975,124,[1 -27 2 -27 1 -27 2 -28 1 -28 2 -28 2 -28 1 -27 1 -27 0 -27 1 -26 0 -26 0 -25 0 -26 1 -25 1 -24 2 -23 2 -23 3 -21 3 -21 3 -19 3 -19 3 -18 3 -18 5 -17 0 0 0 0 0 0 0 0 0 0 0 0 0 0 0 0 0 0 0 0 0 0 2 -3 2 -3 2 -4 2 -4 2 -5 2 -6 1 -7 2 -8 1 -9 2 -10 2 -12 2 -13 3 -13 3 -14 4 -15 3 -16 3 -17 3 -17 3 -18 4 -19 3 -20 3 -21 2 -22 1 -24 1 -25 2 -26]
,,,-80,0,0,0,0,0,0,0,0,0,0,-92,0,6,1723325470994,0,0,0,0,1723325470994,124,[25 6 26 6 25 5 27 6 27 6 27 6 26 6 26 6 25 6 25 5 25 5 24 5 24 5 23 5 23 5 22 5 21 5 20 5 20 6 19 6 18 6 17 6 16 6 15 7 15 8 0 0 0 0 0 0 0 0 0 0 0 0 0 0 0 0 0 0 0 0 0 0 1 2 2 2 3 2 4 2 4 2 5 2 6 2 7 3 8 3 13 10 3 11 3 12 4 13 5 14 5 14 6 15 6 16 6 16 6 18 6 18 6 19 6 20 6 20 6 22 5 23 6 25]
,,,-80,0,0,0,0,0,0,0,0,0,0,-92,0,6,1723325471015,0,0,0,0,1723325471015,124,[-1 -26 -2 -28 -1 -27 -1 -28 -2 -28 -1 -28 -1 -28 -1 -27 -2 -27 -3 -27 -3 -26 -3 -25 -2 -26 -2 -24 -2 -25 -2 -23 -1 -24 0 -23 0 -21 0 -21 0 -19 0 -19 0 -18 1 -18 2 -18 0 0 0 0 0 0 0 0 0 0 0 0 0 0 0 0 0 0 0 0 0 0 0 -4 0 -4 0 -5 0 -6 0 -7 -1 -8 -1 -9 -1 -10 -1 -12 -1 -12 -1 -14 -1 -15 0 -16 0 -17 1 -18 1 -18 1 -20 0 -20 0 -21 1 -21 0 -22 0 -23 0 -24 -1 -25 -1 -26 -1 -27]
,,,-80,0,0,0,0,0,0,0,0,0,0,-92,0,6,1723325471034,0,0,0,0,1723325471034,124,[-22 -11 -23 -12 -22 -11 -23 -11 -23 -11 -23 -11 -23 -11 -22 -11 -22 -11 -22 -10 -22 -9 -21 -9 -22 -9 -20 -9 -21 -9 -20 -9 -19 -9 -18 -9 -17 -9 -17 -9 -16 -9 -15 -8 -15 -8 -14 -8 -14 -9 0 0 0 0 0 0 0 0 0 0 0 0 0 0 0 0 0 0 0 0 0 0 -3 -2 -4 -2 -5 -3 -5 -3 -6 -3 -7 -4 -8 -4 -9 -5 -10 -5 -11 -6 -12 -6 -13 -8 -14 -8 -14 -9 -15 -10 -15 -10 -16 -10 -16 -11 -17 -11 -18 -11 -18 -11 -19 -12 -19 -11 -20 -11 -21 -12 -22 -12]
,,,-80,0,0,0,0,0,0,0,0,0,0,-92,0,6,1723325471054,0,0,0,0,1723325471054,124,[-18 -22 -18 -22 -18 -22 -19 -22 -19 -21 -18 -22 -18 -21 -18 -21 -18 -21 -18 -20 -18 -19 -18 -18 -17 -18 -18 -18 -17 -17 -17 -17 -16 -17 -15 -17 -14 -16 -13 -16 -13 -15 -12 -15 -12 -14 -11 -14 -10 -15 0 0 0 0 0 0 0 0 0 0 0 0 0 0 0 0 0 0 0 0 0 0 -4 -3 -4 -4 -5 -4 -6 -4 -6 -5 -7 -7 -8 -7 -8 -9 -9 -9 -10 -11 -11 -13 -11 -14 -11 -15 -12 -16 -11 -16 -12 -18 -12 -18 -12 -19 -13 -19 -14 -20 -14 -20 -15 -20 -15 -22 -16 -21 -17 -22 -16 -23]
,,,-80,0,0,0,0,0,0,0,0,0,0,-92,0,6,1723325471075,0,0,0,0,1723325471075,124,[-25 -7 -25 -7 -25 -7 -25 -6 -25 -6 -25 -6 -24 -6 -24 -6 -24 -6 -23 -5 -23 -4 -22 -4 -22 -4 -22 -4 -21 -4 -21 -4 -20 -4 -19 -4 -18 -4 -18 -4 -17 -4 -16 -4 -16 -4 -16 -4 -15 -5 0 0 0 0 0 0 0 0 0 0 0 0 0 0 0 0 0 0 0 0 0 0 -4 0 -4 0 -6 0 -7 0 -8 0 -8 0 -10 0 -11 -1 -12 -2 -14 -2 -15 -3 -16 -4 -17 -4 -18 -5 -18 -6 -19 -7 -19 -7 -19 -7 -20 -7 -21 -7 -22 -7 -22 -7 -23 -8 -24 -7 -24 -7 -24 -7]
,,,-80,0,0,0,0,0,0,0,0,0,0,-92,0,6,1723325471095,0,0,0,0,1723325471095,124,[3 27 2 27 2 27 3 26 3 27 3 26 3 27 3 25 3 25 3 24 3 23 4 23 4 22 4 22 3 22 3 21 3 20 3 19 2 18 2 18 2 17 2 16 2 16 1 16 1 16 0 0 0 0 0 0 0 0 0 0 0 0 0 0 0 0 0 0 0 0 0 0 2 2 2 3 3 3 3 5 4 6 4 8 3 9 3 11 4 12 4 13 3 16 3 17 2 18 2 18 1 19 1 21 0 21 1 21 1 22 1 23 1 24 1 24 1 25 2 26 2 26 1 27]
,,,-80,0,0,0,0,0,0,0,0,0,0,-92,0,6,1723325471114,0,0,0,0,1723325471114,124,[-34 -10 -35 -11 -33 -10 -34 -10 -34 -10 -34 -10 -33 -10 -32 -9 -32 -9 -31 -9 -31 -8 -29 -7 -29 -6 -28 -6 -27 -6 -27 -6 -26 -6 -24 -5 -24 -5 -23 -5 -21 -5 -21 -4 -21 -4 -20 -4 -20 -5 0 0 0 0 0 0 0 0 0 0 0 0 0 0 0 0 0 0 0 0 0 0 -4 1 -5 1 -7 1 -9 1 -10 1 -11 0 -13 -1 -15 -2 -16 -2 -18 -3 -20 -4 -22 -6 -23 -7 -23 -7 -24 -8 -25 -9 -26 -10 -26 -10 -28 -10 -29 -10 -30 -11 -31 -11 -31 -12 -32 -12 -33 -12 -33 -13]
,,,-80,0,0,0,0,0,0,0,0,0,0,-92,0,6,1723325471134,0,0,0,0,1723325471134,124,[24 4 26 4 24 3 25 3 25 4 25 4 24 4 24 4 23 3 23 3 22 2 21 2 21 3 20 2 20 2 19 2 18 2 16 2 16 2 16 2 15 1 14 1 14 1 14 1 14 1 0 0 0 0 0 0 0 0 0 0 0 0 0 0 0 0 0 0 0 0 0 0 2 -2 3 -2 3 -2 5 -3 5 -2 7 -2 8 -2 9 -1 11 -1 12 -1 13 -1 14 1 16 0 16 1 17 2 17 3 18 3 19 3 20 2 21 3 22 3 22 3 22 4 24 3 24 3 25 4]
,,,-80,0,0,0,0,0,0,0,0,0,0,-92,0,6,1723325471154,0,0,0,0,1723325471154,124,[14 -24 14 -25 14 -25 14 -25 14 -25 14 -25 13 -24 13 -24 13 -23 13 -23 13 -22 12 -21 11 -22 13 10 -21 11 -20 13 10 -19 13 10 -18 8 -17 8 -17 7 -16 7 -15 7 -15 7 -14 7 -14 7 -14 0 0 0 0 0 0 0 0 0 0 0 0 0 0 0 0 0 0 0 0 0 0 0 -3 0 -4 1 -5 1 -5 2 -7 2 -8 2 -9 3 -10 4 -11 5 -12 7 -13 8 -13 9 -14 9 -14 13 10 -15 13 10 -16 11 -17 11 -18 12 -19 12 -20 12 -21 13 -21 13 -22 14]
,,,-80,0,0,0,0,0,0,0,0,0,0,-92,0,6,1723325471187,0,0,0,0,1723325471187,124,[-15 21 -15 22 -15 21 -15 23 -15 22 -15 22 -15 22 -15 21 -14 21 -14 21 -14 20 -14 19 -13 20 -12 18 -12 19 -12 17 -12 17 -12 16 -11 15 -10 14 -10 13 -9 12 -9 12 -9 12 -9 12 0 0 0 0 0 0 0 0 0 0 0 0 0 0 0 0 0 0 0 0 0 0 -1 2 -1 3 -2 3 -3 4 -3 5 -4 6 -4 7 -5 8 -6 9 -7 13 10 -8 11 -9 12 -10 12 -10 12 -11 13 -12 13 -12 14 -12 14 -13 16 -13 16 -14 17 -14 17 -14 19 -14 20 -15 20 -15]
,,,-80,0,0,0,0,0,0,0,0,0,0,-92,0,6,1723325471194,0,0,0,0,1723325471194,124,[29 18 28 19 28 18 30 18 30 19 29 19 29 18 28 18 28 18 28 18 27 17 26 16 26 16 26 15 25 15 24 15 23 15 22 13 21 13 19 13 18 12 17 12 17 12 16 12 15 12 0 0 0 0 0 0 0 0 0 0 0 0 0 0 0 0 0 0 0 0 0 0 2 0 4 1 5 1 6 2 7 2 8 4 13 10 5 13 10 6 12 7 13 8 14 11 14 12 15 13 16 13 16 14 17 15 18 15 18 15 20 17 22 16 22 17 23 17 23 18 25 19 26 19]
,,,-80,0,0,0,0,0,0,0,0,0,0,-92,0,6,1723325471216,0,0,0,0,1723325471216,124,[-6 -24 -7 -25 -6 -25 -7 -25 -7 -25 -7 -25 -7 -25 -8 -24 -7 -25 -8 -25 -7 -24 -7 -23 -7 -23 -8 -22 -8 -23 -7 -21 -7 -21 -6 -21 -6 -20 -6 -19 -5 -18 -4 -17 -4 -17 -3 -17 -3 -17 0 0 0 0 0 0 0 0 0 0 0 0 0 0 0 0 0 0 0 0 0 0 -3 -1 -3 -2 -3 -3 -3 -4 -3 -4 -3 -6 -4 -8 -3 -9 -4 -10 -3 -11 -3 -13 -2 -14 -2 -15 -1 -15 -1 -16 -2 -17 -2 -17 -2 -17 -2 -19 -3 -19 -2 -20 -4 -21 -3 -21 -4 -22 -4 -22 -5 -24]
,,,-80,0,0,0,0,0,0,0,0,0,0,-92,0,6,1723325471235,0,0,0,0,1723325471235,124,[-15 22 -15 23 -14 22 -15 23 -15 24 -15 24 -15 23 -15 23 -14 23 -13 24 -13 23 -12 23 -12 23 -12 22 -12 23 -11 21 -11 21 -12 21 -12 19 -12 19 -11 17 -11 17 -10 17 -11 16 -12 15 0 0 0 0 0 0 0 0 0 0 0 0 0 0 0 0 0 0 0 0 0 0 3 1 3 2 1 3 1 3 0 5 -1 6 -2 7 -3 8 -4 9 -5 9 -6 11 -8 11 -9 11 -10 11 -11 11 -12 12 -12 13 -12 13 -13 14 -13 14 -13 15 -14 16 -13 16 -13 18 -14 19 -15 21]
,,,-80,0,0,0,0,0,0,0,0,0,0,-92,0,6,1723325471254,0,0,0,0,1723325471254,124,[5 -25 6 -27 5 -26 5 -28 4 -28 4 -29 5 -28 5 -28 4 -27 4 -28 4 -27 2 -26 2 -27 2 -25 2 -27 2 -24 2 -25 2 -24 2 -23 2 -23 3 -21 2 -20 2 -20 3 -20 5 -19 0 0 0 0 0 0 0 0 0 0 0 0 0 0 0 0 0 0 0 0 0 0 -6 0 -6 -1 -5 -2 -5 -4 -4 -4 -4 -6 -3 -7 -2 -9 -1 -9 0 -10 1 -12 3 -13 4 -13 5 -13 5 -14 6 -14 6 -16 6 -16 7 -17 7 -17 6 -18 7 -19 6 -20 6 -22 7 -22 6 -24]
,,,-80,0,0,0,0,0,0,0,0,0,0,-92,0,6,1723325471274,0,0,0,0,1723325471274,124,[-26 13 10 -26 11 -26 11 -27 11 -27 12 -28 13 -28 12 -28 12 -27 12 -27 12 -26 11 -25 11 -25 13 -24 13 -24 13 -23 12 -22 12 -22 12 -21 11 -21 11 -20 13 10 -20 9 -20 9 -20 8 -20 7 0 0 0 0 0 0 0 0 0 0 0 0 0 0 0 0 0 0 0 0 0 0 4 2 4 2 2 3 0 3 0 3 -1 4 -3 4 -4 5 -6 5 -8 5 -10 5 -12 3 -13 3 -14 3 -15 3 -16 2 -16 3 -17 3 -18 3 -19 4 -20 5 -21 5 -20 5 -22 6 -23 8]
,,,-80,0,0,0,0,0,0,0,0,0,0,-92,0,6,1723325471297,0,0,0,0,1723325471297,124,[-27 20 -29 19 -28 20 -29 21 -30 21 -30 21 -31 21 -31 20 -31 20 -31 20 -29 19 -28 19 -29 19 -27 19 -27 19 -26 18 -25 17 -25 16 -24 15 -23 15 -22 14 -22 13 -22 13 -22 12 -22 13 10 0 0 0 0 0 0 0 0 0 0 0 0 0 0 0 0 0 0 0 0 0 0 2 -2 1 0 0 -1 -1 0 -1 1 -2 2 -3 3 -4 4 -6 5 -8 5 -10 7 -12 7 -14 7 -15 7 -16 7 -17 8 -18 9 -18 9 -20 13 10 -21 11 -22 11 -22 12 -23 13 -25 15 -26 16]
,,,-80,0,0,0,0,0,0,0,0,0,0,-92,0,6,1723325471318,0,0,0,0,1723325471318,124,[-28 -10 -28 -11 -29 -11 -30 -11 -30 -11 -30 -12 -30 -13 -29 -13 -29 -12 -29 -12 -28 -12 -27 -11 -27 -11 -26 -11 -26 -11 -25 -11 -24 -11 -23 -10 -21 -10 -21 -10 -19 -10 -19 -9 -19 -9 -18 -10 -18 -11 0 0 0 0 0 0 0 0 0 0 0 0 0 0 0 0 0 0 0 0 0 0 -1 -1 -2 -1 -3 -2 -4 -2 -4 -2 -5 -3 -6 -4 -6 -4 -8 -4 -9 -5 -10 -5 -12 -6 -13 -6 -13 -7 -14 -8 -15 -9 -16 -9 -17 -9 -18 -9 -18 -10 -20 -10 -21 -10 -22 -10 -24 -10 -25 -10 -26 -11]
,,,-80,0,0,0,0,0,0,0,0,0,0,-92,0,6,1723325471338,0,0,0,0,1723325471338,124,[-37 -16 -38 -17 -37 -16 -39 -16 -40 -16 -40 -17 -40 -17 -39 -17 -39 -17 -39 -16 -38 -15 -37 -15 -37 -15 -36 -15 -35 -15 -34 -15 -32 -15 -31 -15 -29 -15 -29 -15 -27 -14 -26 -13 -26 -13 -24 -14 -23 -15 0 0 0 0 0 0 0 0 0 0 0 0 0 0 0 0 0 0 0 0 0 0 -3 -1 -3 -2 -5 -3 -6 -4 -7 -4 -7 -5 -8 -6 -9 -6 -10 -7 -13 -8 -14 -8 -15 -10 -17 -11 -18 -11 -20 -12 -19 -14 -20 -14 -22 -14 -24 -14 -25 -14 -27 -15 -27 -15 -29 -16 -32 -14 -33 -15 -34 -16]
,,,-80,0,0,0,0,0,0,0,0,0,0,-92,0,6,1723325471357,0,0,0,0,1723325471357,124,[-23 -13 -24 -13 -24 -14 -25 -13 -26 -13 -26 -14 -25 -13 -25 -14 -24 -14 -24 -14 -23 -14 -23 -12 -23 -12 -23 -12 -23 -12 -22 -12 -21 -12 -20 -12 -19 -12 -19 -12 -17 -11 -16 -11 -16 -11 -15 -11 -14 -12 0 0 0 0 0 0 0 0 0 0 0 0 0 0 0 0 0 0 0 0 0 0 -2 -2 -3 -3 -3 -3 -4 -4 -4 -4 -5 -5 -6 -5 -6 -6 -7 -7 -8 -7 -9 -9 -9 -9 -10 -9 -10 -10 -11 -10 -12 -12 -13 -12 -13 -12 -14 -12 -15 -11 -16 -11 -17 -12 -18 -13 -19 -13 -20 -13 -21 -14]
,,,-80,0,0,0,0,0,0,0,0,0,0,-92,0,6,1723325471375,0,0,0,0,1723325471375,124,[-21 14 -21 14 -21 15 -21 15 -21 15 -22 15 -22 15 -21 15 -21 15 -21 15 -21 14 -20 14 -20 14 -20 14 -19 14 -20 13 -18 12 -19 12 -18 11 -17 13 10 -16 9 -17 8 -16 8 -15 7 -15 6 0 0 0 0 0 0 0 0 0 0 0 0 0 0 0 0 0 0 0 0 0 0 -3 1 -4 1 -5 1 -6 2 -6 2 -7 2 -7 2 -8 3 -9 3 -10 3 -11 3 -12 4 -13 3 -14 4 -14 4 -15 4 -15 5 -16 5 -16 6 -16 7 -17 8 -17 9 -18 9 -19 13 10 -19 11]
,,,-80,0,0,0,0,0,0,0,0,0,0,-92,0,6,1723325471395,0,0,0,0,1723325471395,124,[-23 14 -23 14 -23 14 -23 14 -23 15 -24 15 -23 15 -23 14 -24 14 -23 14 -23 14 -22 13 -22 13 -21 14 -21 13 -21 12 -20 12 -19 11 -19 13 10 -19 9 -18 8 -18 7 -17 6 -17 6 -16 4 0 0 0 0 0 0 0 0 0 0 0 0 0 0 0 0 0 0 0 0 0 0 -4 2 -5 2 -6 3 -7 3 -8 2 -8 3 -10 3 -10 3 -11 3 -13 3 -13 3 -14 3 -16 3 -16 3 -16 3 -17 3 -17 4 -17 5 -18 5 -18 6 -19 7 -19 8 -20 8 -20 13 10 -21 13]
,,,-80,0,0,0,0,0,0,0,0,0,0,-92,0,6,1723325471429,0,0,0,0,1723325471429,124,[-24 -3 -25 -4 -25 -3 -26 -3 -26 -3 -26 -3 -26 -3 -25 -3 -26 -3 -25 -3 -25 -3 -24 -2 -24 -3 -24 -2 -23 -3 -23 -3 -21 -3 -21 -4 -19 -5 -19 -5 -18 -5 -17 -5 -16 -5 -15 -5 -15 -6 0 0 0 0 0 0 0 0 0 0 0 0 0 0 0 0 0 0 0 0 0 0 -7 0 -7 -1 -9 -1 -9 -1 -10 -1 -11 -2 -12 -3 -12 -4 -13 -4 -15 -5 -15 -5 -15 -6 -17 -6 -16 -7 -17 -7 -18 -8 -17 -7 -18 -7 -18 -7 -19 -6 -20 -6 -20 -5 -21 -6 -22 -5 -23 -5 -23 -5]
,,,-80,0,0,0,0,0,0,0,0,0,0,-92,0,6,1723325471440,0,0,0,0,1723325471440,124,[-21 -13 -22 -13 -22 -13 -22 -13 -23 -13 -23 -13 -22 -14 -22 -14 -22 -13 -22 -13 -21 -13 -21 -12 -21 -12 -21 -12 -20 -12 -19 -12 -18 -12 -17 -13 -16 -12 -16 -12 -15 -12 -14 -12 -13 -11 -12 -11 -11 -12 0 0 0 0 0 0 0 0 0 0 0 0 0 0 0 0 0 0 0 0 0 0 -7 -3 -7 -4 -8 -4 -9 -5 -9 -5 -10 -7 -10 -7 -11 -9 -11 -9 -12 -10 -13 -11 -13 -12 -13 -12 -13 -13 -13 -13 -14 -14 -14 -14 -14 -14 -15 -14 -15 -14 -16 -14 -17 -14 -17 -14 -18 -14 -19 -14 -20 -14]
,,,-80,0,0,0,0,0,0,0,0,0,0,-92,0,6,1723325471454,0,0,0,0,1723325471454,124,[-6 -25 -6 -26 -7 -26 -7 -26 -7 -26 -7 -26 -7 -26 -8 -26 -6 -26 -7 -26 -7 -24 -7 -24 -7 -24 -7 -23 -7 -24 -6 -22 -6 -22 -5 -21 -4 -20 -4 -20 -3 -18 -3 -18 -2 -17 -2 -17 0 -17 0 0 0 0 0 0 0 0 0 0 0 0 0 0 0 0 0 0 0 0 0 0 -4 -7 -4 -8 -4 -8 -4 -10 -3 -11 -3 -12 -4 -13 -3 -14 -3 -16 -2 -16 -2 -18 -1 -19 0 -20 -1 -20 0 -20 -1 -21 -1 -21 -1 -22 -1 -22 -2 -22 -3 -23 -3 -23 -3 -24 -3 -24 -3 -24 -4 -26]
,,,-80,0,0,0,0,0,0,0,0,0,0,-92,0,6,1723325471474,0,0,0,0,1723325471474,124,[-6 -22 -7 -23 -7 -23 -7 -24 -7 -23 -7 -23 -7 -23 -7 -23 -7 -23 -8 -23 -8 -22 -8 -21 -7 -22 -7 -21 -7 -21 -6 -20 -5 -19 -5 -19 -4 -18 -4 -17 -4 -16 -3 -16 -3 -15 -3 -15 -2 -15 0 0 0 0 0 0 0 0 0 0 0 0 0 0 0 0 0 0 0 0 0 0 -4 -7 -3 -8 -4 -8 -3 -9 -4 -9 -3 -11 -4 -12 -3 -13 -3 -14 -3 -15 -2 -17 -2 -18 -2 -18 -2 -18 -1 -19 -1 -19 -1 -20 -1 -19 -2 -20 -2 -20 -2 -21 -3 -21 -3 -22 -4 -21 -4 -22 -5 -23]
,,,-80,0,0,0,0,0,0,0,0,0,0,-92,0,6,1723325471494,0,0,0,0,1723325471494,124,[25 -5 25 -5 25 -6 25 -6 26 -6 26 -5 26 -5 25 -6 25 -6 25 -6 23 -6 24 -6 23 -5 23 -5 22 -5 22 -4 20 -4 20 -3 19 -3 18 -2 17 -2 17 -2 16 -2 16 -1 15 0 0 0 0 0 0 0 0 0 0 0 0 0 0 0 0 0 0 0 0 0 0 0 6 -4 6 -3 8 -3 8 -3 13 10 -3 13 10 -3 12 -2 13 -2 14 -2 15 -3 17 -2 17 -1 19 -1 20 -1 19 0 20 0 20 0 20 0 21 -1 21 -1 22 -1 23 -1 23 -2 24 -3 24 -3]
,,,-80,0,0,0,0,0,0,0,0,0,0,-92,0,6,1723325471514,0,0,0,0,1723325471514,124,[33 -3 35 -3 34 -3 36 -3 35 -3 35 -3 36 -3 34 -3 34 -3 34 -4 32 -3 31 -3 32 -3 30 -2 30 -2 29 -1 28 -1 27 0 25 0 23 1 22 1 21 1 21 1 19 1 19 3 0 0 0 0 0 0 0 0 0 0 0 0 0 0 0 0 0 0 0 0 0 0 9 -1 13 10 -1 11 -1 12 0 12 0 13 1 14 1 15 1 17 1 19 1 20 1 22 2 23 2 24 3 25 3 25 4 26 4 26 3 27 3 28 2 29 2 30 2 30 1 31 -1 32 -1 34]
,,,-80,0,0,0,0,0,0,0,0,0,0,-92,0,6,1723325471535,0,0,0,0,1723325471535,124,[-11 24 -11 24 -10 25 -10 25 -11 25 -11 25 -11 24 -11 24 -11 24 -11 24 -11 22 -10 22 -11 22 -10 22 -10 21 -10 20 -10 18 -10 17 -10 16 -9 15 -9 14 -9 13 -9 13 -9 12 -9 11 0 0 0 0 0 0 0 0 0 0 0 0 0 0 0 0 0 0 0 0 0 0 -4 7 -5 7 -6 7 -6 7 -6 8 -6 8 -7 9 -7 9 -7 11 -8 11 -9 13 -10 14 -10 14 -11 14 -11 14 -12 16 -12 16 -11 16 -12 17 -12 18 -12 18 -11 19 -12 20 -11 21 -11 22 -11 22]
,,,-80,0,0,0,0,0,0,0,0,0,0,-92,0,6,1723325471554,0,0,0,0,1723325471554,124,[14 21 15 22 15 22 15 23 15 23 15 22 14 23 14 22 13 22 13 22 13 21 12 20 12 20 12 19 11 19 13 10 19 9 18 8 17 8 16 7 16 6 14 6 14 5 14 4 13 3 13 0 0 0 0 0 0 0 0 0 0 0 0 0 0 0 0 0 0 0 0 0 0 4 6 4 7 3 7 3 8 4 8 4 9 5 13 10 5 13 10 6 11 6 12 6 14 7 15 7 15 7 16 7 16 7 18 7 18 8 18 9 18 9 19 13 10 19 11 19 11 20 12 20]
,,,-80,0,0,0,0,0,0,0,0,0,0,-92,0,6,1723325471574,0,0,0,0,1723325471574,124,[23 6 24 6 23 5 24 5 24 6 24 6 23 6 22 5 22 6 22 5 21 5 21 4 20 4 20 4 20 4 18 4 18 5 17 5 16 5 15 5 14 5 13 5 13 4 12 5 11 5 0 0 0 0 0 0 0 0 0 0 0 0 0 0 0 0 0 0 0 0 0 0 5 1 6 1 7 1 7 2 7 2 8 3 9 3 13 10 3 11 4 12 4 13 5 14 6 15 6 15 6 15 7 15 8 16 7 16 7 17 7 17 7 18 7 20 6 19 7 21 6 22 6 22]
,,,-80,0,0,0,0,0,0,0,0,0,0,-92,0,6,1723325471595,0,0,0,0,1723325471595,124,[-16 21 -17 22 -16 21 -17 22 -17 21 -17 21 -17 20 -16 20 -16 20 -15 20 -14 19 -14 19 -14 19 -13 18 -13 18 -13 17 -13 16 -12 15 -12 14 -12 14 -12 12 -11 12 -11 11 -11 11 -11 13 10 0 0 0 0 0 0 0 0 0 0 0 0 0 0 0 0 0 0 0 0 0 0 -2 6 -3 7 -4 6 -5 7 -5 7 -6 8 -7 9 -7 9 -9 11 -9 12 -11 12 -12 13 -13 13 -13 13 -14 13 -14 13 -15 13 -14 14 -15 15 -15 15 -15 16 -16 17 -15 17 -16 19 -16 20 -16]
,,,-80,0,0,0,0,0,0,0,0,0,0,-92,0,6,1723325471614,0,0,0,0,1723325471614,124,[-24 13 10 -25 11 -24 13 10 -25 13 10 -25 13 10 -24 13 10 -25 9 -23 9 -23 9 -23 13 10 -22 9 -21 9 -21 13 10 -20 9 -20 13 10 -19 8 -18 8 -18 8 -17 7 -17 6 -16 6 -15 5 -15 5 -14 5 -14 4 0 0 0 0 0 0 0 0 0 0 0 0 0 0 0 0 0 0 0 0 0 0 -4 5 -6 4 -7 4 -7 5 -8 5 -9 5 -10 5 -11 5 -12 5 -14 5 -15 5 -16 5 -18 5 -18 5 -18 4 -19 4 -19 5 -19 5 -21 5 -21 6 -21 6 -21 7]
,,,-80,0,0,0,0,0,0,0,0,0,0,-92,0,6,1723325471634,0,0,0,0,1723325471634,124,[-25 6 -25 6 -25 7 -25 6 -25 6 -25 6 -25 6 -24 6 -24 6 -23 6 -22 6 -21 6 -21 7 -21 7 -20 7 -20 6 -18 6 -18 6 -17 5 -17 5 -16 5 -15 4 -15 4 -14 4 -14 3 0 0 0 0 0 0 0 0 0 0 0 0 0 0 0 0 0 0 0 0 0 0 -5 4 -6 4 -8 4 -8 4 -9 4 -10 4 -11 4 -12 3 -13 4 -16 3 -17 3 -18 2 -19 1 -19 1 -19 0 -20 1 -19 1 -20 0 -21 1 -21 1 -22 2 -22 3 -22 3 -23 4 -23 4 -24 4]
,,,-80,0,0,0,0,0,0,0,0,0,0,-92,0,6,1723325471658,0,0,0,0,1723325471658,124,[-19 -18 -19 -19 -19 -18 -19 -19 -19 -18 -19 -19 -19 -18 -19 -17 -18 -17 -18 -17 -18 -16 -17 -15 -18 -15 -17 -14 -17 -14 -16 -13 -16 -13 -16 -13 -14 -12 -14 -11 -13 -11 -13 -11 -12 -11 -11 -10 -11 -11 0 0 0 0 0 0 0 0 0 0 0 0 0 0 0 0 0 0 0 0 0 0 -7 -2 -7 -3 -8 -3 -9 -4 -9 -5 -10 -7 -10 -8 -11 -9 -11 -10 -11 -12 -12 -14 -11 -15 -11 -16 -11 -16 -11 -17 -11 -17 -11 -18 -11 -17 -12 -17 -13 -18 -13 -18 -14 -18 -14 -18 -16 -18 -16 -19 -17 -20]
,,,-80,0,0,0,0,0,0,0,0,0,0,-92,0,6,1723325471684,0,0,0,0,1723325471684,124,[7 -24 7 -24 7 -24 7 -25 7 -24 7 -25 7 -24 6 -23 6 -23 5 -23 4 -23 4 -21 3 -22 3 -22 3 -21 3 -20 3 -20 3 -19 3 -18 3 -18 3 -16 3 -16 3 -15 3 -15 4 -14 0 0 0 0 0 0 0 0 0 0 0 0 0 0 0 0 0 0 0 0 0 0 -3 -5 -3 -6 -2 -7 -2 -8 -1 -9 0 -10 0 -11 1 -12 2 -13 3 -14 4 -15 5 -15 6 -16 7 -16 8 -16 8 -17 8 -17 8 -17 8 -18 8 -18 8 -19 8 -20 8 -21 8 -22 9 -22 8 -23]
,,,-80,0,0,0,0,0,0,0,0,0,0,-92,0,6,1723325471697,0,0,0,0,1723325471697,124,[-7 25 -8 26 -7 25 -7 26 -7 26 -6 26 -6 25 -6 25 -6 24 -5 25 -5 24 -5 23 -4 22 -3 22 -3 23 -4 21 -3 21 -3 19 -3 19 -3 18 -3 16 -3 15 -4 16 -4 15 -5 14 0 0 0 0 0 0 0 0 0 0 0 0 0 0 0 0 0 0 0 0 0 0 3 3 3 4 2 5 2 6 1 7 1 9 1 13 10 -1 11 -1 12 -2 13 -4 15 -5 15 -6 15 -7 16 -7 17 -8 17 -8 18 -8 17 -9 19 -8 19 -8 20 -8 20 -8 21 -9 22 -8 23 -7]
,,,-80,0,0,0,0,0,0,0,0,0,0,-92,0,6,1723325471714,0,0,0,0,1723325471714,124,[9 -27 9 -28 9 -28 9 -29 9 -28 8 -29 9 -28 8 -28 8 -27 7 -28 7 -27 6 -26 6 -26 5 -25 5 -25 5 -23 5 -22 4 -21 5 -20 4 -19 4 -18 4 -17 4 -16 4 -16 5 -16 0 0 0 0 0 0 0 0 0 0 0 0 0 0 0 0 0 0 0 0 0 0 -4 -4 -4 -5 -3 -6 -3 -7 -1 -8 -1 -10 0 -11 1 -12 2 -13 3 -15 5 -16 6 -16 7 -17 9 -17 13 10 -18 13 10 -18 13 10 -19 13 10 -18 13 10 -20 11 -20 11 -21 11 -22 13 10 -22]
,,,-80,0,0,0,0,0,0,0,0,0,0,-92,0,6,1723325471746,0,0,0,0,1723325471746,124,[13 24 13 24 14 24 14 24 14 24 14 25 14 25 14 24 14 24 14 23 13 22 13 21 13 21 12 20 12 20 11 19 11 18 13 10 17 13 10 17 9 16 8 15 8 14 8 14 6 14 6 13 0 0 0 0 0 0 0 0 0 0 0 0 0 0 0 0 0 0 0 0 0 0 0 -3 1 -2 2 -1 2 -1 3 1 4 3 5 4 6 6 7 8 8 9 8 11 8 13 8 14 8 16 7 17 7 18 7 19 7 19 8 20 8 20 8 21 9 22 13 10 22 11 22 12]
,,,-80,0,0,0,0,0,0,0,0,0,0,-92,0,6,1723325471776,0,0,0,0,1723325471776,124,[16 -23 17 -25 15 -24 16 -25 16 -25 16 -24 17 -25 15 -24 15 -24 14 -25 13 -24 13 -23 13 -23 12 -22 13 -23 12 -21 13 -21 13 -19 12 -18 12 -17 12 -16 11 -15 11 -15 11 -14 11 -13 0 0 0 0 0 0 0 0 0 0 0 0 0 0 0 0 0 0 0 0 0 0 -1 0 0 -1 0 -2 1 -3 1 -4 1 -5 2 -6 3 -7 4 -9 5 -10 7 -12 8 -12 13 10 -13 11 -13 12 -13 12 -14 13 -14 13 -14 14 -16 15 -16 15 -18 15 -18 15 -19 15 -21 16 -21 16]
,,,-80,0,0,0,0,0,0,0,0,0,0,-92,0,6,1723325471787,0,0,0,0,1723325471787,124,[-20 -18 -20 -18 -20 -18 -20 -18 -20 -18 -21 -18 -20 -18 -20 -18 -21 -18 -21 -17 -20 -16 -20 -16 -20 -16 -19 -16 -18 -15 -18 -15 -16 -15 -16 -15 -15 -14 -14 -14 -13 -14 -13 -13 -12 -12 -11 -12 -10 -12 0 0 0 0 0 0 0 0 0 0 0 0 0 0 0 0 0 0 0 0 0 0 -1 -1 -1 -1 -2 -1 -3 -2 -4 -2 -5 -3 -6 -4 -6 -5 -7 -6 -9 -7 -10 -9 -10 -10 -11 -11 -11 -12 -11 -13 -12 -14 -12 -15 -12 -15 -13 -15 -14 -15 -14 -16 -15 -17 -16 -17 -17 -17 -18 -17 -18 -18]
,,,-80,0,0,0,0,0,0,0,0,0,0,-92,0,6,1723325471804,0,0,0,0,1723325471804,124,[-7 24 -8 25 -7 24 -7 25 -7 25 -8 24 -7 25 -7 24 -6 24 -6 24 -6 23 -6 23 -6 23 -6 22 -6 22 -6 20 -6 19 -7 18 -7 17 -7 17 -7 15 -6 14 -6 14 -6 13 -7 12 0 0 0 0 0 0 0 0 0 0 0 0 0 0 0 0 0 0 0 0 0 0 -2 -1 -1 0 -1 1 -2 2 -1 3 -1 4 -1 5 -2 6 -2 8 -3 9 -3 11 -4 12 -4 13 -5 14 -6 14 -6 15 -7 16 -6 16 -7 17 -8 18 -8 19 -8 20 -7 20 -7 21 -7 22 -7 24]
,,,-80,0,0,0,0,0,0,0,0,0,0,-92,0,6,1723325471816,0,0,0,0,1723325471816,124,[-26 -3 -26 -3 -26 -3 -26 -3 -27 -3 -26 -3 -27 -3 -26 -3 -26 -3 -26 -2 -25 -2 -24 -2 -25 -2 -24 -2 -23 -2 -22 -2 -21 -2 -20 -3 -19 -3 -19 -3 -18 -3 -17 -4 -17 -3 -16 -4 -15 -4 0 0 0 0 0 0 0 0 0 0 0 0 0 0 0 0 0 0 0 0 0 0 0 -2 -1 -1 -2 -1 -3 -1 -4 -1 -4 -1 -6 -1 -7 -1 -8 -1 -10 -1 -12 -2 -13 -2 -14 -3 -15 -3 -16 -4 -17 -5 -17 -5 -18 -5 -19 -4 -19 -4 -20 -4 -22 -4 -22 -4 -23 -4 -24 -4 -25 -4]
,,,-80,0,0,0,0,0,0,0,0,0,0,-92,0,6,1723325471834,0,0,0,0,1723325471834,124,[21 13 21 13 22 13 22 12 21 13 22 12 22 12 21 12 21 12 21 11 21 11 20 13 10 20 13 10 20 13 10 19 13 10 19 13 10 17 13 10 17 13 10 16 13 10 15 13 10 14 13 10 13 13 10 12 13 10 11 13 10 13 10 13 10 0 0 0 0 0 0 0 0 0 0 0 0 0 0 0 0 0 0 0 0 0 0 1 0 2 0 3 0 4 0 5 1 5 2 7 2 8 3 9 4 13 10 5 11 6 12 7 12 8 13 9 13 13 10 14 11 14 11 14]
,,,-80,0,0,0,0,0,0,0,0,0,0,-92,0,6,1723325471856,0,0,0,0,1723325471856,124,[-26 -3 -27 -3 -26 -3 -26 -3 -26 -2 -27 -2 -26 -2 -25 -2 -25 -2 -24 -1 -24 -1 -24 -1 -24 -1 -23 -1 -22 -1 -22 -1 -21 -1 -20 -1 -19 -2 -19 -2 -17 -3 -16 -3 -16 -3 -15 -3 -14 -4 0 0 0 0 0 0 0 0 0 0 0 0 0 0 0 0 0 0 0 0 0 0 -4 2 -5 1 -7 2 -8 1 -9 1 -10 0 -11 0 -12 0 -13 -1 -15 -1 -16 -2 -17 -3 -18 -3 -18 -4 -19 -5 -19 -5 -20 -5 -20 -6 -21 -5 -21 -5 -22 -5 -23 -5 -23 -4 -24 -4 -25 -4 -25 -4]
,,,-80,0,0,0,0,0,0,0,0,0,0,-92,0,6,1723325471874,0,0,0,0,1723325471874,124,[-8 25 -8 26 -8 25 -7 25 -7 25 -7 25 -6 25 -6 25 -5 24 -6 24 -6 23 -5 22 -4 22 -4 22 -4 22 -4 21 -4 20 -4 20 -4 18 -4 18 -4 16 -5 15 -5 15 -6 14 -6 13 0 0 0 0 0 0 0 0 0 0 0 0 0 0 0 0 0 0 0 0 0 0 1 5 1 6 0 7 0 8 -1 8 -1 13 10 -1 11 -2 13 -3 14 -4 15 -5 16 -6 16 -7 17 -8 17 -8 18 -9 18 -9 20 -9 19 -9 20 -8 20 -9 21 -8 22 -8 22 -9 23 -9 24 -8]
,,,-80,0,0,0,0,0,0,0,0,0,0,-92,0,6,1723325471894,0,0,0,0,1723325471894,124,[-15 -21 -15 -21 -15 -21 -15 -20 -15 -20 -15 -20 -14 -19 -15 -19 -15 -18 -16 -17 -15 -17 -15 -16 -16 -16 -15 -16 -15 -16 -14 -15 -13 -15 -13 -15 -11 -15 -11 -14 -10 -13 -10 -13 -10 -12 -9 -12 -7 -12 0 0 0 0 0 0 0 0 0 0 0 0 0 0 0 0 0 0 0 0 0 0 -7 -2 -7 -4 -8 -4 -8 -5 -9 -6 -9 -8 -9 -9 -10 -11 -9 -12 -10 -13 -11 -15 -10 -16 -10 -17 -10 -17 -9 -18 -9 -19 -10 -19 -9 -19 -10 -19 -10 -19 -11 -20 -11 -20 -12 -21 -14 -20 -14 -21 -14 -22]
,,,-80,0,0,0,0,0,0,0,0,0,0,-92,0,6,1723325471914,0,0,0,0,1723325471914,124,[23 6 23 5 23 5 23 5 23 4 23 4 22 4 22 3 21 3 21 2 21 1 20 1 20 1 20 1 20 1 19 1 18 1 17 1 17 2 16 1 15 2 15 2 14 2 13 3 12 3 0 0 0 0 0 0 0 0 0 0 0 0 0 0 0 0 0 0 0 0 0 0 5 -4 7 -4 8 -4 9 -3 13 10 -2 11 -1 12 0 14 1 15 2 16 2 17 4 17 5 18 6 18 7 17 7 18 8 17 8 18 8 19 7 19 8 19 8 20 7 20 7 22 7 22 6 23]
,,,-80,0,0,0,0,0,0,0,0,0,0,-92,0,6,1723325471934,0,0,0,0,1723325471934,124,[24 -4 24 -5 24 -5 25 -5 24 -5 24 -6 23 -6 22 -6 22 -6 22 -7 21 -7 20 -6 20 -7 19 -7 19 -8 19 -7 18 -6 17 -6 17 -6 16 -5 15 -5 14 -4 14 -4 13 -3 13 -2 0 0 0 0 0 0 0 0 0 0 0 0 0 0 0 0 0 0 0 0 0 0 2 -6 4 -6 5 -6 6 -6 7 -6 9 -5 13 10 -5 12 -4 13 -4 15 -3 16 -2 17 -1 18 -1 19 0 19 0 19 1 19 1 19 1 20 0 20 0 21 0 21 -1 21 -1 23 -2 23 -2 23]
,,,-80,0,0,0,0,0,0,0,0,0,0,-92,0,6,1723325471959,0,0,0,0,1723325471959,124,[-19 32 -20 33 -19 32 -19 34 -19 33 -19 33 -18 33 -17 33 -16 32 -16 31 -15 31 -15 30 -14 30 -13 30 -13 29 -12 27 -12 27 -12 25 -11 23 -11 22 -10 20 -10 19 -10 18 -10 17 -10 16 0 0 0 0 0 0 0 0 0 0 0 0 0 0 0 0 0 0 0 0 0 0 5 8 3 13 10 1 13 10 1 12 -1 13 -3 15 -5 17 -7 18 -9 19 -11 19 -13 21 -15 20 -18 21 -18 21 -19 21 -19 21 -20 22 -20 21 -20 22 -21 23 -22 23 -20 25 -20 26 -20 28 -21 28]
,,,-80,0,0,0,0,0,0,0,0,0,0,-92,0,6,1723325471976,0,0,0,0,1723325471976,124,[27 -27 28 -28 27 -27 28 -29 27 -28 27 -28 27 -28 25 -28 24 -27 23 -28 24 -27 21 -26 22 -27 19 -25 19 -26 19 -23 18 -23 17 -22 17 -21 16 -20 15 -18 14 -17 14 -16 13 -16 14 -15 0 0 0 0 0 0 0 0 0 0 0 0 0 0 0 0 0 0 0 0 0 0 -3 -10 -1 -10 1 -10 2 -12 4 -12 5 -14 7 -15 9 -16 11 -16 13 -16 16 -17 18 -17 20 -16 21 -16 22 -17 23 -16 23 -17 23 -17 25 -17 25 -19 25 -19 26 -20 25 -21 27 -23 27 -24 28 -25]
,,,-80,0,0,0,0,0,0,0,0,0,0,-92,0,6,1723325471995,0,0,0,0,1723325471995,124,[13 -20 14 -20 13 -19 13 -20 13 -20 13 -21 13 -20 12 -20 12 -20 11 -20 11 -20 13 10 -19 13 10 -19 9 -18 9 -19 9 -18 9 -17 8 -16 8 -15 8 -15 8 -14 7 -13 7 -13 7 -12 8 -11 0 0 0 0 0 0 0 0 0 0 0 0 0 0 0 0 0 0 0 0 0 0 -3 -4 -2 -5 -1 -5 0 -6 1 -6 1 -7 2 -8 3 -9 4 -10 6 -11 7 -11 8 -11 9 -12 13 10 -12 11 -12 11 -12 12 -13 11 -12 13 -13 13 -14 13 -14 13 -15 13 -15 13 -16 13]
,,,-80,0,0,0,0,0,0,0,0,0,0,-92,0,6,1723325472015,0,0,0,0,1723325472015,124,[7 -25 7 -25 6 -25 6 -25 6 -25 5 -26 6 -26 5 -26 5 -25 4 -26 4 -25 4 -24 4 -24 4 -24 4 -24 4 -23 3 -22 4 -21 4 -20 4 -20 4 -18 4 -17 5 -17 5 -16 5 -15 0 0 0 0 0 0 0 0 0 0 0 0 0 0 0 0 0 0 0 0 0 0 -4 -1 -3 -2 -3 -3 -3 -4 -2 -5 -2 -6 -2 -8 -1 -9 0 -11 1 -12 2 -13 3 -14 5 -14 6 -15 7 -15 7 -17 7 -16 7 -17 8 -18 8 -18 8 -19 8 -20 8 -20 8 -22 8 -22 8 -23]
,,,-80,0,0,0,0,0,0,0,0,0,0,-92,0,6,1723325472035,0,0,0,0,1723325472035,124,[-25 -5 -26 -5 -25 -4 -26 -4 -26 -3 -26 -4 -26 -3 -26 -3 -26 -4 -26 -3 -25 -3 -25 -2 -25 -2 -24 -2 -24 -2 -23 -3 -22 -3 -22 -3 -20 -3 -20 -3 -19 -4 -18 -4 -17 -4 -16 -5 -16 -5 0 0 0 0 0 0 0 0 0 0 0 0 0 0 0 0 0 0 0 0 0 0 -1 0 -1 0 -3 1 -4 1 -4 1 -5 0 -7 0 -9 0 -10 0 -12 -1 -13 -3 -14 -4 -15 -4 -16 -5 -17 -5 -17 -7 -18 -7 -18 -7 -19 -7 -19 -6 -21 -7 -21 -6 -21 -7 -23 -7 -24 -6 -24 -7]
,,,-80,0,0,0,0,0,0,0,0,0,0,-92,0,6,1723325472067,0,0,0,0,1723325472067,124,[-33 11 -33 12 -31 12 -32 12 -32 13 -32 12 -32 13 -31 13 -30 13 -30 14 -29 13 -29 14 -29 14 -27 13 -27 13 -26 11 -25 11 -25 13 10 -23 9 -23 9 -22 8 -21 7 -19 7 -19 6 -19 5 0 0 0 0 0 0 0 0 0 0 0 0 0 0 0 0 0 0 0 0 0 0 -1 1 -2 1 -4 2 -5 2 -6 3 -7 4 -9 5 -11 5 -13 6 -15 6 -16 7 -18 6 -21 6 -22 7 -23 5 -25 5 -26 5 -26 5 -28 6 -28 5 -29 6 -30 7 -30 7 -31 9 -32 9 -33]
,,,-80,0,0,0,0,0,0,0,0,0,0,-92,0,6,1723325472078,0,0,0,0,1723325472078,124,[-18 17 -18 17 -16 18 -17 18 -16 18 -16 18 -16 18 -15 18 -15 18 -15 18 -15 17 -14 17 -14 17 -13 17 -13 17 -13 15 -13 15 -13 14 -12 13 -12 13 -11 11 -11 11 -11 13 10 -11 9 -11 8 0 0 0 0 0 0 0 0 0 0 0 0 0 0 0 0 0 0 0 0 0 0 -1 1 -1 2 -2 3 -2 3 -3 4 -3 5 -4 7 -5 7 -6 9 -8 13 10 -9 13 10 -11 11 -12 11 -13 11 -14 11 -15 12 -15 12 -16 12 -16 13 -16 13 -17 14 -17 14 -18 15 -18 15 -19]
,,,-80,0,0,0,0,0,0,0,0,0,0,-92,0,6,1723325472097,0,0,0,0,1723325472097,124,[20 13 20 13 20 13 20 12 21 12 21 11 20 11 21 11 20 11 20 11 20 13 10 19 13 10 19 9 18 9 18 13 10 17 9 16 9 15 8 15 8 14 8 13 7 11 7 11 8 13 10 7 13 10 7 0 0 0 0 0 0 0 0 0 0 0 0 0 0 0 0 0 0 0 0 0 0 3 -1 4 0 4 0 6 1 6 1 8 2 9 3 13 10 4 11 6 12 6 13 8 13 13 10 14 11 14 11 14 12 14 13 14 14 14 14 15 13 16 14 16 14 17 14 17]
,,,-80,0,0,0,0,0,0,0,0,0,0,-92,0,6,1723325472115,0,0,0,0,1723325472115,124,[-26 3 -27 4 -25 4 -27 5 -26 5 -26 5 -26 5 -25 5 -24 5 -24 6 -24 6 -23 6 -24 6 -21 6 -22 6 -20 5 -20 5 -19 4 -18 4 -17 4 -16 3 -16 3 -15 3 -14 2 -14 1 0 0 0 0 0 0 0 0 0 0 0 0 0 0 0 0 0 0 0 0 0 0 -2 2 -3 3 -4 3 -6 3 -7 3 -8 4 -10 4 -11 3 -13 3 -15 3 -17 2 -18 2 -19 1 -20 1 -21 0 -21 -1 -22 -1 -21 -1 -23 -1 -23 0 -24 -1 -24 0 -24 0 -26 1 -26 1 -27 1]
,,,-80,0,0,0,0,0,0,0,0,0,0,-92,0,6,1723325472137,0,0,0,0,1723325472137,124,[23 -9 23 -9 23 -10 23 -10 22 -10 22 -11 22 -10 21 -10 21 -10 21 -11 20 -11 19 -11 19 -10 18 -11 18 -10 18 -9 17 -9 17 -8 16 -8 15 -7 15 -7 14 -6 14 -6 13 -5 13 -4 0 0 0 0 0 0 0 0 0 0 0 0 0 0 0 0 0 0 0 0 0 0 1 -3 2 -4 3 -4 4 -5 5 -5 6 -5 7 -6 9 -6 13 10 -7 12 -7 13 -7 15 -7 16 -7 17 -7 18 -7 19 -7 19 -6 20 -6 20 -7 21 -7 22 -7 22 -7 22 -6 23 -8 23 -8 24]
,,,-80,0,0,0,0,0,0,0,0,0,0,-92,0,6,1723325472157,0,0,0,0,1723325472157,124,[25 5 25 4 25 4 25 4 25 3 25 4 25 3 24 3 25 3 24 3 23 2 23 2 22 2 23 1 22 2 22 2 20 2 20 2 19 3 18 3 17 3 16 3 15 4 15 3 14 4 0 0 0 0 0 0 0 0 0 0 0 0 0 0 0 0 0 0 0 0 0 0 2 -1 3 -1 5 -1 5 -1 7 -1 7 0 9 0 13 10 1 11 1 13 2 14 3 15 4 16 5 17 5 17 6 18 7 18 6 19 7 19 6 20 7 20 7 22 7 22 7 23 6 23 7 24]
,,,-80,0,0,0,0,0,0,0,0,0,0,-92,0,6,1723325472175,0,0,0,0,1723325472175,124,[-7 23 -7 24 -6 23 -6 24 -6 24 -6 24 -5 23 -5 23 -4 23 -4 23 -4 22 -4 21 -4 22 -3 21 -3 21 -3 20 -3 20 -4 19 -4 17 -4 17 -4 15 -4 14 -4 14 -5 13 -5 13 0 0 0 0 0 0 0 0 0 0 0 0 0 0 0 0 0 0 0 0 0 0 1 4 1 5 -1 5 -1 6 -1 7 -1 9 -2 13 10 -3 11 -3 13 -4 13 -5 15 -6 16 -7 16 -8 17 -8 17 -9 18 -9 18 -9 18 -9 19 -9 19 -9 20 -9 20 -8 21 -8 22 -8 22 -8]
,,,-80,0,0,0,0,0,0,0,0,0,0,-92,0,6,1723325472197,0,0,0,0,1723325472197,124,[25 -5 25 -6 24 -6 24 -7 24 -7 24 -7 24 -7 23 -7 23 -7 22 -7 21 -8 20 -8 20 -8 20 -8 20 -8 19 -7 18 -7 17 -6 17 -6 16 -5 15 -5 15 -4 14 -4 13 -4 13 -3 0 0 0 0 0 0 0 0 0 0 0 0 0 0 0 0 0 0 0 0 0 0 2 -5 3 -5 4 -5 6 -6 6 -6 8 -5 13 10 -5 11 -5 13 -5 14 -5 17 -5 17 -4 19 -3 20 -3 20 -2 20 -2 21 -1 21 -2 22 -2 23 -2 23 -2 24 -3 23 -2 24 -4 24 -4 25]
,,,-80,0,0,0,0,0,0,0,0,0,0,-92,0,6,1723325472214,0,0,0,0,1723325472214,124,[13 10 -22 13 10 -23 9 -22 9 -23 9 -23 8 -23 8 -23 8 -23 7 -22 6 -23 6 -22 6 -22 6 -22 6 -21 6 -22 5 -19 6 -20 6 -18 6 -17 6 -17 6 -15 5 -14 5 -14 5 -13 6 -12 0 0 0 0 0 0 0 0 0 0 0 0 0 0 0 0 0 0 0 0 0 0 -4 -4 -3 -5 -2 -6 -2 -7 -1 -7 0 -9 0 -10 1 -11 3 -12 3 -13 5 -15 6 -15 8 -16 9 -15 13 10 -16 13 10 -16 11 -17 13 10 -16 12 -18 12 -18 12 -18 12 -19 11 -19 12]
,,,-80,0,0,0,0,0,0,0,0,0,0,-92,0,6,1723325472234,0,0,0,0,1723325472234,124,[20 24 20 25 20 25 22 24 21 23 23 23 22 23 22 22 22 22 22 21 22 21 22 19 22 19 21 19 22 19 20 18 19 18 19 17 17 17 16 17 15 15 14 15 13 15 12 14 13 10 14 0 0 0 0 0 0 0 0 0 0 0 0 0 0 0 0 0 0 0 0 0 0 4 -3 6 -2 7 -1 8 0 8 2 13 10 4 11 6 11 8 12 13 10 13 12 13 15 13 17 13 18 13 20 12 21 12 22 12 23 13 23 13 23 14 24 14 25 15 25 15 26 16 25 17]
,,,-80,0,0,0,0,0,0,0,0,0,0,-92,0,6,1723325472254,0,0,0,0,1723325472254,124,[25 -1 25 -1 26 -1 25 -2 25 -2 25 -2 25 -2 24 -2 25 -2 24 -3 24 -3 23 -3 22 -2 22 -2 21 -2 21 -2 20 -1 20 -1 19 0 18 0 16 1 16 1 15 1 14 1 13 2 0 0 0 0 0 0 0 0 0 0 0 0 0 0 0 0 0 0 0 0 0 0 1 -2 1 -2 3 -3 4 -3 5 -3 6 -2 7 -2 9 -2 13 10 -1 12 -2 13 -1 15 0 16 0 17 0 17 1 18 2 18 2 20 2 19 1 21 2 21 1 22 1 22 1 23 1 24 0 24]
,,,-80,0,0,0,0,0,0,0,0,0,0,-92,0,6,1723325472274,0,0,0,0,1723325472274,124,[-3 25 -3 26 -2 25 -2 26 -2 26 -2 26 -1 25 -1 25 -1 25 0 25 -1 24 0 24 0 24 -1 23 -1 23 -1 22 -2 22 -2 20 -3 19 -3 19 -4 16 -3 16 -3 15 -4 14 -5 13 0 0 0 0 0 0 0 0 0 0 0 0 0 0 0 0 0 0 0 0 0 0 1 2 1 3 1 4 1 5 0 6 1 7 0 9 -1 13 10 -1 11 -1 12 -2 14 -2 16 -3 16 -4 16 -5 17 -5 18 -6 19 -6 19 -5 20 -6 20 -5 21 -5 22 -5 22 -4 23 -4 24 -3]
,,,-80,0,0,0,0,0,0,0,0,0,0,-92,0,6,1723325472296,0,0,0,0,1723325472296,124,[-24 -6 -24 -5 -24 -6 -24 -5 -24 -5 -24 -4 -24 -4 -23 -4 -24 -4 -23 -4 -22 -3 -22 -3 -22 -3 -21 -2 -20 -2 -21 -3 -19 -3 -19 -3 -18 -3 -17 -3 -16 -4 -15 -4 -14 -4 -13 -4 -12 -5 0 0 0 0 0 0 0 0 0 0 0 0 0 0 0 0 0 0 0 0 0 0 -3 1 -3 0 -5 0 -5 0 -6 0 -7 -1 -9 -1 -10 -2 -11 -3 -13 -3 -14 -5 -14 -6 -15 -6 -15 -6 -16 -7 -16 -8 -16 -8 -17 -8 -18 -8 -18 -8 -19 -8 -20 -8 -21 -8 -21 -7 -22 -7 -22 -7]
,,,-80,0,0,0,0,0,0,0,0,0,0,-92,0,6,1723325472315,0,0,0,0,1723325472315,124,[12 -23 12 -24 12 -24 12 -24 12 -24 12 -24 12 -24 11 -24 11 -24 11 -24 11 -23 13 10 -22 13 10 -23 13 10 -22 13 10 -22 13 10 -20 13 10 -20 13 10 -19 9 -17 9 -16 9 -15 9 -14 9 -13 8 -12 9 -12 0 0 0 0 0 0 0 0 0 0 0 0 0 0 0 0 0 0 0 0 0 0 -2 -3 -2 -4 -1 -5 0 -6 1 -7 1 -8 2 -9 3 -10 4 -11 5 -12 6 -13 8 -13 9 -14 13 10 -15 11 -15 12 -15 12 -15 12 -15 13 -16 13 -17 13 -17 13 -18]
,,,-80,0,0,0,0,0,0,0,0,0,0,-92,0,6,1723325472335,0,0,0,0,1723325472335,124,[-20 15 -22 16 -20 16 -21 16 -20 17 -20 17 -20 16 -20 16 -19 16 -19 16 -19 16 -18 16 -18 16 -17 15 -17 15 -17 14 -17 14 -17 12 -15 12 -15 11 -15 9 -14 9 -13 8 -13 8 -13 6 0 0 0 0 0 0 0 0 0 0 0 0 0 0 0 0 0 0 0 0 0 0 1 2 0 3 -1 3 -2 4 -3 5 -4 6 -5 6 -7 7 -8 8 -10 8 -12 9 -13 9 -15 9 -15 9 -17 8 -17 8 -18 8 -17 8 -19 9 -19 13 10 -20 13 10 -20 11 -19 12 -20 12 -20 13]
,,,-80,0,0,0,0,0,0,0,0,0,0,-92,0,6,1723325472354,0,0,0,0,1723325472354,124,[-23 -10 -25 -10 -23 -10 -25 -9 -24 -9 -25 -8 -24 -8 -23 -8 -23 -8 -23 -8 -23 -7 -22 -7 -23 -6 -21 -6 -21 -6 -20 -6 -20 -7 -19 -6 -18 -6 -17 -7 -15 -6 -15 -7 -14 -6 -13 -6 -12 -7 0 0 0 0 0 0 0 0 0 0 0 0 0 0 0 0 0 0 0 0 0 0 -3 1 -4 1 -5 0 -7 0 -7 0 -8 -2 -9 -2 -11 -3 -12 -4 -12 -4 -14 -7 -14 -8 -15 -8 -16 -9 -16 -10 -16 -10 -17 -11 -16 -11 -18 -11 -18 -11 -19 -11 -20 -11 -19 -11 -21 -11 -22 -11 -22 -11]
,,,-80,0,0,0,0,0,0,0,0,0,0,-92,0,6,1723325472379,0,0,0,0,1723325472379,124,[16 -23 16 -23 16 -23 16 -24 16 -23 16 -24 16 -23 15 -23 15 -23 14 -23 14 -23 12 -21 13 -22 12 -21 12 -21 12 -20 12 -19 12 -18 12 -17 11 -16 13 10 -14 13 10 -13 13 10 -12 13 10 -12 13 10 -10 0 0 0 0 0 0 0 0 0 0 0 0 0 0 0 0 0 0 0 0 0 0 -1 -6 0 -7 1 -8 2 -8 3 -10 4 -11 5 -11 7 -12 8 -13 13 10 -13 11 -14 13 -14 14 -15 15 -15 16 -14 16 -15 16 -16 16 -15 17 -17 17 -17 18 -17 18 -18 17 -18]
,,,-80,0,0,0,0,0,0,0,0,0,0,-92,0,6,1723325472394,0,0,0,0,1723325472394,124,[-21 -14 -22 -15 -21 -15 -22 -14 -22 -14 -22 -14 -21 -14 -21 -14 -21 -13 -21 -12 -21 -12 -20 -11 -20 -11 -19 -11 -19 -11 -18 -10 -18 -10 -16 -10 -15 -11 -15 -10 -13 -10 -12 -9 -12 -9 -11 -9 -10 -9 0 0 0 0 0 0 0 0 0 0 0 0 0 0 0 0 0 0 0 0 0 0 -6 -1 -6 -1 -7 -2 -8 -2 -9 -3 -10 -5 -10 -5 -11 -7 -11 -8 -13 -9 -13 -10 -14 -11 -14 -12 -14 -13 -14 -14 -14 -15 -14 -15 -14 -15 -15 -15 -16 -15 -16 -15 -17 -15 -18 -15 -19 -15 -20 -15 -20 -16]
,,,-80,0,0,0,0,0,0,0,0,0,0,-92,0,6,1723325472415,0,0,0,0,1723325472415,124,[-18 19 -18 19 -17 19 -17 19 -17 20 -16 20 -16 19 -16 19 -15 19 -15 18 -15 18 -14 18 -13 18 -12 18 -12 17 -12 17 -12 15 -11 15 -11 14 -11 14 -10 12 -10 11 -10 13 10 -10 13 10 -10 8 0 0 0 0 0 0 0 0 0 0 0 0 0 0 0 0 0 0 0 0 0 0 0 4 -1 5 -1 5 -3 6 -3 7 -4 8 -5 9 -6 13 10 -8 11 -10 11 -11 12 -12 11 -14 12 -15 12 -15 12 -16 12 -16 12 -16 12 -17 13 -17 14 -17 14 -17 15 -18 15 -18 16 -18]
,,,-80,0,0,0,0,0,0,0,0,0,0,-92,0,6,1723325472434,0,0,0,0,1723325472434,124,[-27 3 -28 3 -26 3 -27 4 -28 4 -27 3 -27 3 -26 3 -25 4 -26 5 -25 5 -24 5 -24 5 -23 5 -23 5 -22 5 -21 5 -20 3 -20 3 -19 2 -18 2 -17 2 -16 2 -15 2 -15 0 0 0 0 0 0 0 0 0 0 0 0 0 0 0 0 0 0 0 0 0 0 0 -1 4 -2 4 -4 4 -5 4 -6 4 -7 4 -9 4 -11 4 -12 4 -14 3 -16 3 -18 2 -19 1 -20 0 -20 0 -21 -1 -21 -2 -21 -1 -23 -1 -23 -1 -24 -1 -24 -1 -25 0 -26 1 -26 1 -27 1]
,,,-80,0,0,0,0,0,0,0,0,0,0,-92,0,6,1723325472454,0,0,0,0,1723325472454,124,[19 -17 20 -19 18 -18 19 -19 18 -19 18 -20 18 -19 17 -19 16 -19 16 -20 16 -19 15 -19 15 -19 14 -18 15 -19 14 -17 14 -17 14 -16 13 -15 13 -15 12 -13 12 -12 11 -11 11 -11 11 -10 0 0 0 0 0 0 0 0 0 0 0 0 0 0 0 0 0 0 0 0 0 0 -2 -3 -2 -4 -1 -4 0 -5 1 -6 2 -7 3 -8 4 -9 6 -10 7 -11 9 -12 11 -12 13 -12 14 -11 15 -11 16 -11 17 -12 16 -11 18 -12 18 -12 18 -14 19 -14 19 -14 19 -16 19 -16 20 -17]
,,,-80,0,0,0,0,0,0,0,0,0,0,-92,0,6,1723325472475,0,0,0,0,1723325472475,124,[16 31 17 32 17 30 18 31 18 30 18 30 18 30 18 29 18 29 19 28 18 26 18 25 19 25 18 24 18 25 17 23 16 22 15 22 14 21 13 20 12 19 11 18 13 10 17 9 17 8 16 0 0 0 0 0 0 0 0 0 0 0 0 0 0 0 0 0 0 0 0 0 0 2 -1 4 0 4 0 5 2 6 3 7 6 8 8 8 13 10 9 12 13 10 14 13 10 17 13 10 20 9 21 9 23 9 24 8 26 8 26 9 26 9 27 13 10 28 13 10 29 11 30 11]
,,,-80,0,0,0,0,0,0,0,0,0,0,-92,0,6,1723325472494,0,0,0,0,1723325472494,124,[-15 20 -15 21 -14 21 -14 21 -13 22 -13 21 -13 21 -12 21 -12 21 -11 21 -11 20 -10 20 -10 19 -9 20 -9 19 -9 19 -9 17 -9 17 -9 16 -9 15 -8 13 -9 12 -8 12 -8 11 -8 13 10 0 0 0 0 0 0 0 0 0 0 0 0 0 0 0 0 0 0 0 0 0 0 1 0 1 2 0 2 -1 3 -1 4 -1 6 -2 7 -4 8 -5 9 -6 11 -7 12 -9 12 -11 13 -12 13 -12 13 -14 14 -14 14 -14 14 -14 15 -15 15 -15 16 -15 17 -15 17 -15 18 -16 19 -16]
,,,-80,0,0,0,0,0,0,0,0,0,0,-92,0,6,1723325472514,0,0,0,0,1723325472514,124,[-10 -24 -10 -23 -11 -24 -11 -23 -12 -23 -12 -23 -12 -23 -12 -22 -12 -23 -12 -22 -12 -22 -12 -20 -13 -20 -12 -20 -12 -20 -11 -19 -10 -19 -10 -19 -9 -18 -8 -17 -7 -16 -7 -16 -6 -15 -5 -14 -4 -13 0 0 0 0 0 0 0 0 0 0 0 0 0 0 0 0 0 0 0 0 0 0 -2 -1 -2 -1 -3 -2 -3 -3 -4 -4 -4 -6 -5 -7 -5 -9 -6 -10 -6 -12 -6 -14 -5 -15 -5 -16 -5 -17 -5 -18 -4 -20 -5 -19 -4 -20 -5 -20 -5 -21 -6 -22 -6 -22 -6 -23 -7 -23 -7 -23 -8 -24]
,,,-80,0,0,0,0,0,0,0,0,0,0,-92,0,6,1723325472535,0,0,0,0,1723325472535,124,[-20 -19 -20 -19 -21 -19 -21 -18 -21 -18 -22 -18 -21 -18 -21 -17 -21 -18 -21 -18 -21 -17 -21 -16 -21 -16 -20 -16 -19 -16 -19 -16 -17 -15 -16 -15 -15 -15 -15 -15 -13 -14 -12 -14 -11 -13 -10 -13 -8 -12 0 0 0 0 0 0 0 0 0 0 0 0 0 0 0 0 0 0 0 0 0 0 -2 0 -3 -1 -4 -1 -5 -1 -6 -2 -7 -4 -8 -5 -9 -6 -10 -7 -11 -9 -11 -11 -11 -12 -12 -14 -12 -15 -12 -15 -12 -17 -12 -17 -13 -17 -13 -17 -14 -18 -15 -18 -15 -18 -16 -19 -17 -19 -18 -20 -18 -20]
,,,-80,0,0,0,0,0,0,0,0,0,0,-92,0,6,1723325472556,0,0,0,0,1723325472556,124,[21 8 22 8 22 8 23 8 23 8 23 8 22 8 22 7 22 8 22 7 21 6 20 6 20 6 21 6 20 5 20 6 18 6 17 7 16 7 16 6 14 6 13 6 12 7 11 6 13 10 6 0 0 0 0 0 0 0 0 0 0 0 0 0 0 0 0 0 0 0 0 0 0 0 -1 1 -1 2 -2 3 -1 4 -1 5 0 7 0 7 1 9 2 13 10 3 11 5 12 5 13 6 14 7 13 8 14 9 14 9 15 9 15 9 16 9 17 9 18 9 18 13 10 19 9 20]
,,,-80,0,0,0,0,0,0,0,0,0,0,-92,0,6,1723325472574,0,0,0,0,1723325472574,124,[-24 5 -24 5 -24 6 -24 7 -24 7 -24 7 -24 7 -23 7 -23 7 -22 7 -22 7 -21 7 -21 8 -20 7 -20 7 -20 7 -19 6 -19 5 -18 5 -17 4 -15 3 -15 3 -14 2 -14 2 -13 1 0 0 0 0 0 0 0 0 0 0 0 0 0 0 0 0 0 0 0 0 0 0 -1 1 -1 2 -3 2 -4 2 -4 3 -5 3 -6 4 -8 3 -10 3 -11 3 -13 3 -14 3 -16 2 -16 2 -17 2 -18 1 -19 1 -19 1 -20 2 -20 2 -21 2 -22 3 -22 3 -22 4 -23 4 -23 4]
,,,-80,0,0,0,0,0,0,0,0,0,0,-92,0,6,1723325472596,0,0,0,0,1723325472596,124,[8 -27 8 -28 7 -27 7 -27 7 -28 7 -27 7 -28 6 -27 5 -27 5 -27 4 -26 4 -25 4 -25 4 -25 4 -25 4 -23 4 -23 5 -22 5 -20 5 -19 5 -18 5 -16 5 -15 5 -14 6 -13 0 0 0 0 0 0 0 0 0 0 0 0 0 0 0 0 0 0 0 0 0 0 -2 -2 -2 -3 -2 -4 -1 -5 -1 -6 0 -8 0 -9 1 -10 2 -12 3 -13 3 -15 5 -16 6 -17 7 -18 8 -18 8 -19 8 -20 9 -20 9 -21 9 -21 9 -22 13 10 -23 9 -24 9 -25 9 -25 9]
,,,-80,0,0,0,0,0,0,0,0,0,0,-92,0,6,1723325472614,0,0,0,0,1723325472614,124,[-21 17 -21 17 -20 17 -20 17 -20 17 -20 18 -20 17 -19 17 -19 17 -18 17 -17 17 -17 17 -16 17 -16 17 -16 16 -16 16 -15 14 -15 14 -14 12 -14 12 -13 13 10 -13 13 10 -13 9 -12 8 -12 7 0 0 0 0 0 0 0 0 0 0 0 0 0 0 0 0 0 0 0 0 0 0 -1 2 -1 3 -2 4 -3 4 -4 5 -5 5 -5 6 -7 7 -8 8 -10 9 -11 9 -13 9 -14 13 10 -15 13 10 -16 9 -17 13 10 -17 13 10 -18 13 10 -19 11 -19 12 -20 12 -20 13 -21]
,,,-80,0,0,0,0,0,0,0,0,0,0,-92,0,6,1723325472647,0,0,0,0,1723325472647,124,[26 1 27 1 26 0 27 0 26 0 27 0 26 0 25 -1 25 -1 25 -2 24 -2 24 -2 23 -2 22 -2 22 -3 22 -2 21 -1 20 -1 19 -1 18 -1 17 0 16 0 15 0 14 1 13 2 0 0 0 0 0 0 0 0 0 0 0 0 0 0 0 0 0 0 0 0 0 0 3 -3 4 -3 5 -3 6 -3 7 -3 8 -2 9 -2 11 -1 12 -1 14 -1 15 1 16 1 17 1 19 2 19 3 19 4 20 4 21 4 22 3 22 4 23 4 24 3 24 3 25 3 25 3 27 3]
,,,-80,0,0,0,0,0,0,0,0,0,0,-92,0,6,1723325472659,0,0,0,0,1723325472659,124,[26 -5 26 -6 25 -6 26 -6 26 -6 26 -6 25 -6 24 -6 24 -6 24 -7 23 -7 22 -7 22 -7 21 -7 21 -7 20 -6 19 -6 19 -5 18 -5 17 -4 16 -3 15 -2 15 -3 14 -2 13 -1 0 0 0 0 0 0 0 0 0 0 0 0 0 0 0 0 0 0 0 0 0 0 2 -4 3 -4 4 -4 5 -4 6 -5 7 -5 8 -4 13 10 -4 12 -4 13 -5 14 -4 16 -4 17 -4 18 -3 19 -3 19 -2 20 -2 21 -2 22 -2 22 -2 23 -3 24 -2 24 -3 25 -4 25 -4 26]
,,,-80,0,0,0,0,0,0,0,0,0,0,-92,0,6,1723325472677,0,0,0,0,1723325472677,124,[-17 -17 -17 -18 -17 -17 -18 -17 -18 -17 -18 -17 -17 -17 -17 -16 -17 -16 -18 -15 -17 -14 -17 -14 -17 -14 -16 -13 -16 -14 -15 -13 -15 -13 -14 -13 -13 -12 -12 -12 -11 -12 -10 -11 -10 -11 -9 -10 -8 -11 0 0 0 0 0 0 0 0 0 0 0 0 0 0 0 0 0 0 0 0 0 0 -4 -1 -4 -1 -5 -2 -6 -2 -6 -3 -7 -4 -8 -5 -9 -6 -9 -7 -10 -8 -11 -10 -11 -11 -11 -12 -11 -12 -11 -14 -11 -15 -11 -15 -11 -15 -13 -16 -13 -15 -14 -16 -14 -17 -15 -17 -15 -17 -16 -17 -16 -18]
,,,-80,0,0,0,0,0,0,0,0,0,0,-92,0,6,1723325472697,0,0,0,0,1723325472697,124,[-8 28 -8 27 -7 28 -7 27 -7 28 -6 28 -7 28 -5 28 -5 27 -5 26 -5 26 -5 25 -4 25 -3 25 -4 24 -4 23 -4 22 -5 22 -4 20 -5 20 -5 18 -5 17 -5 16 -5 15 -6 14 0 0 0 0 0 0 0 0 0 0 0 0 0 0 0 0 0 0 0 0 0 0 1 2 1 3 1 4 0 5 0 6 0 8 0 9 -1 13 10 -2 12 -3 14 -4 15 -5 16 -6 17 -7 17 -8 18 -9 19 -9 19 -9 20 -9 20 -9 21 -10 22 -9 23 -9 24 -9 25 -9 26 -8]
,,,-80,0,0,0,0,0,0,0,0,0,0,-92,0,6,1723325472715,0,0,0,0,1723325472715,124,[17 17 18 18 18 18 18 18 18 17 18 17 19 17 18 16 18 16 18 16 18 15 17 14 17 14 17 14 17 14 16 14 15 13 14 14 13 13 13 13 11 12 13 10 12 13 10 11 9 13 10 8 11 0 0 0 0 0 0 0 0 0 0 0 0 0 0 0 0 0 0 0 0 0 0 2 -1 3 0 4 0 4 0 5 1 6 3 7 3 8 5 9 6 9 7 13 10 9 13 10 13 10 11 11 11 12 11 13 11 14 11 15 11 15 12 15 13 16 13 16 14 16 14 17]
,,,-80,0,0,0,0,0,0,0,0,0,0,-92,0,6,1723325472734,0,0,0,0,1723325472734,124,[-23 -13 -24 -13 -23 -13 -24 -13 -24 -12 -24 -12 -24 -12 -23 -12 -23 -12 -23 -11 -22 -10 -22 -10 -22 -10 -22 -10 -21 -9 -20 -9 -19 -10 -18 -9 -17 -10 -16 -9 -15 -9 -14 -9 -13 -9 -12 -9 -11 -9 0 0 0 0 0 0 0 0 0 0 0 0 0 0 0 0 0 0 0 0 0 0 -3 1 -3 0 -5 0 -6 0 -6 0 -7 -2 -8 -2 -10 -3 -11 -4 -12 -5 -13 -7 -14 -8 -14 -9 -15 -10 -15 -11 -16 -11 -16 -12 -16 -13 -17 -12 -17 -12 -18 -13 -19 -13 -20 -13 -20 -13 -22 -14 -22 -14]
,,,-80,0,0,0,0,0,0,0,0,0,0,-92,0,6,1723325472767,0,0,0,0,1723325472767,124,[-19 14 -19 14 -19 14 -19 15 -19 15 -19 15 -18 15 -17 15 -17 14 -17 14 -17 14 -16 14 -16 14 -15 14 -15 14 -15 13 -14 12 -14 12 -13 11 -13 13 10 -12 8 -12 8 -12 7 -11 7 -11 5 0 0 0 0 0 0 0 0 0 0 0 0 0 0 0 0 0 0 0 0 0 0 0 2 -1 3 -2 3 -3 3 -3 5 -4 5 -5 6 -6 6 -7 7 -9 8 -11 8 -12 8 -13 8 -14 8 -15 8 -16 8 -16 8 -16 8 -17 9 -17 13 10 -17 13 10 -17 13 10 -18 11 -19 12]
,,,-80,0,0,0,0,0,0,0,0,0,0,-92,0,6,1723325472779,0,0,0,0,1723325472779,124,[-27 -1 -28 -1 -27 -1 -27 -1 -27 0 -27 -1 -27 0 -26 0 -26 0 -25 1 -25 1 -24 2 -24 1 -23 2 -23 2 -22 1 -21 0 -21 0 -19 -1 -19 -1 -17 -1 -16 -2 -15 -2 -14 -2 -14 -3 0 0 0 0 0 0 0 0 0 0 0 0 0 0 0 0 0 0 0 0 0 0 -2 1 -4 1 -4 1 -6 1 -6 1 -8 1 -9 1 -11 0 -12 0 -14 -1 -15 -1 -16 -2 -18 -2 -18 -3 -19 -4 -20 -4 -20 -4 -20 -5 -21 -4 -22 -4 -23 -4 -23 -4 -24 -4 -25 -3 -25 -3 -26 -3]
,,,-80,0,0,0,0,0,0,0,0,0,0,-92,0,6,1723325472797,0,0,0,0,1723325472797,124,[-27 4 -27 4 -26 4 -27 4 -26 4 -26 5 -26 5 -25 5 -25 5 -25 5 -24 5 -23 5 -23 5 -22 6 -22 5 -22 5 -21 4 -20 3 -19 3 -18 2 -17 2 -16 1 -15 1 -14 0 -13 0 0 0 0 0 0 0 0 0 0 0 0 0 0 0 0 0 0 0 0 0 0 0 -3 1 -3 2 -5 2 -6 2 -6 2 -7 2 -9 3 -10 2 -12 2 -14 2 -15 1 -17 1 -18 0 -18 0 -19 -1 -20 -1 -20 -1 -21 -1 -22 -1 -22 0 -22 0 -23 1 -24 0 -25 2 -25 2 -26 2]
,,,-80,0,0,0,0,0,0,0,0,0,0,-92,0,6,1723325472814,0,0,0,0,1723325472814,124,[-19 19 -19 19 -19 18 -19 19 -18 19 -18 20 -18 19 -17 19 -17 18 -17 18 -16 18 -16 17 -16 17 -15 17 -16 16 -15 15 -15 15 -14 14 -13 13 -13 12 -13 13 10 -12 9 -12 8 -11 7 -11 6 0 0 0 0 0 0 0 0 0 0 0 0 0 0 0 0 0 0 0 0 0 0 -1 2 -2 3 -3 3 -3 4 -3 5 -4 6 -5 7 -6 8 -8 9 -9 13 10 -10 11 -12 13 10 -13 11 -15 11 -15 11 -16 11 -16 12 -16 12 -18 13 -17 14 -17 14 -17 15 -18 15 -19 16 -19]
,,,-80,0,0,0,0,0,0,0,0,0,0,-92,0,6,1723325472835,0,0,0,0,1723325472835,124,[29 14 29 14 29 14 29 13 30 13 30 13 29 13 29 12 29 13 28 12 27 11 27 13 10 26 13 10 27 13 10 25 13 10 24 11 22 13 10 22 13 10 20 13 10 19 13 10 17 13 10 16 13 10 14 9 13 9 12 9 0 0 0 0 0 0 0 0 0 0 0 0 0 0 0 0 0 0 0 0 0 0 2 0 3 1 5 1 6 1 7 1 8 3 9 3 13 10 5 13 6 14 7 15 8 16 13 10 18 11 18 12 18 12 19 14 19 14 20 14 21 14 22 15]
,,,-80,0,0,0,0,0,0,0,0,0,0,-92,0,6,1723325472859,0,0,0,0,1723325472859,124,[-5 -26 -4 -27 -5 -26 -5 -27 -5 -26 -6 -26 -5 -26 -6 -25 -6 -25 -6 -25 -6 -24 -5 -23 -6 -23 -6 -22 -5 -23 -5 -21 -4 -21 -4 -20 -2 -19 -2 -18 -2 -16 -1 -15 -1 -14 -1 -14 1 -13 0 0 0 0 0 0 0 0 0 0 0 0 0 0 0 0 0 0 0 0 0 0 -1 -3 -2 -4 -2 -4 -2 -5 -2 -6 -2 -8 -3 -8 -3 -10 -3 -12 -3 -12 -2 -15 -2 -16 -2 -17 -2 -18 -1 -19 -1 -20 -1 -20 0 -20 -1 -21 -1 -21 -1 -22 -2 -24 -2 -23 -3 -24 -3 -25 -3 -26]
,,,-80,0,0,0,0,0,0,0,0,0,0,-92,0,6,1723325472880,0,0,0,0,1723325472880,124,[-5 24 -5 26 -4 25 -4 26 -4 26 -4 25 -4 25 -3 25 -3 24 -2 25 -2 23 -2 22 -2 23 -2 22 -3 22 -3 21 -3 20 -4 19 -4 18 -4 17 -5 14 -4 14 -4 13 -4 12 -5 11 0 0 0 0 0 0 0 0 0 0 0 0 0 0 0 0 0 0 0 0 0 0 0 2 -1 3 -1 3 -1 4 -1 5 0 6 -1 7 -2 9 -2 13 10 -2 12 -2 14 -3 15 -4 16 -5 16 -6 17 -7 17 -7 19 -7 18 -6 20 -7 19 -7 21 -6 21 -6 22 -5 23 -5 24 -5]
,,,-80,0,0,0,0,0,0,0,0,0,0,-92,0,6,1723325472898,0,0,0,0,1723325472898,124,[27 -5 27 -5 28 -6 28 -6 28 -6 28 -6 28 -6 27 -6 27 -6 26 -7 25 -7 24 -7 24 -6 24 -6 23 -6 23 -5 21 -4 21 -3 19 -2 19 -2 17 -1 16 -1 15 -1 14 -1 13 0 0 0 0 0 0 0 0 0 0 0 0 0 0 0 0 0 0 0 0 0 0 0 2 -1 2 -1 4 -2 4 -2 5 -3 6 -3 8 -3 9 -3 11 -3 13 -4 14 -4 16 -3 17 -3 18 -2 19 -1 20 -1 20 0 21 -1 22 -2 23 -2 24 -2 24 -2 25 -3 25 -4 26 -5 27 -4]
,,,-80,0,0,0,0,0,0,0,0,0,0,-92,0,6,1723325472936,0,0,0,0,1723325472936,124,[-26 -5 -27 -5 -26 -5 -26 -4 -27 -4 -27 -4 -26 -4 -25 -4 -25 -4 -25 -4 -24 -3 -24 -3 -24 -3 -23 -3 -23 -3 -22 -4 -20 -4 -20 -4 -18 -4 -17 -5 -16 -5 -15 -5 -14 -5 -13 -5 -12 -5 0 0 0 0 0 0 0 0 0 0 0 0 0 0 0 0 0 0 0 0 0 0 -2 0 -3 0 -4 0 -5 0 -6 0 -7 -1 -8 0 -9 -1 -11 -1 -12 -2 -14 -3 -15 -4 -16 -5 -17 -5 -17 -6 -18 -6 -19 -7 -19 -7 -20 -7 -20 -6 -21 -6 -22 -6 -22 -6 -24 -5 -25 -6 -25 -6]
,,,-80,0,0,0,0,0,0,0,0,0,0,-92,0,6,1723325472957,0,0,0,0,1723325472957,124,[11 -23 11 -24 11 -24 11 -24 11 -24 11 -24 11 -24 13 10 -24 13 10 -23 13 10 -23 9 -22 9 -21 9 -22 8 -21 8 -21 8 -20 8 -19 8 -18 8 -17 8 -16 7 -14 8 -13 8 -12 7 -11 7 -10 0 0 0 0 0 0 0 0 0 0 0 0 0 0 0 0 0 0 0 0 0 0 0 -3 0 -3 0 -4 1 -5 1 -6 1 -7 2 -8 3 -10 3 -10 5 -12 6 -13 8 -14 9 -14 9 -14 13 10 -15 13 10 -15 11 -16 11 -16 12 -17 12 -18 12 -18 12 -20 12 -20 12]
,,,-80,0,0,0,0,0,0,0,0,0,0,-92,0,6,1723325472975,0,0,0,0,1723325472975,124,[-18 20 -17 20 -17 20 -17 20 -16 20 -17 20 -16 20 -15 20 -16 19 -14 19 -14 19 -13 19 -13 18 -13 19 -13 18 -13 17 -12 16 -12 15 -12 13 -11 13 -11 11 -10 13 10 -10 13 10 -10 9 -10 8 0 0 0 0 0 0 0 0 0 0 0 0 0 0 0 0 0 0 0 0 0 0 -1 1 -1 2 -2 3 -2 4 -3 5 -4 5 -4 7 -5 8 -7 9 -8 13 10 -9 11 -11 11 -12 12 -13 12 -14 11 -15 13 -14 12 -15 13 -16 13 -16 14 -16 14 -16 15 -17 16 -17 17 -17]
,,,-80,0,0,0,0,0,0,0,0,0,0,-92,0,6,1723325473003,0,0,0,0,1723325473003,124,[-27 -8 -29 -8 -27 -7 -28 -7 -28 -7 -28 -7 -28 -8 -27 -7 -26 -6 -27 -5 -26 -5 -25 -4 -26 -4 -24 -4 -24 -4 -23 -4 -22 -5 -22 -6 -20 -6 -19 -5 -17 -6 -16 -5 -15 -5 -14 -5 -13 -6 0 0 0 0 0 0 0 0 0 0 0 0 0 0 0 0 0 0 0 0 0 0 -3 1 -3 1 -5 0 -6 1 -7 0 -8 0 -10 -1 -11 -2 -12 -3 -14 -3 -16 -4 -17 -6 -18 -6 -18 -7 -19 -8 -19 -9 -20 -10 -19 -9 -22 -10 -22 -10 -22 -10 -23 -9 -23 -9 -26 -8 -26 -8 -27 -9]
,,,-80,0,0,0,0,0,0,0,0,0,0,-92,0,6,1723325473015,0,0,0,0,1723325473015,124,[19 15 19 16 19 15 20 15 20 15 20 15 19 15 19 15 19 14 19 13 19 12 18 12 18 12 18 12 17 12 17 12 16 11 14 12 13 11 12 11 11 13 10 11 13 10 13 10 9 9 9 8 9 0 0 0 0 0 0 0 0 0 0 0 0 0 0 0 0 0 0 0 0 0 0 2 -1 3 -1 4 0 5 0 6 1 7 2 8 3 8 4 9 5 13 10 6 11 8 12 9 12 13 10 12 11 12 13 12 14 13 14 12 13 13 14 14 15 14 15 15 15 15 15 17]
,,,-80,0,0,0,0,0,0,0,0,0,0,-92,0,6,1723325473037,0,0,0,0,1723325473037,124,[-34 17 -35 17 -34 19 -33 19 -34 19 -33 20 -33 19 -32 19 -31 19 -30 19 -29 19 -29 18 -28 18 -27 20 -26 18 -27 17 -25 16 -24 15 -24 14 -23 13 -22 11 -21 13 10 -20 9 -18 8 -18 6 0 0 0 0 0 0 0 0 0 0 0 0 0 0 0 0 0 0 0 0 0 0 -2 4 -3 5 -4 6 -6 6 -8 7 -9 8 -11 9 -13 9 -16 9 -18 13 10 -20 13 10 -22 13 10 -24 8 -26 9 -26 9 -29 13 10 -28 9 -29 8 -30 9 -30 13 10 -32 13 10 -32 12 -33]
,,,-80,0,0,0,0,0,0,0,0,0,0,-92,0,6,1723325473058,0,0,0,0,1723325473058,124,[13 -22 13 -23 12 -22 13 -23 12 -23 12 -23 12 -23 11 -22 13 10 -22 13 10 -23 9 -22 9 -21 9 -21 8 -21 8 -21 9 -20 8 -19 8 -18 8 -17 8 -16 7 -14 7 -13 8 -12 7 -12 8 -11 0 0 0 0 0 0 0 0 0 0 0 0 0 0 0 0 0 0 0 0 0 0 -2 -4 0 -5 0 -5 0 -6 1 -7 2 -8 3 -9 4 -10 5 -11 7 -12 8 -13 9 -13 13 10 -14 11 -13 12 -14 12 -14 13 -15 12 -15 13 -16 13 -17 13 -17 14 -18 14 -18 14 -19 14]
,,,-80,0,0,0,0,0,0,0,0,0,0,-92,0,6,1723325473074,0,0,0,0,1723325473074,124,[-26 -27 -27 -27 -26 -27 -27 -27 -27 -26 -28 -26 -27 -25 -26 -25 -26 -25 -27 -24 -27 -23 -26 -22 -27 -21 -25 -21 -26 -21 -24 -20 -22 -20 -22 -19 -20 -19 -19 -18 -17 -18 -15 -17 -14 -16 -13 -15 -11 -15 0 0 0 0 0 0 0 0 0 0 0 0 0 0 0 0 0 0 0 0 0 0 -5 -1 -6 -2 -7 -2 -8 -3 -9 -4 -11 -7 -11 -8 -12 -10 -13 -12 -14 -14 -15 -17 -15 -19 -15 -20 -16 -22 -15 -23 -15 -24 -16 -25 -16 -25 -17 -25 -19 -25 -19 -26 -19 -26 -20 -27 -22 -27 -23 -28 -24 -28]
,,,-80,0,0,0,0,0,0,0,0,0,0,-92,0,6,1723325473098,0,0,0,0,1723325473098,124,[-6 -24 -7 -26 -7 -25 -7 -26 -8 -25 -7 -25 -8 -25 -8 -24 -8 -23 -9 -23 -9 -22 -9 -21 -9 -21 -9 -20 -9 -21 -8 -20 -8 -19 -7 -19 -6 -18 -6 -17 -5 -16 -5 -15 -5 -14 -3 -13 -3 -13 0 0 0 0 0 0 0 0 0 0 0 0 0 0 0 0 0 0 0 0 0 0 -4 -2 -4 -3 -4 -4 -4 -5 -4 -6 -4 -8 -5 -9 -5 -11 -4 -12 -4 -13 -4 -16 -3 -16 -3 -18 -2 -18 -2 -19 -1 -20 -1 -20 -1 -20 -2 -21 -2 -21 -2 -22 -3 -23 -3 -23 -4 -23 -4 -24 -5 -26]
,,,-80,0,0,0,0,0,0,0,0,0,0,-92,0,6,1723325473115,0,0,0,0,1723325473115,124,[-1 -29 -1 -29 -2 -30 -2 -29 -2 -29 -2 -29 -2 -29 -3 -28 -3 -28 -4 -28 -4 -27 -4 -26 -4 -25 -5 -25 -5 -24 -4 -24 -3 -23 -3 -22 -2 -21 -2 -20 -1 -19 -1 -18 -1 -17 0 -16 1 -15 0 0 0 0 0 0 0 0 0 0 0 0 0 0 0 0 0 0 0 0 0 0 -4 -3 -4 -4 -4 -6 -4 -7 -4 -8 -3 -10 -3 -12 -3 -13 -2 -15 -2 -16 -1 -18 0 -19 1 -20 2 -21 3 -21 3 -23 3 -22 3 -23 4 -24 3 -24 3 -25 3 -26 2 -26 2 -28 1 -28 1 -29]
,,,-80,0,0,0,0,0,0,0,0,0,0,-92,0,6,1723325473150,0,0,0,0,1723325473150,124,[13 -22 13 -22 13 -22 13 -23 13 -23 13 -23 13 -22 12 -22 12 -22 11 -22 13 10 -21 13 10 -21 13 10 -21 9 -21 9 -21 9 -19 9 -19 9 -18 9 -17 9 -16 8 -14 8 -13 8 -12 8 -11 8 -10 0 0 0 0 0 0 0 0 0 0 0 0 0 0 0 0 0 0 0 0 0 0 -2 -4 -1 -5 0 -6 0 -7 1 -8 2 -9 3 -10 4 -11 5 -12 7 -12 8 -13 13 10 -14 11 -14 12 -14 12 -14 13 -15 13 -15 13 -15 14 -16 14 -16 15 -17 14 -18 14 -18 15 -19]
,,,-80,0,0,0,0,0,0,0,0,0,0,-92,0,6,1723325473162,0,0,0,0,1723325473162,124,[5 -27 5 -29 5 -28 5 -29 4 -29 4 -28 5 -28 4 -28 3 -27 2 -27 2 -27 1 -25 1 -26 1 -25 1 -25 1 -24 2 -23 2 -22 2 -21 3 -20 3 -18 3 -17 3 -16 3 -16 4 -14 0 0 0 0 0 0 0 0 0 0 0 0 0 0 0 0 0 0 0 0 0 0 -3 -4 -3 -5 -3 -6 -2 -7 -2 -9 -1 -10 -1 -11 0 -13 2 -15 2 -16 3 -17 5 -18 6 -18 7 -19 7 -20 8 -20 8 -21 8 -21 8 -22 8 -22 8 -23 9 -24 8 -24 7 -26 7 -26 7 -28]
,,,-80,0,0,0,0,0,0,0,0,0,0,-92,0,6,1723325473174,0,0,0,0,1723325473174,124,[0 -25 0 -26 -1 -26 -1 -26 -1 -26 -2 -26 -2 -26 -2 -25 -2 -25 -2 -24 -3 -23 -3 -23 -3 -23 -3 -22 -3 -22 -3 -21 -3 -20 -2 -20 -2 -18 -1 -18 -1 -16 -1 -15 0 -15 0 -14 1 -13 0 0 0 0 0 0 0 0 0 0 0 0 0 0 0 0 0 0 0 0 0 0 -3 -3 -3 -4 -3 -4 -3 -6 -3 -6 -3 -8 -2 -10 -2 -11 -2 -13 -1 -14 0 -15 1 -17 1 -17 2 -18 3 -18 3 -19 3 -20 3 -20 3 -21 3 -21 3 -22 2 -22 2 -23 2 -24 1 -24 1 -26]
,,,-80,0,0,0,0,0,0,0,0,0,0,-92,0,6,1723325473200,0,0,0,0,1723325473200,124,[16 22 17 22 17 22 17 22 17 22 17 22 17 21 16 21 17 20 17 20 16 18 16 18 16 18 16 17 15 17 14 17 14 17 13 16 12 15 13 10 15 13 10 14 9 14 8 13 7 13 6 12 0 0 0 0 0 0 0 0 0 0 0 0 0 0 0 0 0 0 0 0 0 0 3 -1 4 1 5 1 5 2 6 2 7 4 8 6 8 7 9 9 13 10 13 10 13 10 12 13 10 14 13 10 15 13 10 16 13 10 17 13 10 18 13 10 18 13 10 19 11 19 11 19]
,,,-80,0,0,0,0,0,0,0,0,0,0,-92,0,6,1723325473214,0,0,0,0,1723325473214,124,[-3 24 -4 25 -3 25 -3 26 -2 25 -2 25 -2 25 -1 24 -2 24 -2 23 -1 22 -1 22 0 22 0 22 0 21 0 20 -1 20 -1 19 -1 18 -2 17 -2 16 -2 15 -3 14 -3 13 -3 12 0 0 0 0 0 0 0 0 0 0 0 0 0 0 0 0 0 0 0 0 0 0 2 2 2 3 1 4 2 5 1 6 1 8 1 9 0 13 10 0 11 -1 13 -2 15 -3 16 -5 16 -5 16 -6 17 -6 18 -6 18 -6 18 -6 19 -5 20 -5 21 -5 21 -6 22 -5 23 -5 23 -5]
,,,-80,0,0,0,0,0,0,0,0,0,0,-92,0,6,1723325473234,0,0,0,0,1723325473234,124,[25 3 25 3 25 3 26 3 25 2 25 2 25 2 24 1 24 2 24 1 23 1 22 0 22 0 22 -1 22 -1 21 0 20 1 19 1 18 1 17 1 16 1 16 2 15 2 13 3 13 3 0 0 0 0 0 0 0 0 0 0 0 0 0 0 0 0 0 0 0 0 0 0 2 -3 3 -3 4 -3 5 -2 6 -2 8 -2 9 -1 13 10 0 12 0 13 1 14 2 15 3 16 4 16 4 17 5 18 5 18 5 18 5 20 5 20 5 21 5 22 4 22 5 23 5 23 5 24]
,,,-80,0,0,0,0,0,0,0,0,0,0,-92,0,6,1723325473265,0,0,0,0,1723325473265,124,[-2 25 -2 26 -1 25 -1 26 -1 26 0 25 0 25 1 24 0 24 0 24 1 23 1 22 1 23 1 22 2 22 1 20 1 21 0 20 0 18 -1 18 -1 16 -1 15 -1 15 -2 14 -3 13 0 0 0 0 0 0 0 0 0 0 0 0 0 0 0 0 0 0 0 0 0 0 2 2 2 3 1 4 2 5 1 6 1 8 1 9 1 13 10 0 12 0 13 -1 15 -2 16 -3 16 -4 16 -4 17 -5 18 -5 19 -4 19 -4 20 -4 20 -4 21 -4 21 -4 22 -3 23 -3 24 -3]
,,,-80,0,0,0,0,0,0,0,0,0,0,-92,0,6,1723325473277,0,0,0,0,1723325473277,124,[33 -15 34 -16 33 -16 34 -17 34 -17 33 -17 33 -17 31 -17 31 -17 31 -17 30 -17 28 -17 28 -18 27 -17 28 -17 26 -15 26 -15 25 -14 24 -13 23 -12 22 -10 21 -9 21 -8 19 -7 19 -6 0 0 0 0 0 0 0 0 0 0 0 0 0 0 0 0 0 0 0 0 0 0 0 -5 2 -6 4 -7 5 -7 7 -8 9 -8 13 10 -9 13 -9 14 -9 17 -10 19 -9 21 -9 24 -8 24 -7 26 -7 25 -7 27 -8 26 -8 29 -9 29 -10 30 -10 31 -10 31 -11 32 -13 33 -13 34]
,,,-80,0,0,0,0,0,0,0,0,0,0,-92,0,6,1723325473294,0,0,0,0,1723325473294,124,[-26 5 -26 6 -25 6 -25 6 -26 7 -25 7 -25 7 -25 6 -24 7 -24 8 -23 8 -22 7 -22 8 -22 7 -21 7 -21 7 -20 6 -20 5 -19 5 -18 4 -17 3 -16 3 -15 2 -15 2 -14 1 0 0 0 0 0 0 0 0 0 0 0 0 0 0 0 0 0 0 0 0 0 0 -2 3 -3 3 -4 3 -5 3 -6 3 -7 3 -8 4 -10 4 -11 4 -13 4 -15 3 -16 3 -17 2 -18 2 -18 1 -20 1 -20 1 -20 1 -21 2 -21 2 -22 2 -22 3 -23 3 -24 4 -24 4 -25 5]
,,,-80,0,0,0,0,0,0,0,0,0,0,-92,0,6,1723325473314,0,0,0,0,1723325473314,124,[-7 -24 -7 -25 -8 -25 -8 -26 -8 -25 -8 -25 -8 -25 -8 -24 -8 -24 -9 -24 -9 -23 -9 -22 -10 -22 -9 -21 -9 -22 -9 -20 -8 -20 -7 -20 -6 -19 -6 -18 -5 -16 -5 -16 -4 -15 -3 -14 -2 -14 0 0 0 0 0 0 0 0 0 0 0 0 0 0 0 0 0 0 0 0 0 0 -4 -2 -4 -3 -4 -4 -4 -5 -4 -6 -4 -8 -4 -9 -4 -11 -4 -12 -4 -13 -4 -15 -3 -16 -3 -17 -2 -17 -2 -18 -2 -19 -2 -20 -2 -20 -3 -21 -3 -21 -3 -22 -3 -22 -4 -23 -5 -24 -5 -24 -5 -26]
,,,-80,0,0,0,0,0,0,0,0,0,0,-92,0,6,1723325473336,0,0,0,0,1723325473336,124,[-16 20 -17 20 -16 20 -16 20 -16 20 -16 21 -16 20 -15 20 -15 20 -14 20 -13 19 -13 19 -13 19 -12 19 -12 19 -13 17 -12 17 -12 16 -12 15 -12 14 -11 13 -11 11 -11 11 -10 13 10 -10 9 0 0 0 0 0 0 0 0 0 0 0 0 0 0 0 0 0 0 0 0 0 0 0 3 0 3 -1 4 -2 5 -3 6 -3 7 -4 8 -6 8 -7 9 -8 13 10 -9 11 -11 12 -12 12 -13 12 -14 11 -14 12 -15 12 -15 12 -15 13 -16 14 -16 14 -16 16 -17 15 -17 16 -17 18]
,,,-80,0,0,0,0,0,0,0,0,0,0,-92,0,6,1723325473354,0,0,0,0,1723325473354,124,[-21 15 -21 15 -21 15 -21 15 -21 16 -20 16 -20 16 -19 16 -19 16 -19 16 -18 16 -17 15 -17 15 -16 15 -16 15 -17 14 -16 14 -15 12 -15 12 -15 11 -14 13 10 -14 9 -13 8 -13 7 -12 6 0 0 0 0 0 0 0 0 0 0 0 0 0 0 0 0 0 0 0 0 0 0 -1 3 -2 3 -3 4 -4 4 -4 5 -5 5 -6 6 -8 7 -9 7 -11 7 -13 7 -14 8 -15 8 -16 7 -16 7 -17 8 -17 8 -18 8 -18 8 -19 9 -20 13 10 -20 13 10 -20 11 -21 12 -21]
,,,-80,0,0,0,0,0,0,0,0,0,0,-92,0,6,1723325473376,0,0,0,0,1723325473376,124,[-24 -8 -25 -8 -25 -8 -25 -8 -25 -8 -25 -8 -25 -8 -24 -7 -24 -7 -24 -6 -24 -5 -23 -5 -23 -5 -22 -5 -23 -5 -21 -6 -21 -6 -20 -7 -19 -7 -18 -7 -16 -7 -15 -7 -15 -6 -14 -6 -12 -7 0 0 0 0 0 0 0 0 0 0 0 0 0 0 0 0 0 0 0 0 0 0 -3 1 -4 1 -6 1 -6 0 -7 0 -8 -1 -9 -1 -11 -3 -12 -3 -13 -4 -14 -5 -15 -6 -16 -7 -16 -7 -16 -8 -17 -9 -17 -9 -17 -10 -19 -9 -19 -9 -20 -10 -20 -9 -21 -10 -22 -9 -22 -9 -24 -10]
,,,-80,0,0,0,0,0,0,0,0,0,0,-92,0,6,1723325473394,0,0,0,0,1723325473394,124,[16 18 16 19 16 18 17 19 17 19 17 18 17 18 16 18 16 17 16 17 16 16 16 16 16 16 15 15 16 15 14 15 14 15 13 14 12 14 11 14 13 10 13 9 12 8 13 7 12 6 11 0 0 0 0 0 0 0 0 0 0 0 0 0 0 0 0 0 0 0 0 0 0 3 -1 4 0 4 0 5 1 5 2 6 4 7 5 8 6 8 7 9 8 9 11 13 10 11 9 12 9 13 9 15 9 15 13 10 16 13 10 16 11 16 12 17 11 17 12 17 12 18 14 18]
,,,-80,0,0,0,0,0,0,0,0,0,0,-92,0,6,1723325473414,0,0,0,0,1723325473414,124,[-13 -25 -14 -26 -13 -26 -14 -26 -14 -25 -15 -25 -14 -25 -15 -25 -14 -24 -14 -23 -14 -23 -14 -23 -15 -23 -14 -22 -14 -22 -12 -21 -13 -21 -12 -21 -10 -20 -10 -19 -8 -18 -8 -17 -7 -16 -6 -16 -4 -16 0 0 0 0 0 0 0 0 0 0 0 0 0 0 0 0 0 0 0 0 0 0 -4 -1 -5 -3 -5 -3 -5 -5 -6 -5 -7 -7 -7 -9 -7 -10 -8 -12 -8 -12 -8 -15 -7 -17 -7 -18 -7 -19 -7 -20 -7 -20 -7 -21 -7 -21 -8 -22 -9 -22 -9 -22 -9 -24 -9 -24 -11 -24 -11 -25 -12 -26]
,,,-80,0,0,0,0,0,0,0,0,0,0,-92,0,6,1723325473434,0,0,0,0,1723325473434,124,[15 -20 16 -20 15 -20 15 -21 15 -21 15 -21 14 -21 14 -21 14 -21 13 -20 13 -20 13 -19 12 -20 11 -20 12 -19 12 -18 11 -18 11 -17 12 -15 11 -15 11 -14 13 10 -12 13 10 -11 13 10 -10 13 10 -9 0 0 0 0 0 0 0 0 0 0 0 0 0 0 0 0 0 0 0 0 0 0 -1 -4 -1 -5 0 -5 1 -6 2 -7 2 -8 3 -9 4 -9 6 -11 7 -11 8 -12 13 10 -12 11 -12 12 -12 13 -13 14 -13 14 -13 14 -13 14 -14 14 -15 15 -15 15 -16 15 -16 16]
,,,-80,0,0,0,0,0,0,0,0,0,0,-92,0,6,1723325473454,0,0,0,0,1723325473454,124,[7 -25 6 -24 7 -26 6 -25 6 -26 6 -25 6 -25 4 -25 5 -26 5 -25 4 -24 4 -23 3 -23 3 -24 3 -22 3 -23 4 -21 3 -21 4 -19 4 -19 4 -17 4 -16 5 -15 5 -14 5 -13 0 0 0 0 0 0 0 0 0 0 0 0 0 0 0 0 0 0 0 0 0 0 -3 -3 -2 -4 -1 -5 -1 -6 0 -7 0 -8 1 -10 2 -11 2 -11 4 -13 5 -14 6 -15 7 -15 8 -16 8 -16 8 -17 8 -17 9 -18 8 -18 8 -19 9 -20 8 -20 9 -21 9 -22 9 -23 9 -23]
,,,-80,0,0,0,0,0,0,0,0,0,0,-92,0,6,1723325473477,0,0,0,0,1723325473477,124,[-6 24 -6 24 -5 25 -5 25 -5 25 -5 24 -4 24 -4 24 -4 24 -3 23 -3 23 -3 23 -3 23 -2 22 -3 22 -3 21 -3 20 -4 20 -4 18 -4 18 -5 16 -5 15 -5 14 -5 13 -6 12 0 0 0 0 0 0 0 0 0 0 0 0 0 0 0 0 0 0 0 0 0 0 2 2 2 3 1 4 0 5 0 6 0 7 0 9 -1 13 10 -2 11 -3 12 -4 14 -4 15 -6 15 -6 16 -6 16 -7 17 -8 17 -7 18 -8 18 -7 19 -8 20 -7 21 -7 21 -7 22 -7 23 -6]
,,,-80,0,0,0,0,0,0,0,0,0,0,-92,0,6,1723325473495,0,0,0,0,1723325473495,124,[-25 -6 -26 -6 -26 -7 -26 -6 -25 -6 -26 -6 -25 -5 -25 -5 -25 -6 -24 -5 -24 -4 -24 -3 -24 -3 -23 -3 -23 -3 -22 -3 -21 -4 -20 -4 -19 -5 -18 -5 -17 -5 -16 -5 -15 -5 -14 -5 -13 -6 0 0 0 0 0 0 0 0 0 0 0 0 0 0 0 0 0 0 0 0 0 0 -3 1 -4 1 -5 1 -6 1 -7 0 -8 -1 -10 -1 -11 -2 -12 -3 -13 -4 -15 -5 -15 -6 -16 -6 -16 -7 -17 -8 -18 -9 -18 -8 -18 -9 -19 -8 -20 -9 -20 -9 -21 -8 -22 -9 -23 -8 -23 -8 -24 -8]
,,,-80,0,0,0,0,0,0,0,0,0,0,-92,0,6,1723325473517,0,0,0,0,1723325473517,124,[-24 9 -25 9 -24 9 -25 9 -24 13 10 -24 13 10 -24 9 -23 9 -23 13 10 -22 13 10 -21 13 10 -21 13 10 -21 13 10 -20 13 10 -21 13 10 -20 9 -19 9 -19 8 -18 7 -18 6 -17 5 -16 4 -15 4 -14 3 -14 2 0 0 0 0 0 0 0 0 0 0 0 0 0 0 0 0 0 0 0 0 0 0 -1 3 -3 3 -4 3 -5 3 -6 4 -6 4 -8 5 -9 4 -10 5 -13 5 -14 5 -15 4 -17 4 -17 4 -18 3 -19 3 -19 3 -19 3 -20 4 -21 4 -21 5 -22]
,,,-80,0,0,0,0,0,0,0,0,0,0,-92,0,6,1723325473534,0,0,0,0,1723325473534,124,[-1 25 -1 26 0 25 0 25 1 25 1 25 1 25 1 24 1 24 2 24 2 23 2 22 2 22 3 22 2 22 2 21 1 21 1 19 1 19 1 18 0 16 0 16 -1 15 -2 14 -2 13 0 0 0 0 0 0 0 0 0 0 0 0 0 0 0 0 0 0 0 0 0 0 2 2 2 3 2 4 1 5 1 6 1 7 1 8 1 13 10 0 11 -1 13 -1 14 -2 15 -3 16 -4 17 -4 17 -4 18 -4 18 -5 19 -4 19 -4 20 -3 21 -3 21 -3 22 -3 23 -3 24 -2]
,,,-80,0,0,0,0,0,0,0,0,0,0,-92,0,6,1723325473554,0,0,0,0,1723325473554,124,[16 -19 17 -19 17 -19 17 -20 17 -20 17 -20 16 -19 16 -19 15 -19 15 -19 14 -19 13 -19 13 -18 13 -18 13 -18 13 -17 13 -17 13 -16 13 -14 12 -14 12 -12 11 -11 11 -10 11 -9 11 -8 0 0 0 0 0 0 0 0 0 0 0 0 0 0 0 0 0 0 0 0 0 0 -1 -4 -1 -5 0 -5 1 -6 2 -7 3 -8 3 -8 5 -9 6 -10 8 -11 9 -11 13 10 -12 12 -12 12 -12 13 -12 14 -12 14 -12 14 -13 15 -13 16 -14 16 -14 16 -15 16 -15 17 -16 17 -17 17]
,,,-80,0,0,0,0,0,0,0,0,0,0,-92,0,6,1723325473575,0,0,0,0,1723325473575,124,[-25 -4 -27 -4 -25 -4 -26 -4 -26 -3 -26 -3 -26 -3 -25 -3 -25 -3 -25 -2 -24 -2 -24 -2 -24 -1 -23 -1 -23 -1 -22 -2 -21 -2 -20 -3 -19 -3 -19 -3 -17 -4 -16 -4 -15 -4 -14 -4 -14 -5 0 0 0 0 0 0 0 0 0 0 0 0 0 0 0 0 0 0 0 0 0 0 -3 1 -4 2 -5 1 -6 1 -7 1 -8 0 -9 0 -10 0 -12 -1 -14 -2 -15 -3 -16 -4 -17 -4 -17 -5 -18 -6 -18 -7 -19 -7 -18 -6 -20 -7 -20 -6 -22 -6 -22 -6 -22 -6 -23 -5 -24 -5 -24 -6]
,,,-80,0,0,0,0,0,0,0,0,0,0,-92,0,6,1723325473602,0,0,0,0,1723325473602,124,[-8 24 -8 24 -8 24 -8 24 -7 24 -7 24 -7 24 -6 24 -6 24 -5 23 -5 22 -4 22 -4 22 -4 22 -4 22 -5 21 -4 20 -5 19 -5 18 -6 17 -5 15 -5 15 -5 14 -6 13 -6 12 0 0 0 0 0 0 0 0 0 0 0 0 0 0 0 0 0 0 0 0 0 0 2 2 1 3 1 4 0 5 0 6 -1 7 -2 9 -2 9 -3 11 -4 12 -4 14 -6 14 -7 15 -8 15 -9 15 -9 16 -9 17 -9 17 -9 18 -10 18 -10 18 -9 20 -10 20 -9 21 -9 22 -9 23]
,,,-80,0,0,0,0,0,0,0,0,0,0,-92,0,6,1723325473614,0,0,0,0,1723325473614,124,[-27 -7 -29 -8 -27 -7 -29 -7 -29 -7 -29 -7 -28 -6 -28 -6 -27 -5 -27 -5 -27 -4 -26 -4 -27 -4 -25 -4 -25 -5 -24 -4 -23 -5 -22 -5 -21 -6 -20 -6 -19 -7 -17 -5 -17 -5 -16 -6 -15 -6 0 0 0 0 0 0 0 0 0 0 0 0 0 0 0 0 0 0 0 0 0 0 -3 2 -4 1 -6 1 -7 1 -8 1 -9 0 -10 0 -12 -1 -13 -3 -15 -3 -16 -4 -17 -5 -19 -6 -19 -6 -19 -8 -20 -9 -20 -9 -20 -9 -22 -9 -22 -9 -23 -9 -23 -9 -24 -9 -26 -8 -27 -8 -27 -8]
,,,-80,0,0,0,0,0,0,0,0,0,0,-92,0,6,1723325473635,0,0,0,0,1723325473635,124,[22 11 22 11 22 11 22 13 10 23 11 23 13 10 23 13 10 22 13 10 22 9 22 8 22 8 21 7 21 7 21 7 20 7 20 7 18 8 18 7 17 7 15 8 14 7 14 7 12 7 11 7 13 10 7 0 0 0 0 0 0 0 0 0 0 0 0 0 0 0 0 0 0 0 0 0 0 2 -1 3 -1 5 -1 5 -1 6 0 7 1 8 2 9 3 13 10 4 12 5 12 6 13 7 13 8 14 9 14 13 10 14 11 14 11 15 11 16 11 17 11 17 12 18 12 19]
,,,-80,0,0,0,0,0,0,0,0,0,0,-92,0,6,1723325473654,0,0,0,0,1723325473654,124,[24 14 23 14 25 14 25 13 25 13 25 13 25 13 24 12 25 12 24 12 24 11 22 13 10 23 13 10 23 9 22 9 21 9 20 13 10 19 9 18 13 10 17 9 16 8 15 9 13 9 12 9 11 9 0 0 0 0 0 0 0 0 0 0 0 0 0 0 0 0 0 0 0 0 0 0 3 -2 4 -1 5 -1 5 0 7 0 8 2 9 3 13 10 4 12 5 13 6 13 9 14 13 10 15 11 15 12 15 12 15 13 15 13 16 14 17 13 18 14 18 14 20 14 20 15]
,,,-80,0,0,0,0,0,0,0,0,0,0,-92,0,6,1723325473674,0,0,0,0,1723325473674,124,[6 -25 6 -25 6 -25 5 -25 6 -25 5 -25 5 -25 5 -24 5 -25 4 -24 4 -23 3 -23 3 -22 3 -23 2 -22 3 -21 3 -20 3 -20 4 -18 4 -18 4 -16 4 -15 4 -14 4 -14 5 -13 0 0 0 0 0 0 0 0 0 0 0 0 0 0 0 0 0 0 0 0 0 0 -3 -3 -2 -4 -2 -5 -1 -6 -1 -7 -1 -8 0 -9 0 -11 2 -12 3 -13 3 -15 4 -15 6 -16 6 -16 7 -16 7 -17 7 -17 8 -18 8 -18 8 -19 8 -20 8 -20 8 -22 7 -22 7 -23 7 -24]
,,,-80,0,0,0,0,0,0,0,0,0,0,-92,0,6,1723325473694,0,0,0,0,1723325473694,124,[-5 -25 -5 -26 -5 -25 -6 -25 -6 -25 -6 -25 -6 -25 -7 -24 -7 -24 -6 -24 -7 -23 -7 -22 -7 -22 -7 -21 -7 -22 -6 -20 -6 -20 -6 -19 -4 -19 -5 -18 -4 -16 -3 -15 -3 -15 -2 -14 -1 -14 0 0 0 0 0 0 0 0 0 0 0 0 0 0 0 0 0 0 0 0 0 0 -3 -2 -4 -3 -4 -4 -4 -5 -3 -6 -4 -8 -4 -9 -4 -10 -4 -12 -4 -13 -2 -15 -2 -16 -1 -17 -1 -18 0 -18 0 -19 0 -20 0 -20 0 -20 -1 -21 -1 -21 -2 -22 -2 -23 -2 -24 -3 -24 -3 -25]
,,,-80,0,0,0,0,0,0,0,0,0,0,-92,0,6,1723325473717,0,0,0,0,1723325473717,124,[25 -7 27 -7 26 -7 27 -8 26 -8 26 -8 27 -8 25 -8 25 -8 25 -9 24 -9 23 -9 23 -9 22 -9 23 -9 21 -7 21 -7 20 -7 19 -5 18 -5 17 -4 16 -3 16 -3 14 -3 14 -1 0 0 0 0 0 0 0 0 0 0 0 0 0 0 0 0 0 0 0 0 0 0 0 -4 2 -4 3 -5 4 -5 5 -5 7 -5 8 -5 9 -6 11 -5 13 -5 15 -5 16 -4 18 -4 18 -3 19 -3 20 -3 20 -3 20 -3 22 -3 23 -3 23 -3 23 -4 23 -4 25 -5 25 -5 26 -5]
,,,-80,0,0,0,0,0,0,0,0,0,0,-92,0,6,1723325473736,0,0,0,0,1723325473736,124,[12 24 13 25 12 25 13 25 12 24 14 24 13 24 13 23 13 23 13 22 13 21 13 20 13 21 13 20 13 20 12 19 11 19 13 10 18 13 10 17 8 17 8 15 6 15 7 14 5 14 4 13 0 0 0 0 0 0 0 0 0 0 0 0 0 0 0 0 0 0 0 0 0 0 3 0 4 1 4 2 5 3 5 4 6 6 6 7 6 9 7 11 7 12 7 14 7 15 7 17 6 18 5 19 5 19 5 20 6 20 6 21 7 21 7 21 9 23 8 23 9 23 13 10]
,,,-80,0,0,0,0,0,0,0,0,0,0,-92,0,6,1723325473754,0,0,0,0,1723325473754,124,[-19 -32 -19 -32 -20 -33 -20 -31 -20 -32 -20 -31 -19 -31 -20 -30 -20 -30 -21 -29 -21 -28 -20 -26 -20 -26 -20 -26 -20 -25 -19 -25 -17 -24 -16 -25 -14 -23 -14 -23 -12 -21 -12 -21 -12 -19 -9 -18 -8 -18 0 0 0 0 0 0 0 0 0 0 0 0 0 0 0 0 0 0 0 0 0 0 -5 -1 -6 -2 -7 -3 -7 -4 -9 -6 -9 -8 -10 -10 -10 -13 -11 -15 -11 -17 -11 -20 -11 -22 -11 -23 -11 -23 -10 -25 -11 -27 -10 -27 -10 -28 -11 -28 -12 -28 -12 -30 -13 -30 -13 -31 -15 -31 -16 -31 -16 -33]
,,,-80,0,0,0,0,0,0,0,0,0,0,-92,0,6,1723325473776,0,0,0,0,1723325473776,124,[1 -28 1 -28 1 -28 1 -28 0 -28 0 -28 0 -28 0 -27 -1 -27 -1 -27 -1 -26 -1 -25 -2 -25 -2 -25 -2 -24 -2 -23 -1 -22 -1 -22 0 -21 0 -20 1 -18 1 -17 1 -16 1 -15 2 -14 0 0 0 0 0 0 0 0 0 0 0 0 0 0 0 0 0 0 0 0 0 0 -4 -3 -3 -3 -3 -5 -3 -6 -3 -7 -3 -9 -3 -10 -2 -12 -1 -13 -1 -15 0 -17 1 -18 2 -18 3 -19 4 -19 4 -20 4 -21 4 -21 4 -22 4 -23 4 -23 4 -24 4 -25 3 -26 3 -26 3 -28]
,,,-80,0,0,0,0,0,0,0,0,0,0,-92,0,6,1723325473794,0,0,0,0,1723325473794,124,[-2 -27 -3 -28 -3 -28 -3 -28 -3 -28 -4 -28 -4 -28 -4 -27 -4 -26 -5 -27 -5 -25 -6 -25 -6 -24 -6 -24 -6 -24 -5 -23 -5 -23 -4 -22 -3 -21 -3 -19 -2 -18 -2 -17 -2 -17 -1 -15 0 -15 0 0 0 0 0 0 0 0 0 0 0 0 0 0 0 0 0 0 0 0 0 0 -4 -2 -4 -3 -4 -4 -4 -6 -4 -7 -4 -9 -4 -10 -3 -12 -3 -13 -2 -14 -2 -17 -1 -18 0 -19 1 -19 2 -20 2 -21 2 -22 2 -22 2 -23 1 -23 1 -24 1 -24 1 -25 1 -26 0 -27 -1 -28]
,,,-80,0,0,0,0,0,0,0,0,0,0,-92,0,6,1723325473814,0,0,0,0,1723325473814,124,[-8 -27 -7 -27 -8 -28 -8 -27 -8 -27 -9 -27 -8 -27 -8 -27 -9 -26 -9 -26 -10 -24 -9 -23 -10 -23 -9 -24 -9 -23 -8 -22 -7 -22 -6 -21 -6 -20 -5 -20 -4 -18 -4 -17 -3 -16 -3 -15 -2 -15 0 0 0 0 0 0 0 0 0 0 0 0 0 0 0 0 0 0 0 0 0 0 -4 -1 -4 -2 -5 -3 -5 -4 -5 -6 -5 -7 -6 -9 -6 -10 -6 -12 -6 -14 -6 -16 -5 -18 -4 -18 -4 -19 -3 -20 -3 -21 -3 -21 -3 -22 -4 -22 -4 -23 -4 -23 -4 -24 -4 -25 -5 -26 -5 -26 -6 -28]
,,,-80,0,0,0,0,0,0,0,0,0,0,-92,0,6,1723325473834,0,0,0,0,1723325473834,124,[-20 14 -21 15 -20 15 -20 15 -20 15 -19 15 -20 15 -19 15 -18 15 -17 15 -18 15 -17 15 -17 15 -16 15 -16 15 -16 14 -15 13 -15 12 -14 11 -14 13 10 -13 9 -13 8 -12 8 -12 7 -12 6 0 0 0 0 0 0 0 0 0 0 0 0 0 0 0 0 0 0 0 0 0 0 0 2 -1 4 -2 4 -3 5 -3 5 -4 6 -6 7 -7 7 -8 8 -10 8 -12 8 -13 9 -15 8 -16 8 -16 8 -17 8 -17 9 -17 9 -18 9 -18 13 10 -19 13 10 -19 13 10 -20 11 -20 12]
,,,-80,0,0,0,0,0,0,0,0,0,0,-92,0,6,1723325473854,0,0,0,0,1723325473854,124,[23 2 24 2 24 2 24 2 25 2 24 2 24 2 23 1 23 1 23 -1 22 -1 22 -1 22 0 21 -1 21 -1 20 0 19 0 18 1 17 1 17 2 15 2 15 2 14 2 13 2 12 2 0 0 0 0 0 0 0 0 0 0 0 0 0 0 0 0 0 0 0 0 0 0 1 -3 2 -3 3 -3 4 -3 5 -3 7 -2 8 -2 13 10 -1 11 -1 12 -1 14 1 15 1 16 2 16 3 17 4 17 5 18 5 18 5 19 5 19 5 20 5 21 4 21 4 22 3 23 3 24]
,,,-80,0,0,0,0,0,0,0,0,0,0,-92,0,6,1723325473877,0,0,0,0,1723325473877,124,[-14 20 -15 21 -13 20 -14 21 -13 21 -13 21 -13 20 -12 21 -11 20 -11 20 -10 20 -10 20 -10 20 -9 19 -9 20 -9 18 -9 18 -9 17 -9 16 -9 15 -8 13 -8 12 -8 12 -8 11 -8 13 10 0 0 0 0 0 0 0 0 0 0 0 0 0 0 0 0 0 0 0 0 0 0 1 2 1 3 0 4 -1 5 -2 6 -2 7 -4 8 -5 9 -6 13 10 -7 11 -8 11 -10 12 -11 12 -12 12 -13 13 -13 13 -14 13 -13 13 -14 15 -14 15 -15 15 -15 16 -15 16 -15 18 -15 19]
,,,-80,0,0,0,0,0,0,0,0,0,0,-92,0,6,1723325473896,0,0,0,0,1723325473896,124,[1 24 2 24 2 24 2 24 2 24 2 24 3 24 3 23 3 23 4 22 4 21 4 21 4 21 4 21 4 21 3 20 3 19 3 19 2 17 1 17 1 15 1 14 0 14 0 13 0 12 0 0 0 0 0 0 0 0 0 0 0 0 0 0 0 0 0 0 0 0 0 0 3 1 3 2 2 3 3 4 3 5 3 6 3 8 3 9 2 11 2 12 1 14 0 15 0 16 -1 17 -2 17 -2 18 -2 19 -2 18 -2 20 -2 20 -2 21 -1 21 -1 22 0 23 0 23 1 24]
,,,-80,0,0,0,0,0,0,0,0,0,0,-92,0,6,1723325473915,0,0,0,0,1723325473915,124,[13 20 13 21 14 20 14 20 14 19 14 19 14 19 14 19 14 19 14 18 14 17 14 17 14 16 14 16 13 16 13 16 12 15 11 15 13 10 14 9 14 8 13 8 12 7 12 6 11 5 11 0 0 0 0 0 0 0 0 0 0 0 0 0 0 0 0 0 0 0 0 0 0 2 -1 3 0 4 0 5 1 5 2 6 4 6 5 7 6 7 8 8 9 8 11 8 13 8 14 8 15 7 15 7 16 7 17 8 17 8 17 8 18 9 18 13 10 19 13 10 20 11 20 11]
,,,-80,0,0,0,0,0,0,0,0,0,0,-92,0,6,1723325473937,0,0,0,0,1723325473937,124,[-15 20 -16 20 -14 20 -14 20 -14 20 -15 20 -14 19 -13 20 -12 20 -12 20 -11 19 -11 19 -11 19 -11 19 -11 18 -11 17 -10 17 -11 16 -10 15 -10 14 -10 12 -9 12 -9 11 -9 13 10 -9 9 0 0 0 0 0 0 0 0 0 0 0 0 0 0 0 0 0 0 0 0 0 0 2 2 1 3 0 4 -1 5 -2 6 -2 7 -3 8 -4 9 -5 13 10 -7 11 -8 12 -9 12 -11 13 -12 13 -13 13 -13 13 -14 13 -14 13 -14 14 -15 14 -15 15 -15 16 -15 16 -15 18 -15 18]
,,,-80,0,0,0,0,0,0,0,0,0,0,-92,0,6,1723325473955,0,0,0,0,1723325473955,124,[-4 -27 -3 -28 -3 -27 -4 -28 -4 -28 -4 -28 -4 -27 -5 -26 -5 -27 -5 -27 -6 -25 -6 -24 -6 -24 -6 -24 -6 -24 -5 -23 -5 -22 -4 -22 -3 -20 -3 -19 -3 -18 -2 -17 -2 -16 -1 -15 0 -15 0 0 0 0 0 0 0 0 0 0 0 0 0 0 0 0 0 0 0 0 0 0 -4 -2 -4 -3 -4 -4 -5 -4 -4 -6 -4 -8 -5 -10 -4 -11 -4 -13 -3 -14 -3 -17 -1 -18 -1 -19 0 -19 0 -20 1 -21 1 -21 1 -21 1 -23 0 -23 0 -24 -1 -24 0 -25 -1 -25 -1 -26 -1 -28]
,,,-80,0,0,0,0,0,0,0,0,0,0,-92,0,6,1723325473974,0,0,0,0,1723325473974,124,[21 15 21 16 22 16 22 16 22 15 22 15 22 15 21 14 21 14 21 14 21 13 20 12 21 12 20 11 20 11 19 12 18 11 17 11 16 11 15 13 10 14 13 10 13 9 12 9 11 9 13 10 9 0 0 0 0 0 0 0 0 0 0 0 0 0 0 0 0 0 0 0 0 0 0 2 -2 3 -1 5 -1 5 0 6 0 8 2 9 3 13 10 4 11 6 12 7 13 9 13 11 13 11 13 13 13 13 13 15 13 15 14 15 15 15 15 16 16 16 17 16 17 17 19 16]
,,,-80,0,0,0,0,0,0,0,0,0,0,-92,0,6,1723325473994,0,0,0,0,1723325473994,124,[22 7 23 7 23 7 24 6 23 7 23 7 23 7 22 6 22 6 22 4 21 4 21 3 22 4 20 3 21 3 20 3 19 4 18 4 17 4 16 5 15 4 14 4 13 4 13 4 11 4 0 0 0 0 0 0 0 0 0 0 0 0 0 0 0 0 0 0 0 0 0 0 1 -3 3 -2 4 -2 5 -2 6 -2 7 -1 8 0 9 1 11 2 12 2 13 4 14 5 15 5 15 6 16 7 15 8 17 9 16 8 18 9 18 9 18 9 19 9 19 9 21 8 22 8 23 9]
,,,-80,0,0,0,0,0,0,0,0,0,0,-92,0,6,1723325474019,0,0,0,0,1723325474019,124,[7 -27 7 -28 6 -26 6 -27 6 -27 6 -27 5 -27 4 -26 4 -26 4 -27 3 -25 3 -24 3 -25 3 -24 3 -24 3 -22 3 -22 4 -22 4 -20 4 -19 3 -17 4 -16 4 -16 4 -14 4 -14 0 0 0 0 0 0 0 0 0 0 0 0 0 0 0 0 0 0 0 0 0 0 -4 -3 -3 -4 -3 -5 -3 -6 -2 -7 -2 -9 -1 -10 0 -12 1 -13 2 -14 3 -16 5 -17 6 -18 7 -17 8 -18 8 -19 8 -20 8 -19 9 -21 9 -21 9 -22 8 -23 8 -23 8 -24 8 -25 8 -26]
,,,-80,0,0,0,0,0,0,0,0,0,0,-92,0,6,1723325474036,0,0,0,0,1723325474036,124,[-20 -14 -22 -14 -21 -13 -22 -14 -21 -13 -22 -13 -21 -13 -21 -12 -21 -12 -21 -11 -21 -10 -21 -10 -21 -10 -19 -10 -20 -10 -18 -9 -18 -9 -17 -9 -16 -9 -15 -9 -14 -9 -13 -8 -13 -8 -11 -8 -11 -8 0 0 0 0 0 0 0 0 0 0 0 0 0 0 0 0 0 0 0 0 0 0 -3 1 -4 0 -5 0 -6 0 -7 -1 -8 -2 -9 -3 -10 -4 -11 -5 -12 -6 -13 -8 -13 -9 -14 -10 -13 -11 -14 -12 -13 -13 -14 -14 -14 -13 -16 -14 -15 -14 -17 -14 -17 -14 -17 -14 -19 -14 -19 -14 -20 -15]
,,,-80,0,0,0,0,0,0,0,0,0,0,-92,0,6,1723325474055,0,0,0,0,1723325474055,124,[-21 12 -22 13 -21 13 -21 13 -21 14 -21 14 -20 13 -19 13 -19 13 -19 13 -19 13 -18 13 -17 13 -17 13 -17 13 -17 12 -16 11 -16 11 -15 13 10 -14 9 -13 8 -14 7 -13 7 -12 6 -12 5 0 0 0 0 0 0 0 0 0 0 0 0 0 0 0 0 0 0 0 0 0 0 0 2 -1 3 -2 3 -3 4 -4 5 -5 6 -6 6 -7 6 -9 7 -11 7 -12 7 -14 7 -15 7 -16 7 -16 6 -17 6 -18 6 -18 7 -19 7 -19 8 -19 8 -20 9 -20 9 -21 13 10 -21 13]
,,,-80,0,0,0,0,0,0,0,0,0,0,-92,0,6,1723325474078,0,0,0,0,1723325474078,124,[-33 -13 -34 -14 -33 -13 -35 -13 -34 -12 -35 -12 -34 -12 -33 -10 -33 -10 -33 -10 -32 -9 -32 -7 -32 -7 -31 -7 -30 -7 -29 -7 -29 -7 -27 -7 -26 -8 -24 -8 -22 -8 -21 -7 -20 -7 -19 -7 -18 -8 0 0 0 0 0 0 0 0 0 0 0 0 0 0 0 0 0 0 0 0 0 0 -4 3 -5 1 -7 1 -9 1 -10 0 -11 -1 -13 -2 -14 -4 -16 -5 -18 -6 -20 -9 -21 -11 -22 -12 -22 -13 -22 -14 -22 -16 -23 -15 -24 -15 -26 -16 -25 -16 -27 -16 -28 -15 -27 -16 -30 -15 -31 -15 -32 -16]
,,,-80,0,0,0,0,0,0,0,0,0,0,-92,0,6,1723325474094,0,0,0,0,1723325474094,124,[-13 21 -13 21 -13 21 -12 21 -12 21 -13 21 -11 21 -11 21 -10 21 -10 20 -10 20 -9 20 -9 20 -9 19 -9 19 -8 18 -8 17 -9 17 -9 16 -8 15 -8 13 -8 12 -8 12 -8 11 -8 13 10 0 0 0 0 0 0 0 0 0 0 0 0 0 0 0 0 0 0 0 0 0 0 1 2 1 3 0 4 0 5 -1 6 -1 7 -2 8 -3 9 -4 13 10 -6 11 -7 12 -8 12 -10 13 -10 13 -11 13 -12 14 -12 14 -12 14 -13 15 -13 16 -13 16 -13 17 -13 17 -13 18 -14 19]
,,,-80,0,0,0,0,0,0,0,0,0,0,-92,0,6,1723325474114,0,0,0,0,1723325474114,124,[35 -1 36 -1 35 -2 37 -3 36 -3 36 -3 35 -3 34 -3 34 -4 33 -5 33 -5 31 -5 32 -5 30 -6 31 -5 30 -4 29 -4 28 -3 26 -2 25 -2 23 -1 22 -1 21 -1 19 0 18 1 0 0 0 0 0 0 0 0 0 0 0 0 0 0 0 0 0 0 0 0 0 0 1 -5 3 -5 4 -5 6 -5 8 -6 13 10 -6 12 -5 14 -4 16 -4 18 -4 21 -2 22 -1 24 0 25 1 26 2 26 2 27 3 27 4 29 2 30 2 31 2 31 1 31 1 34 1 34 0 36]
,,,-80,0,0,0,0,0,0,0,0,0,0,-92,0,6,1723325474134,0,0,0,0,1723325474134,124,[23 4 24 5 23 4 24 4 24 4 24 4 24 3 23 3 23 3 22 2 22 1 21 1 22 1 21 1 21 1 19 1 20 1 18 2 17 2 16 2 15 2 14 3 14 3 13 3 12 3 0 0 0 0 0 0 0 0 0 0 0 0 0 0 0 0 0 0 0 0 0 0 1 -3 2 -3 3 -3 5 -3 6 -2 7 -2 8 -1 13 10 0 11 1 12 1 13 2 14 4 15 4 16 5 16 6 16 6 17 7 17 7 18 6 18 7 19 7 20 6 20 6 22 6 22 6 23]
,,,-80,0,0,0,0,0,0,0,0,0,0,-92,0,6,1723325474157,0,0,0,0,1723325474157,124,[-26 -25 -27 -25 -26 -25 -27 -25 -27 -24 -27 -24 -27 -24 -26 -23 -27 -23 -27 -21 -27 -20 -26 -19 -27 -19 -25 -19 -25 -19 -24 -18 -23 -18 -22 -18 -19 -17 -19 -17 -17 -16 -16 -16 -16 -15 -14 -14 -12 -14 0 0 0 0 0 0 0 0 0 0 0 0 0 0 0 0 0 0 0 0 0 0 -4 1 -6 0 -7 -1 -9 -2 -9 -3 -10 -5 -12 -6 -13 -9 -13 -11 -16 -12 -16 -15 -17 -17 -17 -18 -17 -19 -16 -21 -16 -22 -16 -23 -16 -23 -19 -24 -19 -24 -20 -24 -20 -25 -21 -26 -23 -25 -23 -26 -24 -27]
,,,-80,0,0,0,0,0,0,0,0,0,0,-92,0,6,1723325474174,0,0,0,0,1723325474174,124,[12 -22 12 -22 12 -22 11 -22 12 -22 11 -22 12 -22 11 -22 13 10 -22 9 -22 8 -21 8 -21 8 -21 8 -21 8 -20 8 -19 8 -18 8 -17 9 -16 8 -16 8 -14 7 -14 7 -13 7 -12 7 -11 0 0 0 0 0 0 0 0 0 0 0 0 0 0 0 0 0 0 0 0 0 0 -3 -3 -2 -4 -1 -5 -1 -6 0 -7 0 -8 1 -9 2 -10 3 -11 4 -12 5 -14 7 -14 8 -14 9 -14 13 10 -15 13 10 -15 13 10 -15 11 -16 11 -16 12 -16 12 -17 12 -18 12 -19 12 -20]
,,,-80,0,0,0,0,0,0,0,0,0,0,-92,0,6,1723325474201,0,0,0,0,1723325474201,124,[-15 23 -16 24 -15 23 -15 24 -14 24 -14 24 -14 23 -13 23 -13 23 -12 23 -12 22 -11 22 -11 23 -10 22 -10 22 -10 20 -11 20 -10 19 -10 18 -10 17 -10 15 -9 14 -9 13 -9 13 -9 11 0 0 0 0 0 0 0 0 0 0 0 0 0 0 0 0 0 0 0 0 0 0 2 2 1 4 0 4 -1 5 -2 6 -2 8 -3 9 -4 13 10 -6 11 -8 12 -9 13 -11 14 -12 14 -13 14 -14 15 -14 15 -15 15 -15 15 -15 16 -15 18 -16 18 -16 19 -16 19 -16 20 -16 21 -15]
,,,-80,0,0,0,0,0,0,0,0,0,0,-92,0,6,1723325474216,0,0,0,0,1723325474216,124,[18 -23 17 -22 18 -22 17 -23 17 -22 16 -23 16 -23 15 -23 15 -23 14 -23 14 -22 12 -21 12 -21 12 -22 12 -20 12 -20 11 -19 11 -19 11 -17 11 -16 11 -15 13 10 -14 13 10 -13 9 -12 13 10 -11 0 0 0 0 0 0 0 0 0 0 0 0 0 0 0 0 0 0 0 0 0 0 -2 -3 -1 -5 0 -6 0 -6 2 -8 2 -8 3 -9 5 -10 6 -11 8 -13 13 10 -13 12 -13 13 -13 14 -13 14 -13 16 -14 15 -14 16 -15 16 -15 17 -16 17 -16 18 -17 18 -18 18 -19]
,,,-80,0,0,0,0,0,0,0,0,0,0,-92,0,6,1723325474235,0,0,0,0,1723325474235,124,[21 13 10 22 13 10 22 9 23 9 23 9 22 9 22 9 21 9 21 8 22 7 21 7 20 6 20 6 20 6 19 6 19 6 19 6 18 7 16 6 15 7 14 6 13 6 12 6 11 6 13 10 6 0 0 0 0 0 0 0 0 0 0 0 0 0 0 0 0 0 0 0 0 0 0 2 -3 3 -2 4 -2 5 -2 6 -1 7 0 8 1 9 2 13 10 3 12 3 13 5 13 6 14 7 14 8 15 8 15 13 10 15 13 10 16 13 10 17 13 10 17 13 10 18 11 18]
,,,-80,0,0,0,0,0,0,0,0,0,0,-92,0,6,1723325474254,0,0,0,0,1723325474254,124,[24 4 24 3 24 3 24 2 24 3 24 2 24 2 23 2 23 1 23 1 22 0 22 0 21 0 21 0 20 0 20 0 19 0 18 1 17 1 16 1 15 2 14 2 14 2 13 2 12 2 0 0 0 0 0 0 0 0 0 0 0 0 0 0 0 0 0 0 0 0 0 0 1 -3 2 -3 4 -3 5 -3 6 -3 7 -2 8 -2 13 10 -1 11 0 13 0 14 1 15 2 15 3 16 4 16 4 17 5 17 5 18 6 18 5 19 5 20 5 21 5 21 5 22 4 23 4 23]
,,,-80,0,0,0,0,0,0,0,0,0,0,-92,0,6,1723325474274,0,0,0,0,1723325474274,124,[-11 23 -10 23 -10 23 -9 22 -9 23 -9 23 -8 23 -7 23 -8 23 -8 22 -7 21 -7 21 -5 21 -5 20 -5 20 -5 20 -5 19 -5 18 -5 17 -6 16 -6 15 -6 14 -6 13 -6 12 -6 11 0 0 0 0 0 0 0 0 0 0 0 0 0 0 0 0 0 0 0 0 0 0 2 2 1 3 1 4 0 5 -1 6 -1 7 -1 8 -2 13 10 -3 13 10 -5 12 -6 12 -7 14 -8 14 -9 14 -10 14 -11 15 -10 15 -10 16 -10 17 -11 17 -11 18 -11 19 -11 19 -12 20 -11 21]
,,,-80,0,0,0,0,0,0,0,0,0,0,-92,0,6,1723325474296,0,0,0,0,1723325474296,124,[9 22 9 23 9 22 9 22 13 10 22 13 10 22 13 10 21 13 10 21 13 10 21 11 20 11 19 11 18 11 18 13 10 18 13 10 18 13 10 17 9 17 9 16 8 16 7 15 6 14 6 13 5 13 4 12 4 12 0 0 0 0 0 0 0 0 0 0 0 0 0 0 0 0 0 0 0 0 0 0 2 0 3 1 3 1 4 3 5 4 5 6 5 7 5 8 5 9 5 11 5 13 5 14 5 15 4 16 4 17 3 18 3 18 4 18 4 18 5 20 5 20 6 20]
,,,-80,0,0,0,0,0,0,0,0,0,0,-92,0,6,1723325474314,0,0,0,0,1723325474314,124,[-20 15 -20 15 -19 15 -19 15 -19 16 -20 16 -19 16 -18 15 -18 15 -18 16 -17 15 -16 15 -16 15 -15 16 -15 15 -15 15 -15 14 -14 13 -13 12 -13 11 -12 13 10 -13 9 -12 9 -12 8 -11 6 0 0 0 0 0 0 0 0 0 0 0 0 0 0 0 0 0 0 0 0 0 0 0 2 -1 3 -1 4 -2 4 -3 6 -4 6 -5 7 -7 7 -9 8 -10 9 -11 8 -14 8 -14 8 -15 9 -16 9 -17 8 -17 8 -17 8 -17 9 -18 13 10 -19 11 -19 11 -19 11 -20 12 -20 13]
,,,-80,0,0,0,0,0,0,0,0,0,0,-92,0,6,1723325474335,0,0,0,0,1723325474335,124,[-26 13 10 -27 13 10 -25 11 -26 11 -26 11 -26 11 -26 13 10 -25 11 -24 11 -24 11 -24 11 -23 12 -23 12 -21 11 -22 12 -21 13 10 -20 13 10 -20 9 -19 8 -18 7 -18 6 -16 6 -16 5 -15 4 -15 3 0 0 0 0 0 0 0 0 0 0 0 0 0 0 0 0 0 0 0 0 0 0 0 3 -1 4 -3 4 -4 5 -5 5 -6 6 -8 6 -10 6 -11 6 -13 6 -15 7 -16 6 -18 5 -19 6 -20 5 -20 5 -21 5 -21 5 -22 5 -22 5 -24 6 -24 6 -24 7 -25]
,,,-80,0,0,0,0,0,0,0,0,0,0,-92,0,6,1723325474354,0,0,0,0,1723325474354,124,[-36 -5 -38 -5 -36 -5 -38 -4 -37 -3 -38 -3 -37 -3 -35 -3 -35 -3 -35 -1 -35 0 -33 0 -34 -1 -32 0 -32 -1 -31 -1 -30 -1 -29 -2 -27 -3 -26 -3 -24 -4 -22 -4 -22 -3 -20 -4 -19 -4 0 0 0 0 0 0 0 0 0 0 0 0 0 0 0 0 0 0 0 0 0 0 -2 4 -5 3 -6 3 -9 4 -9 3 -11 3 -13 2 -15 2 -17 0 -20 0 -22 -1 -23 -4 -25 -4 -25 -6 -27 -7 -26 -8 -27 -8 -27 -8 -30 -8 -30 -8 -32 -8 -32 -7 -32 -7 -34 -7 -35 -6 -36 -6]
,,,-80,0,0,0,0,0,0,0,0,0,0,-92,0,6,1723325474375,0,0,0,0,1723325474375,124,[14 19 15 20 14 19 15 19 15 19 15 18 15 18 15 18 15 17 15 17 15 15 15 15 16 15 15 15 15 15 14 14 13 14 12 14 11 13 13 10 13 9 12 9 11 8 11 7 11 6 13 10 0 0 0 0 0 0 0 0 0 0 0 0 0 0 0 0 0 0 0 0 0 0 3 -1 3 0 4 0 5 1 5 2 6 4 6 5 7 6 7 8 8 8 8 11 9 12 8 13 8 14 8 15 7 16 8 16 8 16 9 17 9 17 13 10 18 11 18 11 18 12 18 13]
,,,-80,0,0,0,0,0,0,0,0,0,0,-92,0,6,1723325474395,0,0,0,0,1723325474395,124,[-25 4 -25 5 -24 4 -25 5 -24 5 -24 6 -24 6 -23 6 -23 5 -23 6 -22 6 -21 6 -22 7 -20 6 -21 7 -20 6 -20 5 -19 5 -17 4 -17 4 -16 3 -15 2 -15 2 -14 1 -13 1 0 0 0 0 0 0 0 0 0 0 0 0 0 0 0 0 0 0 0 0 0 0 -1 2 -2 3 -3 3 -4 3 -6 4 -7 4 -8 4 -10 3 -11 3 -12 3 -14 2 -15 2 -17 1 -17 1 -18 0 -19 0 -19 0 -19 0 -21 1 -21 1 -21 1 -22 2 -22 2 -23 2 -24 2 -25 3]
,,,-80,0,0,0,0,0,0,0,0,0,0,-92,0,6,1723325474417,0,0,0,0,1723325474417,124,[-25 4 -25 4 -24 4 -25 5 -25 5 -25 6 -24 6 -23 6 -23 6 -23 6 -22 7 -21 7 -21 7 -21 7 -20 7 -20 7 -19 6 -19 5 -18 4 -17 4 -16 3 -15 3 -15 3 -14 2 -13 1 0 0 0 0 0 0 0 0 0 0 0 0 0 0 0 0 0 0 0 0 0 0 -1 2 -2 3 -4 3 -5 3 -6 3 -7 3 -8 4 -10 3 -11 3 -13 3 -14 2 -15 1 -16 1 -17 1 -18 0 -19 0 -19 0 -19 0 -20 0 -21 0 -21 1 -22 1 -23 1 -23 2 -24 3 -24 3]
,,,-80,0,0,0,0,0,0,0,0,0,0,-92,0,6,1723325474434,0,0,0,0,1723325474434,124,[23 -16 23 -17 22 -16 22 -17 23 -16 22 -17 22 -17 21 -17 21 -17 19 -17 19 -17 18 -17 18 -17 17 -17 18 -17 17 -16 17 -15 16 -14 16 -13 16 -12 14 -11 13 -9 13 -10 13 -9 12 -8 0 0 0 0 0 0 0 0 0 0 0 0 0 0 0 0 0 0 0 0 0 0 -2 -4 0 -5 1 -6 2 -6 3 -7 4 -8 6 -8 7 -9 8 -9 11 -10 12 -10 14 -10 16 -10 16 -10 17 -10 18 -9 18 -10 18 -10 20 -11 20 -11 21 -11 21 -12 21 -13 21 -14 22 -14 23 -15]
,,,-80,0,0,0,0,0,0,0,0,0,0,-92,0,6,1723325474454,0,0,0,0,1723325474454,124,[-1 24 0 24 0 25 0 24 0 24 1 24 1 23 1 23 1 23 2 23 2 22 2 21 3 21 3 21 2 21 2 20 2 20 1 19 1 18 0 17 0 15 -1 15 -1 14 -1 13 -2 12 0 0 0 0 0 0 0 0 0 0 0 0 0 0 0 0 0 0 0 0 0 0 3 1 2 2 2 3 2 4 3 5 2 7 2 8 2 13 10 2 11 1 12 0 14 -1 15 -2 16 -2 16 -3 16 -3 17 -4 18 -3 18 -3 19 -3 20 -3 20 -3 21 -2 21 -3 22 -2 23 -1]
,,,-80,0,0,0,0,0,0,0,0,0,0,-92,0,6,1723325474474,0,0,0,0,1723325474474,124,[-9 -23 -9 -24 -9 -24 -10 -24 -10 -23 -10 -23 -10 -23 -11 -22 -10 -23 -11 -21 -11 -21 -11 -20 -11 -20 -11 -20 -11 -19 -10 -19 -9 -19 -9 -18 -8 -17 -7 -17 -7 -15 -6 -14 -5 -14 -4 -13 -4 -13 0 0 0 0 0 0 0 0 0 0 0 0 0 0 0 0 0 0 0 0 0 0 -4 -1 -4 -2 -4 -3 -5 -3 -5 -4 -5 -6 -6 -7 -6 -9 -6 -10 -6 -12 -6 -14 -5 -15 -5 -16 -5 -17 -4 -17 -5 -19 -5 -18 -4 -19 -5 -19 -6 -20 -5 -21 -7 -21 -6 -22 -7 -22 -7 -23 -8 -24]
,,,-80,0,0,0,0,0,0,0,0,0,0,-92,0,6,1723325474494,0,0,0,0,1723325474494,124,[-28 4 -29 4 -28 4 -28 5 -28 5 -28 5 -28 5 -27 5 -26 5 -26 5 -26 6 -24 6 -25 7 -24 7 -24 7 -24 6 -22 5 -22 4 -20 4 -20 3 -19 2 -18 2 -17 2 -16 1 -15 0 0 0 0 0 0 0 0 0 0 0 0 0 0 0 0 0 0 0 0 0 0 0 -1 2 -2 3 -4 3 -5 4 -6 4 -8 4 -9 4 -11 3 -12 4 -15 3 -16 2 -17 1 -18 1 -19 0 -20 0 -20 -1 -21 0 -22 -1 -23 0 -23 0 -24 0 -25 1 -25 1 -27 2 -27 2 -27 2]
,,,-80,0,0,0,0,0,0,0,0,0,0,-92,0,6,1723325474514,0,0,0,0,1723325474514,124,[15 -19 16 -19 16 -19 16 -20 15 -20 15 -20 15 -20 14 -20 14 -20 13 -20 13 -20 12 -19 11 -20 11 -19 11 -19 11 -18 11 -18 13 10 -17 13 10 -15 13 10 -14 13 10 -13 9 -12 9 -12 9 -11 9 -10 0 0 0 0 0 0 0 0 0 0 0 0 0 0 0 0 0 0 0 0 0 0 -2 -3 -1 -4 0 -5 0 -6 1 -7 2 -8 3 -8 4 -9 6 -10 7 -10 9 -11 11 -11 12 -11 12 -11 13 -12 13 -12 14 -12 14 -12 15 -13 15 -14 16 -14 16 -15 16 -16 16 -16]
,,,-80,0,0,0,0,0,0,0,0,0,0,-92,0,6,1723325474537,0,0,0,0,1723325474537,124,[-20 -30 -20 -31 -20 -31 -20 -30 -21 -30 -21 -30 -20 -29 -21 -29 -20 -29 -21 -28 -21 -26 -21 -25 -21 -24 -21 -24 -20 -25 -19 -23 -18 -23 -17 -23 -15 -21 -15 -21 -14 -20 -12 -19 -12 -18 -10 -18 -9 -17 0 0 0 0 0 0 0 0 0 0 0 0 0 0 0 0 0 0 0 0 0 0 -5 0 -6 -1 -7 -3 -7 -3 -8 -5 -9 -7 -10 -9 -10 -11 -11 -13 -12 -15 -11 -18 -11 -21 -11 -22 -11 -22 -11 -23 -11 -25 -11 -25 -11 -26 -12 -27 -13 -27 -13 -28 -14 -29 -15 -30 -16 -29 -16 -31 -16 -32]
,,,-80,0,0,0,0,0,0,0,0,0,0,-92,0,6,1723325474556,0,0,0,0,1723325474556,124,[24 0 25 0 24 0 24 -1 24 -1 24 -1 24 -1 23 -1 23 -2 22 -3 22 -3 21 -3 22 -3 20 -3 21 -3 20 -3 19 -2 18 -2 17 -2 17 -1 15 -1 14 0 14 0 13 0 12 1 0 0 0 0 0 0 0 0 0 0 0 0 0 0 0 0 0 0 0 0 0 0 1 -3 1 -3 3 -4 4 -3 5 -3 6 -3 8 -2 9 -2 11 -2 12 -1 13 -1 15 1 15 1 16 2 17 2 17 3 18 3 18 3 19 2 20 3 20 2 21 2 21 3 22 2 23 1 24 1]
,,,-80,0,0,0,0,0,0,0,0,0,0,-92,0,6,1723325474575,0,0,0,0,1723325474575,124,[13 -24 13 -24 14 -24 13 -25 13 -24 13 -24 13 -24 11 -24 11 -24 11 -24 13 10 -23 9 -23 9 -23 9 -23 8 -22 9 -22 9 -21 9 -20 9 -18 9 -17 8 -16 8 -15 8 -14 8 -13 8 -12 0 0 0 0 0 0 0 0 0 0 0 0 0 0 0 0 0 0 0 0 0 0 -3 -3 -2 -4 -1 -5 -1 -6 0 -7 0 -9 2 -10 3 -11 5 -12 6 -13 7 -14 9 -15 13 10 -15 11 -15 12 -15 13 -16 12 -16 13 -17 13 -17 14 -18 14 -18 14 -19 14 -20 14 -21 15 -21]
,,,-80,0,0,0,0,0,0,0,0,0,0,-92,0,6,1723325474594,0,0,0,0,1723325474594,124,[14 33 14 33 15 34 15 32 15 32 16 32 16 31 16 31 17 31 17 29 17 28 17 27 17 27 18 26 17 26 16 25 15 24 15 24 13 23 12 22 11 20 9 20 9 19 8 18 7 17 0 0 0 0 0 0 0 0 0 0 0 0 0 0 0 0 0 0 0 0 0 0 4 0 5 2 6 2 6 4 7 5 7 8 7 11 8 13 8 15 8 17 8 19 7 22 6 22 6 24 5 25 5 27 5 26 6 28 7 27 7 29 8 29 9 30 9 32 13 10 32 11 33 11]
,,,-80,0,0,0,0,0,0,0,0,0,0,-92,0,6,1723325474614,0,0,0,0,1723325474614,124,[39 4 42 4 39 4 41 3 41 2 40 1 41 2 38 1 38 1 38 1 37 0 36 0 36 -1 34 -1 35 -1 33 -1 33 0 31 0 30 1 28 1 26 2 24 3 23 3 21 3 20 4 0 0 0 0 0 0 0 0 0 0 0 0 0 0 0 0 0 0 0 0 0 0 1 -5 3 -5 6 -5 7 -6 9 -5 11 -4 14 -4 16 -3 18 -1 21 -1 23 1 25 3 27 4 27 6 28 7 28 8 29 8 30 8 32 7 32 6 34 7 34 6 35 7 37 7 38 6 39 6]
,,,-80,0,0,0,0,0,0,0,0,0,0,-92,0,6,1723325474634,0,0,0,0,1723325474634,124,[-27 -25 -28 -26 -27 -25 -29 -25 -28 -25 -28 -24 -27 -24 -27 -23 -27 -22 -29 -21 -28 -20 -27 -19 -28 -19 -26 -18 -27 -18 -25 -18 -25 -18 -23 -18 -21 -18 -20 -18 -19 -16 -17 -15 -16 -15 -15 -14 -13 -14 0 0 0 0 0 0 0 0 0 0 0 0 0 0 0 0 0 0 0 0 0 0 -5 1 -6 0 -7 0 -9 -2 -10 -3 -11 -5 -12 -7 -13 -8 -14 -11 -15 -13 -16 -15 -17 -17 -17 -18 -17 -19 -17 -21 -16 -22 -17 -23 -17 -23 -19 -24 -19 -24 -20 -25 -21 -25 -21 -25 -24 -25 -25 -25 -25 -27]
,,,-80,0,0,0,0,0,0,0,0,0,0,-92,0,6,1723325474654,0,0,0,0,1723325474654,124,[24 4 24 4 24 3 24 3 24 3 24 2 24 2 23 1 23 2 23 1 22 1 21 0 21 0 21 0 21 0 20 0 20 0 19 0 18 1 17 1 15 1 15 2 14 2 13 2 12 2 0 0 0 0 0 0 0 0 0 0 0 0 0 0 0 0 0 0 0 0 0 0 1 -3 2 -3 3 -3 4 -3 6 -3 7 -2 8 -1 9 -1 13 10 0 12 1 13 2 14 3 16 4 16 4 16 5 17 5 17 6 18 6 18 6 19 6 20 5 20 5 21 6 22 5 22 5 23]
,,,-80,0,0,0,0,0,0,0,0,0,0,-92,0,6,1723325474675,0,0,0,0,1723325474675,124,[-24 27 -24 27 -23 28 -23 28 -23 28 -23 28 -22 27 -20 28 -20 28 -19 28 -18 27 -17 27 -17 26 -17 27 -17 26 -16 25 -16 24 -17 23 -16 21 -16 20 -15 18 -14 17 -14 16 -13 15 -13 13 0 0 0 0 0 0 0 0 0 0 0 0 0 0 0 0 0 0 0 0 0 0 2 3 1 5 0 6 -1 7 -2 8 -4 13 10 -5 12 -7 13 -9 14 -11 15 -13 16 -15 17 -17 17 -18 17 -19 16 -20 17 -21 18 -21 18 -22 19 -22 20 -23 21 -23 21 -23 22 -23 24 -24 25 -24]
,,,-80,0,0,0,0,0,0,0,0,0,0,-92,0,6,1723325474696,0,0,0,0,1723325474696,124,[-4 24 -4 24 -4 24 -3 25 -4 24 -3 24 -3 24 -2 23 -2 23 -1 23 -2 22 -1 21 0 22 0 21 0 21 -1 20 -1 20 -1 19 -2 18 -2 17 -2 15 -2 14 -3 14 -3 13 -3 12 0 0 0 0 0 0 0 0 0 0 0 0 0 0 0 0 0 0 0 0 0 0 2 1 2 2 2 3 1 4 1 5 1 7 1 8 0 13 10 -1 11 -2 12 -2 14 -3 15 -5 15 -5 16 -6 16 -6 17 -6 17 -6 18 -7 18 -6 19 -7 20 -6 20 -6 21 -6 22 -6 23 -5]
,,,-80,0,0,0,0,0,0,0,0,0,0,-92,0,6,1723325474716,0,0,0,0,1723325474716,124,[5 -25 5 -24 5 -25 5 -24 4 -24 4 -25 4 -25 3 -24 4 -24 3 -24 3 -23 2 -22 2 -22 1 -22 1 -22 2 -21 2 -20 2 -19 3 -19 3 -18 3 -16 3 -15 3 -14 4 -14 4 -13 0 0 0 0 0 0 0 0 0 0 0 0 0 0 0 0 0 0 0 0 0 0 -3 -2 -3 -3 -3 -4 -2 -5 -2 -6 -2 -8 -1 -9 0 -11 0 -12 2 -13 3 -14 4 -15 5 -16 6 -16 6 -17 6 -17 6 -17 6 -19 7 -18 7 -19 7 -20 7 -21 7 -21 7 -22 7 -23 8 -23]
,,,-80,0,0,0,0,0,0,0,0,0,0,-92,0,6,1723325474735,0,0,0,0,1723325474735,124,[17 31 17 32 17 32 18 31 18 31 18 30 18 30 17 29 18 29 19 28 19 27 18 25 18 26 18 25 18 26 17 25 16 24 14 24 13 23 12 22 13 10 20 13 10 20 9 19 8 18 6 17 0 0 0 0 0 0 0 0 0 0 0 0 0 0 0 0 0 0 0 0 0 0 4 -1 5 0 6 1 6 2 8 4 9 6 9 8 13 10 11 13 10 13 11 15 11 18 11 20 11 21 13 10 22 13 10 23 9 25 9 26 9 26 13 10 26 11 27 11 28 12 29 13]
,,,-80,0,0,0,0,0,0,0,0,0,0,-92,0,6,1723325474755,0,0,0,0,1723325474755,124,[-24 -14 -25 -14 -24 -14 -24 -14 -25 -13 -24 -13 -24 -13 -24 -12 -24 -12 -24 -11 -24 -10 -23 -10 -24 -10 -22 -9 -22 -9 -21 -9 -21 -9 -20 -9 -18 -9 -18 -9 -16 -9 -15 -8 -15 -9 -14 -8 -13 -8 0 0 0 0 0 0 0 0 0 0 0 0 0 0 0 0 0 0 0 0 0 0 -3 2 -4 1 -5 0 -7 0 -8 -1 -8 -2 -10 -3 -11 -4 -12 -5 -14 -6 -14 -8 -15 -10 -15 -11 -16 -12 -16 -13 -16 -14 -16 -14 -16 -14 -18 -14 -18 -14 -19 -15 -20 -15 -20 -15 -21 -15 -22 -15 -23 -15]
,,,-80,0,0,0,0,0,0,0,0,0,0,-92,0,6,1723325474774,0,0,0,0,1723325474774,124,[16 31 16 33 16 31 18 32 18 31 18 31 19 31 18 30 18 28 18 28 19 27 18 26 19 26 18 25 18 26 17 24 17 25 15 23 14 23 13 22 11 20 13 10 19 9 18 8 17 7 17 0 0 0 0 0 0 0 0 0 0 0 0 0 0 0 0 0 0 0 0 0 0 4 -1 5 1 6 1 6 3 7 4 8 7 8 9 9 11 9 14 13 10 15 9 18 9 20 9 21 8 23 8 24 7 25 8 27 7 26 9 28 13 10 28 13 10 29 11 29 11 30 13 31]
,,,-80,0,0,0,0,0,0,0,0,0,0,-92,0,6,1723325474794,0,0,0,0,1723325474794,124,[16 19 16 19 16 18 16 18 16 18 16 18 16 18 16 17 16 16 16 16 16 15 16 14 16 14 16 14 16 14 15 13 14 13 13 13 12 13 12 12 13 10 11 9 11 9 13 10 8 13 10 7 13 10 0 0 0 0 0 0 0 0 0 0 0 0 0 0 0 0 0 0 0 0 0 0 2 -1 3 0 4 0 4 1 5 1 6 3 7 4 7 6 8 7 9 9 9 13 10 9 12 9 13 9 13 9 14 9 15 9 16 13 10 15 13 10 16 13 10 17 11 17 12 18]
,,,-80,0,0,0,0,0,0,0,0,0,0,-92,0,6,1723325474819,0,0,0,0,1723325474819,124,[4 24 4 24 5 24 5 24 6 24 5 23 6 23 6 23 6 22 7 22 6 21 7 20 7 21 7 20 6 20 6 19 6 19 5 18 4 17 4 16 2 15 3 14 2 14 1 13 1 12 0 0 0 0 0 0 0 0 0 0 0 0 0 0 0 0 0 0 0 0 0 0 2 0 3 1 3 2 3 3 4 4 4 6 4 7 3 9 4 13 10 4 11 3 13 3 15 2 16 1 16 1 17 0 18 0 18 1 19 1 19 1 20 2 20 2 21 2 21 3 22 3 23 4]
,,,-80,0,0,0,0,0,0,0,0,0,0,-92,0,6,1723325474845,0,0,0,0,1723325474845,124,[-26 9 -26 9 -26 13 10 -26 13 10 -26 13 10 -25 13 10 -26 13 10 -24 13 10 -24 13 10 -24 11 -23 11 -22 11 -22 11 -21 11 -21 11 -21 13 10 -20 9 -20 8 -19 8 -18 7 -17 6 -16 5 -16 5 -15 5 -14 3 0 0 0 0 0 0 0 0 0 0 0 0 0 0 0 0 0 0 0 0 0 0 -1 3 -2 3 -3 4 -4 4 -5 5 -6 5 -8 5 -10 5 -11 6 -13 6 -15 6 -16 6 -18 5 -19 5 -19 4 -20 4 -20 4 -21 4 -22 4 -22 5 -23 5 -23 6]
,,,-80,0,0,0,0,0,0,0,0,0,0,-92,0,6,1723325474857,0,0,0,0,1723325474857,124,[-17 21 -18 22 -16 22 -17 23 -17 23 -16 22 -16 22 -15 22 -14 22 -13 22 -14 22 -12 22 -13 22 -11 21 -12 21 -11 20 -11 19 -11 18 -11 17 -11 16 -11 14 -10 13 -10 13 -10 12 -10 11 0 0 0 0 0 0 0 0 0 0 0 0 0 0 0 0 0 0 0 0 0 0 1 2 1 4 0 4 -1 5 -2 6 -3 8 -3 9 -5 13 10 -6 13 10 -8 12 -9 13 -11 13 -12 13 -13 13 -15 14 -15 14 -16 14 -15 14 -16 16 -16 16 -17 17 -17 17 -17 18 -18 19 -17 20]
,,,-80,0,0,0,0,0,0,0,0,0,0,-92,0,6,1723325474874,0,0,0,0,1723325474874,124,[-17 22 -18 22 -17 22 -17 22 -17 22 -17 23 -16 22 -15 22 -15 22 -14 22 -14 21 -13 21 -13 22 -12 21 -12 21 -12 19 -12 19 -12 18 -12 16 -12 16 -11 14 -11 13 -11 12 -10 12 -10 13 10 0 0 0 0 0 0 0 0 0 0 0 0 0 0 0 0 0 0 0 0 0 0 2 2 1 3 -1 4 -1 5 -2 6 -2 8 -4 9 -5 13 10 -6 11 -8 11 -10 13 -10 13 -12 13 -13 14 -14 14 -15 14 -16 14 -15 14 -16 15 -16 16 -17 16 -17 17 -17 17 -18 19 -18 20]
,,,-80,0,0,0,0,0,0,0,0,0,0,-92,0,6,1723325474902,0,0,0,0,1723325474902,124,[0 -25 0 -26 -1 -25 -1 -25 -1 -25 -1 -25 -1 -25 -2 -24 -2 -24 -2 -24 -3 -23 -3 -23 -3 -23 -3 -22 -3 -22 -2 -21 -2 -20 -1 -20 -1 -19 -1 -18 -1 -17 0 -15 0 -15 1 -14 1 -13 0 0 0 0 0 0 0 0 0 0 0 0 0 0 0 0 0 0 0 0 0 0 -3 -2 -3 -3 -3 -4 -4 -5 -3 -6 -3 -8 -4 -9 -3 -11 -3 -12 -2 -13 -1 -15 0 -16 1 -16 1 -17 2 -18 2 -19 3 -19 3 -19 2 -20 2 -21 2 -21 2 -22 2 -23 2 -23 1 -24 1 -25]
,,,-80,0,0,0,0,0,0,0,0,0,0,-92,0,6,1723325474914,0,0,0,0,1723325474914,124,[13 19 14 20 13 20 14 20 14 20 14 19 14 19 14 18 14 18 14 18 13 17 13 17 14 17 13 16 14 16 12 15 12 16 11 15 13 10 15 9 14 9 13 7 12 7 12 6 11 5 11 0 0 0 0 0 0 0 0 0 0 0 0 0 0 0 0 0 0 0 0 0 0 2 -1 3 0 3 0 4 1 5 2 6 4 7 5 7 7 7 8 7 9 8 11 8 12 7 13 7 14 7 15 7 16 7 17 7 17 8 17 9 18 9 18 13 10 18 13 10 18 11 20 11]
,,,-80,0,0,0,0,0,0,0,0,0,0,-92,0,6,1723325474936,0,0,0,0,1723325474936,124,[22 -16 22 -16 22 -17 21 -17 21 -17 21 -17 21 -17 20 -17 20 -17 19 -18 18 -17 17 -17 17 -17 17 -17 17 -16 17 -16 16 -15 16 -14 15 -13 15 -12 14 -11 14 -10 13 -9 12 -9 12 -8 0 0 0 0 0 0 0 0 0 0 0 0 0 0 0 0 0 0 0 0 0 0 -1 -4 0 -4 1 -5 2 -6 3 -7 4 -7 5 -8 7 -9 9 -9 13 10 -10 12 -10 14 -10 15 -10 16 -10 16 -10 18 -10 17 -10 18 -10 19 -10 20 -11 20 -12 21 -12 21 -13 21 -14 22 -14 22]
,,,-80,0,0,0,0,0,0,0,0,0,0,-92,0,6,1723325474955,0,0,0,0,1723325474955,124,[-6 26 -6 27 -5 27 -5 27 -4 27 -4 27 -4 26 -3 27 -3 26 -3 26 -2 25 -2 24 -1 24 -2 23 -1 23 -2 23 -2 22 -2 21 -2 20 -3 19 -3 17 -3 16 -4 15 -4 14 -4 13 0 0 0 0 0 0 0 0 0 0 0 0 0 0 0 0 0 0 0 0 0 0 2 1 2 3 2 4 2 5 1 6 1 8 1 13 10 0 11 -1 12 -2 14 -3 15 -4 17 -5 17 -6 17 -7 18 -7 19 -7 20 -8 20 -8 21 -8 21 -8 22 -7 23 -8 23 -7 24 -8 25 -7]
,,,-80,0,0,0,0,0,0,0,0,0,0,-92,0,6,1723325474976,0,0,0,0,1723325474976,124,[-19 16 -19 16 -18 17 -18 17 -18 18 -17 17 -17 17 -17 16 -17 17 -16 17 -15 16 -15 16 -14 16 -14 17 -14 16 -15 15 -13 14 -13 14 -13 13 -13 12 -12 13 10 -12 13 10 -11 9 -11 8 -11 7 0 0 0 0 0 0 0 0 0 0 0 0 0 0 0 0 0 0 0 0 0 0 1 2 0 3 -1 4 -2 4 -3 5 -3 6 -5 7 -6 8 -7 8 -9 9 -10 13 10 -12 13 10 -13 13 10 -14 13 10 -14 9 -16 13 10 -15 13 10 -16 13 10 -16 11 -17 12 -17 12 -17]
,,,-80,0,0,0,0,0,0,0,0,0,0,-92,0,6,1723325474997,0,0,0,0,1723325474997,124,[-2 26 -2 28 -1 27 -2 28 -2 27 -1 27 -1 27 0 27 0 26 0 25 0 25 1 24 2 25 2 23 1 24 1 22 1 22 0 21 0 20 -1 19 -1 17 -1 16 -1 15 -2 15 -3 14 0 0 0 0 0 0 0 0 0 0 0 0 0 0 0 0 0 0 0 0 0 0 3 1 3 2 2 4 2 5 2 6 2 8 1 9 1 13 10 1 12 -1 13 -1 15 -2 17 -3 17 -4 19 -5 19 -5 19 -5 20 -5 20 -5 21 -5 22 -6 23 -5 23 -5 23 -4 25 -4 26 -3]
,,,-80,0,0,0,0,0,0,0,0,0,0,-92,0,6,1723325475014,0,0,0,0,1723325475014,124,[23 7 24 7 23 7 24 6 23 6 24 6 23 6 23 5 22 5 22 4 22 4 22 4 21 3 21 2 21 3 20 3 19 3 19 3 17 3 16 4 15 4 14 4 13 4 12 4 12 4 0 0 0 0 0 0 0 0 0 0 0 0 0 0 0 0 0 0 0 0 0 0 1 -2 2 -2 4 -2 5 -2 6 -2 7 -1 8 0 9 1 11 2 12 3 13 4 14 6 15 6 15 7 15 8 15 8 16 9 16 9 18 8 18 8 18 9 20 9 20 9 21 8 21 9 22 9]
,,,-80,0,0,0,0,0,0,0,0,0,0,-92,0,6,1723325475035,0,0,0,0,1723325475035,124,[35 9 35 9 35 9 35 8 35 8 35 7 35 7 33 7 34 7 33 6 32 4 32 4 31 4 31 4 30 4 30 4 28 4 27 4 25 5 24 5 23 5 21 6 20 6 19 5 17 5 0 0 0 0 0 0 0 0 0 0 0 0 0 0 0 0 0 0 0 0 0 0 2 -3 4 -3 6 -3 7 -3 9 -3 13 10 -2 12 -1 14 1 16 2 18 3 20 5 21 7 22 9 23 13 10 23 11 23 12 24 12 25 12 26 11 27 12 28 12 29 11 30 12 31 12 32 11]
,,,-80,0,0,0,0,0,0,0,0,0,0,-92,0,6,1723325475054,0,0,0,0,1723325475054,124,[-9 23 -8 23 -8 24 -8 24 -8 23 -8 24 -8 23 -7 23 -7 23 -6 22 -6 21 -5 21 -6 21 -5 21 -5 21 -5 20 -5 19 -6 18 -6 17 -6 16 -6 14 -6 14 -5 13 -6 12 -6 11 0 0 0 0 0 0 0 0 0 0 0 0 0 0 0 0 0 0 0 0 0 0 2 1 2 3 1 3 1 5 1 6 0 7 0 8 -1 13 10 -2 11 -3 12 -4 13 -6 14 -7 15 -8 15 -8 15 -9 16 -9 17 -9 17 -9 17 -10 18 -9 18 -9 19 -10 20 -9 21 -10 21 -9]
,,,-80,0,0,0,0,0,0,0,0,0,0,-92,0,6,1723325475074,0,0,0,0,1723325475074,124,[-25 3 -26 3 -24 4 -26 4 -25 4 -25 4 -25 5 -24 5 -23 5 -23 5 -23 6 -22 6 -22 6 -21 6 -22 6 -20 5 -20 5 -20 4 -18 3 -18 3 -17 2 -15 2 -15 2 -14 1 -14 0 0 0 0 0 0 0 0 0 0 0 0 0 0 0 0 0 0 0 0 0 0 0 -1 2 -2 3 -4 3 -5 3 -6 3 -7 3 -9 3 -10 3 -11 3 -13 2 -14 2 -16 1 -17 0 -18 0 -19 -1 -18 -1 -20 -1 -19 -1 -21 -1 -21 0 -22 0 -22 0 -22 0 -24 1 -24 1 -25 2]
,,,-80,0,0,0,0,0,0,0,0,0,0,-92,0,6,1723325475094,0,0,0,0,1723325475094,124,[-21 13 -22 14 -20 14 -21 14 -21 14 -21 14 -20 14 -20 14 -19 13 -19 14 -18 14 -17 14 -18 15 -17 14 -18 14 -16 13 -16 12 -16 11 -15 13 10 -15 13 10 -14 8 -13 8 -13 7 -12 6 -12 6 0 0 0 0 0 0 0 0 0 0 0 0 0 0 0 0 0 0 0 0 0 0 1 2 0 3 -2 3 -2 4 -3 5 -4 6 -5 6 -7 7 -8 8 -10 8 -11 8 -13 8 -15 8 -16 8 -17 8 -17 7 -18 8 -17 8 -19 9 -18 9 -19 9 -20 13 10 -20 13 10 -21 11]
,,,-80,0,0,0,0,0,0,0,0,0,0,-92,0,6,1723325475115,0,0,0,0,1723325475115,124,[-25 -1 -25 -1 -25 -1 -26 -1 -26 0 -26 0 -26 -1 -24 1 -24 0 -24 1 -24 2 -23 2 -23 2 -22 2 -22 2 -21 1 -21 1 -20 0 -19 0 -18 0 -17 -1 -16 -1 -15 -1 -14 -1 -14 -2 0 0 0 0 0 0 0 0 0 0 0 0 0 0 0 0 0 0 0 0 0 0 -2 2 -3 2 -4 2 -5 2 -6 2 -7 2 -9 1 -10 1 -12 1 -13 0 -15 -1 -16 -2 -17 -3 -17 -3 -18 -4 -19 -5 -19 -5 -19 -5 -20 -5 -21 -4 -21 -5 -22 -4 -22 -4 -24 -3 -24 -3 -25 -3]
,,,-80,0,0,0,0,0,0,0,0,0,0,-92,0,6,1723325475134,0,0,0,0,1723325475134,124,[35 8 35 8 36 7 35 6 35 6 35 5 35 5 34 5 35 5 33 5 32 4 32 3 31 2 31 3 30 2 30 4 28 3 27 3 26 3 25 4 23 4 22 5 20 6 19 5 17 6 0 0 0 0 0 0 0 0 0 0 0 0 0 0 0 0 0 0 0 0 0 0 2 -4 3 -4 5 -4 7 -4 9 -3 13 10 -2 13 -2 14 0 16 1 19 2 20 4 21 6 23 7 23 8 23 9 24 9 24 13 10 26 13 10 27 9 28 9 30 13 10 29 9 31 13 10 32]
,,,-80,0,0,0,0,0,0,0,0,0,0,-92,0,6,1723325475156,0,0,0,0,1723325475156,124,[12 20 12 21 12 21 13 21 13 20 13 20 13 20 13 19 13 19 13 19 13 18 13 17 13 17 13 16 13 17 12 16 12 16 13 10 15 13 10 15 9 14 8 13 7 12 7 12 6 12 5 11 0 0 0 0 0 0 0 0 0 0 0 0 0 0 0 0 0 0 0 0 0 0 2 -1 3 0 3 0 4 1 4 3 6 4 6 6 6 7 7 8 7 9 7 12 7 13 7 14 7 15 6 16 7 16 7 18 7 17 7 18 8 18 8 19 9 19 9 20 13 10 20 13]
,,,-80,0,0,0,0,0,0,0,0,0,0,-92,0,6,1723325475176,0,0,0,0,1723325475176,124,[20 -12 22 -13 21 -13 21 -13 21 -13 21 -13 21 -14 19 -13 19 -14 18 -15 17 -14 17 -15 17 -15 16 -14 17 -14 16 -13 16 -13 15 -12 15 -11 14 -11 13 -9 12 -8 12 -8 12 -7 11 -6 0 0 0 0 0 0 0 0 0 0 0 0 0 0 0 0 0 0 0 0 0 0 -1 -3 0 -4 1 -5 2 -5 3 -5 4 -6 5 -6 7 -7 9 -7 13 10 -8 12 -7 13 -7 14 -7 15 -7 16 -7 17 -6 17 -6 17 -7 18 -7 19 -7 20 -8 20 -8 20 -9 21 -10 21 -11 22]
,,,-80,0,0,0,0,0,0,0,0,0,0,-92,0,6,1723325475194,0,0,0,0,1723325475194,124,[-21 -14 -21 -15 -21 -15 -22 -15 -22 -14 -22 -14 -21 -14 -21 -13 -21 -13 -21 -12 -21 -12 -21 -11 -20 -11 -20 -10 -19 -11 -19 -10 -18 -10 -18 -11 -16 -11 -15 -10 -14 -10 -13 -10 -12 -9 -11 -9 -10 -9 0 0 0 0 0 0 0 0 0 0 0 0 0 0 0 0 0 0 0 0 0 0 -3 1 -4 0 -5 0 -6 0 -7 -1 -8 -2 -9 -3 -10 -5 -10 -6 -12 -6 -13 -8 -12 -10 -13 -10 -13 -11 -13 -12 -14 -13 -14 -13 -14 -14 -15 -14 -16 -14 -16 -15 -17 -14 -17 -15 -19 -15 -19 -15 -19 -16]
,,,-80,0,0,0,0,0,0,0,0,0,0,-92,0,6,1723325475253,0,0,0,0,1723325475253,124,[5 26 6 27 6 26 6 27 7 26 7 26 7 26 8 25 7 25 8 25 8 23 8 23 9 23 9 22 9 22 8 21 8 21 7 20 6 19 6 18 5 16 3 16 3 15 2 14 2 14 0 0 0 0 0 0 0 0 0 0 0 0 0 0 0 0 0 0 0 0 0 0 3 1 3 2 3 2 3 4 4 5 4 7 4 9 4 13 10 4 12 3 13 2 16 2 17 1 17 1 18 1 19 0 20 0 21 0 20 1 22 1 22 1 23 2 23 2 24 3 25 3 25 3]
,,,-80,0,0,0,0,0,0,0,0,0,0,-92,0,6,1723325475258,0,0,0,0,1723325475258,124,[-35 13 10 -36 13 10 -34 13 10 -35 11 -36 11 -35 12 -34 11 -32 11 -33 12 -32 12 -31 11 -30 12 -30 13 -29 13 -29 13 -28 11 -27 11 -27 13 10 -25 8 -24 8 -23 6 -22 5 -21 5 -20 4 -19 3 0 0 0 0 0 0 0 0 0 0 0 0 0 0 0 0 0 0 0 0 0 0 -1 4 -2 5 -4 5 -5 6 -7 6 -8 7 -11 7 -13 7 -15 7 -19 6 -21 6 -22 6 -24 5 -25 4 -26 4 -27 3 -27 3 -28 3 -30 4 -30 5 -31 5 -31 5 -32 5 -34 7]
,,,-80,0,0,0,0,0,0,0,0,0,0,-92,0,6,1723325475274,0,0,0,0,1723325475274,124,[-19 16 -20 16 -19 16 -19 16 -18 17 -18 17 -18 17 -17 16 -17 17 -16 17 -16 17 -15 16 -15 16 -15 16 -15 15 -15 15 -14 14 -14 14 -13 12 -13 12 -12 13 10 -12 13 10 -11 9 -11 8 -11 7 0 0 0 0 0 0 0 0 0 0 0 0 0 0 0 0 0 0 0 0 0 0 1 2 0 3 -1 4 -2 4 -3 5 -4 6 -5 7 -6 8 -7 8 -9 9 -10 9 -12 13 10 -13 13 10 -14 9 -15 9 -16 9 -16 9 -16 9 -16 13 10 -17 11 -18 12 -18 12 -18 13 -19]
,,,-80,0,0,0,0,0,0,0,0,0,0,-92,0,6,1723325475294,0,0,0,0,1723325475294,124,[21 -18 22 -18 21 -18 21 -19 21 -18 20 -19 20 -19 20 -18 19 -19 18 -19 18 -18 17 -18 17 -18 16 -18 17 -18 16 -16 16 -16 15 -16 15 -15 14 -14 14 -12 13 -11 13 -11 12 -9 12 -8 0 0 0 0 0 0 0 0 0 0 0 0 0 0 0 0 0 0 0 0 0 0 -2 -4 -1 -4 0 -5 1 -6 2 -7 3 -8 4 -8 6 -10 8 -10 13 10 -10 11 -11 13 -11 14 -11 15 -11 17 -10 17 -11 18 -11 18 -11 18 -12 19 -12 20 -13 20 -14 19 -15 21 -16 21 -16 21]
,,,-80,0,0,0,0,0,0,0,0,0,0,-92,0,6,1723325475315,0,0,0,0,1723325475315,124,[-3 24 -3 24 -3 25 -2 24 -2 24 -2 24 -1 24 -1 23 -1 23 0 23 0 22 0 22 1 21 1 21 1 21 0 20 0 19 0 19 0 18 -1 17 -1 15 -2 15 -2 14 -2 13 -3 12 0 0 0 0 0 0 0 0 0 0 0 0 0 0 0 0 0 0 0 0 0 0 2 1 2 2 2 3 2 4 2 5 2 7 1 8 0 13 10 0 11 -1 12 -2 14 -3 15 -4 15 -5 16 -5 16 -6 17 -6 17 -5 18 -5 18 -5 20 -5 20 -5 20 -5 21 -5 22 -5 23 -4]
,,,-80,0,0,0,0,0,0,0,0,0,0,-92,0,6,1723325475338,0,0,0,0,1723325475338,124,[13 34 13 34 13 35 14 34 14 34 14 32 14 33 14 32 14 32 15 31 15 29 15 28 15 28 15 28 15 28 14 27 13 26 11 25 11 24 9 23 8 22 8 21 8 20 6 19 5 17 0 0 0 0 0 0 0 0 0 0 0 0 0 0 0 0 0 0 0 0 0 0 4 0 4 1 5 2 6 4 7 5 7 8 7 13 10 7 12 8 15 8 16 7 20 7 21 7 22 7 24 5 24 5 26 5 27 5 27 6 28 6 29 7 29 7 30 8 32 9 32 13 10 32]
,,,-80,0,0,0,0,0,0,0,0,0,0,-92,0,6,1723325475356,0,0,0,0,1723325475356,124,[-23 -29 -23 -29 -23 -30 -24 -28 -24 -29 -25 -28 -24 -28 -23 -27 -23 -28 -22 -27 -23 -26 -23 -24 -23 -24 -24 -23 -23 -23 -22 -23 -20 -22 -19 -21 -18 -21 -17 -20 -16 -18 -14 -19 -12 -18 -11 -18 -10 -17 0 0 0 0 0 0 0 0 0 0 0 0 0 0 0 0 0 0 0 0 0 0 -5 1 -6 -1 -7 -1 -8 -3 -9 -4 -10 -7 -11 -8 -12 -10 -13 -12 -13 -15 -13 -17 -13 -20 -12 -21 -13 -22 -13 -23 -13 -24 -13 -24 -14 -26 -14 -26 -16 -26 -16 -27 -17 -27 -17 -29 -18 -29 -19 -30 -19 -30]
,,,-80,0,0,0,0,0,0,0,0,0,0,-92,0,6,1723325475393,0,0,0,0,1723325475393,124,[18 -20 19 -21 18 -21 18 -21 18 -21 17 -21 18 -21 16 -21 16 -21 15 -22 15 -21 15 -21 14 -21 13 -20 13 -20 13 -19 13 -18 13 -17 13 -16 12 -15 12 -14 11 -13 11 -12 13 10 -11 13 10 -10 0 0 0 0 0 0 0 0 0 0 0 0 0 0 0 0 0 0 0 0 0 0 -2 -3 -1 -4 0 -5 1 -7 1 -7 2 -8 3 -9 5 -10 7 -11 8 -11 13 10 -12 11 -12 13 -12 14 -13 15 -12 16 -13 16 -13 16 -13 16 -14 17 -15 18 -16 18 -16 18 -17 18 -17 19]
,,,-80,0,0,0,0,0,0,0,0,0,0,-92,0,6,1723325475405,0,0,0,0,1723325475405,124,[-20 19 -21 19 -19 19 -20 19 -20 19 -19 19 -19 19 -18 19 -18 19 -17 19 -17 19 -16 19 -16 19 -15 19 -15 18 -15 17 -15 16 -15 15 -14 14 -14 14 -14 12 -13 11 -12 13 10 -12 13 10 -12 9 0 0 0 0 0 0 0 0 0 0 0 0 0 0 0 0 0 0 0 0 0 0 1 2 1 3 -1 4 -2 5 -3 6 -3 7 -4 8 -6 9 -8 9 -10 13 10 -11 11 -13 11 -14 11 -15 11 -16 11 -17 11 -17 11 -17 12 -18 13 -18 13 -19 14 -19 15 -19 15 -20 16 -20]
,,,-80,0,0,0,0,0,0,0,0,0,0,-92,0,6,1723325475416,0,0,0,0,1723325475416,124,[25 13 10 26 13 10 25 9 27 9 26 9 26 9 26 8 25 8 25 8 25 7 25 6 24 5 24 5 23 5 23 5 22 5 21 6 20 6 19 6 18 6 17 6 15 6 15 6 13 6 12 6 0 0 0 0 0 0 0 0 0 0 0 0 0 0 0 0 0 0 0 0 0 0 2 -3 3 -3 4 -3 5 -2 7 -2 8 -1 9 0 13 10 1 12 2 13 3 15 4 15 6 16 7 17 8 17 8 17 13 10 18 13 10 18 13 10 19 13 10 20 13 10 21 11 21 13]
,,,-80,0,0,0,0,0,0,0,0,0,0,-92,0,6,1723325475438,0,0,0,0,1723325475438,124,[1 24 1 24 1 24 1 24 1 24 2 24 2 24 2 24 2 23 3 23 3 22 3 21 3 21 3 21 3 21 3 20 2 19 1 19 1 17 0 17 0 15 0 15 0 14 -1 13 -2 12 0 0 0 0 0 0 0 0 0 0 0 0 0 0 0 0 0 0 0 0 0 0 3 0 3 1 3 2 3 3 3 5 3 6 3 7 3 9 2 11 2 12 2 14 1 15 0 16 -1 16 -1 17 -2 18 -2 18 -2 18 -2 19 -2 20 -2 21 -1 21 -1 22 0 22 0 23 0 24]
,,,-80,0,0,0,0,0,0,0,0,0,0,-92,0,6,1723325475457,0,0,0,0,1723325475457,124,[-17 21 -17 22 -16 22 -17 22 -16 22 -17 21 -16 21 -15 21 -14 22 -13 22 -13 21 -12 21 -13 21 -12 21 -12 21 -12 19 -12 18 -13 18 -12 16 -12 15 -11 13 -10 13 -10 12 -10 11 -10 13 10 0 0 0 0 0 0 0 0 0 0 0 0 0 0 0 0 0 0 0 0 0 0 2 2 1 4 0 4 -1 5 -1 6 -2 7 -3 9 -5 13 10 -6 11 -7 12 -9 13 -10 13 -12 13 -13 14 -14 13 -15 14 -15 14 -15 14 -16 15 -16 15 -17 16 -17 17 -16 18 -17 19 -17 20]
,,,-80,0,0,0,0,0,0,0,0,0,0,-92,0,6,1723325475478,0,0,0,0,1723325475478,124,[-10 22 -10 22 -10 22 -10 23 -9 23 -9 23 -9 23 -8 22 -8 22 -8 22 -7 21 -7 21 -6 21 -6 21 -6 21 -6 20 -6 19 -6 18 -6 17 -6 16 -6 14 -6 13 -6 13 -6 12 -6 11 0 0 0 0 0 0 0 0 0 0 0 0 0 0 0 0 0 0 0 0 0 0 2 2 1 3 1 3 0 4 0 5 0 7 -1 8 -2 9 -3 11 -4 12 -6 13 -7 13 -8 14 -8 14 -10 15 -10 15 -10 15 -10 16 -11 16 -11 18 -11 18 -11 19 -11 19 -11 20 -11 20 -11 21]
,,,-80,0,0,0,0,0,0,0,0,0,0,-92,0,6,1723325475495,0,0,0,0,1723325475495,124,[13 10 22 13 10 21 13 10 23 13 10 21 11 22 11 21 11 21 11 20 11 21 11 20 11 18 13 10 18 11 18 11 18 11 17 13 10 18 9 17 9 16 8 15 7 15 6 14 6 14 5 13 4 12 3 11 0 0 0 0 0 0 0 0 0 0 0 0 0 0 0 0 0 0 0 0 0 0 2 -1 3 0 4 1 4 2 5 2 5 4 6 6 6 7 6 9 6 13 10 6 12 6 14 6 14 5 15 5 16 5 18 5 17 5 18 5 18 6 19 6 19 7 20 7]
,,,-80,0,0,0,0,0,0,0,0,0,0,-92,0,6,1723325475515,0,0,0,0,1723325475515,124,[-19 -32 -19 -32 -19 -33 -19 -32 -20 -31 -20 -31 -20 -31 -20 -30 -19 -30 -20 -29 -19 -28 -20 -26 -21 -26 -20 -26 -20 -26 -19 -24 -18 -24 -17 -23 -15 -23 -14 -22 -13 -21 -11 -20 -11 -19 -9 -18 -8 -18 0 0 0 0 0 0 0 0 0 0 0 0 0 0 0 0 0 0 0 0 0 0 -5 0 -6 -2 -7 -2 -8 -4 -8 -5 -9 -8 -10 -10 -10 -12 -11 -14 -11 -16 -11 -19 -10 -21 -10 -22 -10 -23 -9 -24 -10 -26 -10 -26 -10 -27 -11 -28 -12 -28 -13 -29 -13 -30 -13 -31 -14 -31 -15 -32 -16 -33]
,,,-80,0,0,0,0,0,0,0,0,0,0,-92,0,6,1723325475534,0,0,0,0,1723325475534,124,[0 24 0 25 1 24 1 25 1 24 1 24 1 23 1 23 2 23 2 22 2 22 2 21 3 21 3 20 3 21 2 20 2 20 2 18 1 18 0 17 0 15 -1 14 -1 14 -1 13 -2 12 0 0 0 0 0 0 0 0 0 0 0 0 0 0 0 0 0 0 0 0 0 0 3 0 3 2 2 2 3 4 2 5 3 6 2 8 2 9 2 11 1 12 1 14 -1 15 -1 16 -2 16 -3 17 -3 17 -3 18 -3 18 -3 19 -2 19 -3 20 -2 21 -2 21 -2 22 -2 23 -1 24]
,,,-80,0,0,0,0,0,0,0,0,0,0,-92,0,6,1723325475556,0,0,0,0,1723325475556,124,[-3 -28 -3 -27 -3 -28 -3 -27 -4 -27 -4 -28 -4 -27 -5 -27 -5 -27 -6 -26 -6 -25 -6 -24 -6 -24 -6 -24 -6 -23 -6 -23 -5 -22 -5 -22 -4 -20 -4 -20 -3 -18 -2 -18 -2 -16 -2 -16 -1 -15 0 0 0 0 0 0 0 0 0 0 0 0 0 0 0 0 0 0 0 0 0 0 -4 -2 -4 -3 -4 -4 -4 -5 -4 -7 -4 -8 -4 -10 -4 -11 -3 -12 -3 -15 -2 -16 -1 -17 0 -18 0 -19 1 -20 1 -21 1 -21 1 -22 1 -22 1 -23 0 -23 0 -24 0 -25 -1 -26 -1 -26 -1 -27]
,,,-80,0,0,0,0,0,0,0,0,0,0,-92,0,6,1723325475575,0,0,0,0,1723325475575,124,[-24 7 -25 7 -23 8 -24 8 -24 8 -24 8 -24 8 -23 8 -22 8 -22 9 -21 9 -20 9 -21 9 -20 9 -20 9 -19 8 -18 8 -18 6 -17 6 -17 6 -16 4 -15 4 -14 4 -14 3 -13 2 0 0 0 0 0 0 0 0 0 0 0 0 0 0 0 0 0 0 0 0 0 0 0 2 -1 3 -3 3 -4 3 -5 4 -6 4 -7 4 -9 4 -10 5 -12 4 -14 4 -15 4 -17 4 -17 3 -18 3 -18 2 -19 2 -19 2 -20 3 -20 3 -21 3 -22 4 -22 4 -23 5 -23 6 -24 6]
,,,-80,0,0,0,0,0,0,0,0,0,0,-92,0,6,1723325475594,0,0,0,0,1723325475594,124,[-37 -6 -37 -6 -36 -6 -36 -6 -37 -6 -36 -6 -37 -6 -35 -4 -35 -4 -35 -3 -34 -2 -33 -1 -33 -1 -32 -1 -31 -1 -31 -2 -29 -3 -29 -3 -27 -4 -25 -5 -24 -5 -23 -4 -21 -4 -20 -5 -19 -6 0 0 0 0 0 0 0 0 0 0 0 0 0 0 0 0 0 0 0 0 0 0 -3 3 -4 3 -6 3 -8 3 -10 3 -11 2 -13 1 -15 0 -17 -1 -20 -2 -22 -3 -23 -5 -25 -6 -25 -7 -25 -8 -26 -9 -26 -9 -27 -10 -29 -10 -30 -10 -30 -10 -31 -10 -32 -10 -34 -9 -35 -9 -35 -9]
,,,-80,0,0,0,0,0,0,0,0,0,0,-92,0,6,1723325475614,0,0,0,0,1723325475614,124,[-33 -17 -33 -17 -33 -17 -33 -15 -34 -15 -34 -15 -33 -15 -33 -14 -33 -14 -32 -13 -33 -12 -31 -12 -32 -11 -31 -11 -30 -11 -29 -11 -28 -11 -27 -11 -25 -11 -24 -11 -22 -11 -20 -11 -19 -10 -18 -10 -17 -11 0 0 0 0 0 0 0 0 0 0 0 0 0 0 0 0 0 0 0 0 0 0 -3 2 -5 2 -7 1 -9 1 -10 0 -11 -1 -13 -2 -15 -4 -16 -6 -19 -7 -20 -9 -21 -11 -21 -13 -22 -14 -22 -15 -23 -17 -23 -17 -23 -18 -25 -17 -25 -17 -26 -17 -28 -17 -29 -18 -30 -17 -31 -18 -31 -18]
,,,-80,0,0,0,0,0,0,0,0,0,0,-92,0,6,1723325475651,0,0,0,0,1723325475651,124,[32 -18 31 -18 32 -18 31 -19 31 -18 31 -19 31 -19 29 -18 29 -19 28 -20 28 -20 26 -19 26 -19 25 -20 25 -19 25 -18 23 -17 23 -16 22 -14 22 -13 20 -12 20 -11 18 -10 18 -9 17 -7 0 0 0 0 0 0 0 0 0 0 0 0 0 0 0 0 0 0 0 0 0 0 -1 -5 0 -6 2 -7 3 -7 4 -8 6 -9 9 -9 11 -10 13 -11 15 -10 17 -11 19 -10 22 -10 23 -10 24 -9 25 -10 25 -9 26 -10 27 -10 28 -11 29 -11 30 -12 30 -12 31 -14 31 -15 32 -15]
,,,-80,0,0,0,0,0,0,0,0,0,0,-92,0,6,1723325475663,0,0,0,0,1723325475663,124,[13 31 14 33 15 32 15 32 15 32 15 32 15 31 16 30 16 29 17 29 17 27 17 26 17 26 16 25 17 26 15 25 15 25 13 24 12 23 11 22 13 10 21 9 19 9 19 7 17 6 17 0 0 0 0 0 0 0 0 0 0 0 0 0 0 0 0 0 0 0 0 0 0 4 0 5 1 5 1 6 3 6 5 7 7 7 13 10 7 11 8 14 8 15 8 19 8 21 8 22 7 23 7 24 6 25 6 27 6 25 7 28 7 28 8 29 8 29 13 10 29 11 30 12]
,,,-80,0,0,0,0,0,0,0,0,0,0,-92,0,6,1723325475675,0,0,0,0,1723325475675,124,[33 -14 33 -14 33 -15 33 -15 33 -16 32 -16 32 -16 31 -16 30 -17 30 -17 29 -17 27 -17 27 -17 27 -16 26 -17 26 -16 25 -15 24 -14 23 -13 23 -12 20 -10 20 -10 19 -9 18 -8 17 -7 0 0 0 0 0 0 0 0 0 0 0 0 0 0 0 0 0 0 0 0 0 0 -1 -5 1 -6 2 -6 4 -7 6 -8 8 -8 13 10 -9 11 -9 14 -9 17 -9 19 -9 21 -8 23 -7 23 -6 25 -6 26 -6 26 -6 27 -6 28 -7 29 -8 30 -8 30 -9 31 -10 32 -11 32 -11 33]
,,,-80,0,0,0,0,0,0,0,0,0,0,-92,0,6,1723325475694,0,0,0,0,1723325475694,124,[36 -1 35 -1 36 -1 36 -2 37 -2 36 -3 35 -2 34 -3 35 -3 33 -4 33 -4 32 -5 31 -5 31 -5 30 -4 31 -3 29 -3 28 -3 26 -2 25 -1 23 -1 22 0 21 0 20 1 19 1 0 0 0 0 0 0 0 0 0 0 0 0 0 0 0 0 0 0 0 0 0 0 1 -5 2 -5 4 -5 6 -6 8 -5 9 -5 12 -5 14 -4 16 -3 19 -3 20 -2 22 0 24 0 24 1 25 2 26 3 26 3 27 3 29 3 29 3 31 2 31 2 33 2 34 1 34 1 35 1]
,,,-80,0,0,0,0,0,0,0,0,0,0,-92,0,6,1723325475716,0,0,0,0,1723325475716,124,[-20 -19 -21 -20 -20 -19 -21 -20 -20 -19 -21 -19 -20 -19 -21 -19 -20 -18 -21 -18 -20 -16 -20 -16 -21 -16 -19 -15 -20 -15 -18 -15 -18 -15 -17 -15 -16 -14 -15 -14 -13 -14 -12 -13 -12 -12 -11 -12 -9 -12 0 0 0 0 0 0 0 0 0 0 0 0 0 0 0 0 0 0 0 0 0 0 -4 1 -5 0 -5 0 -7 -1 -7 -2 -8 -4 -9 -5 -10 -6 -11 -7 -12 -9 -12 -11 -12 -13 -13 -13 -13 -14 -13 -16 -13 -17 -14 -17 -13 -17 -14 -18 -14 -18 -15 -19 -16 -18 -17 -19 -18 -20 -19 -19 -19 -21]
,,,-80,0,0,0,0,0,0,0,0,0,0,-92,0,6,1723325475737,0,0,0,0,1723325475737,124,[9 25 9 25 13 10 26 9 25 13 10 25 13 10 25 13 10 25 13 10 24 13 10 24 11 23 11 22 13 10 21 11 21 11 21 11 21 13 10 21 9 20 8 19 8 18 7 18 6 16 5 16 5 15 4 14 3 14 0 0 0 0 0 0 0 0 0 0 0 0 0 0 0 0 0 0 0 0 0 0 3 0 4 1 4 2 4 3 5 4 5 6 5 8 5 9 6 11 6 12 5 15 5 16 4 17 4 18 4 18 3 20 3 20 3 21 4 21 4 21 4 22 5 23]
,,,-80,0,0,0,0,0,0,0,0,0,0,-92,0,6,1723325475754,0,0,0,0,1723325475754,124,[16 18 16 19 16 18 17 18 17 17 17 17 16 17 16 16 16 16 17 16 16 15 16 15 16 14 15 14 16 14 15 14 14 14 13 13 12 13 11 13 13 10 12 13 10 11 9 11 8 13 10 7 13 10 0 0 0 0 0 0 0 0 0 0 0 0 0 0 0 0 0 0 0 0 0 0 2 -2 3 0 4 0 5 0 6 1 6 3 7 4 8 5 8 7 9 8 9 13 10 9 11 13 10 12 9 13 13 10 14 9 15 9 16 9 16 13 10 16 11 16 11 17 12 17]
,,,-80,0,0,0,0,0,0,0,0,0,0,-92,0,6,1723325475774,0,0,0,0,1723325475774,124,[7 25 7 26 8 26 8 26 8 25 9 25 9 25 9 25 9 24 9 24 9 22 9 22 9 22 9 22 9 22 8 21 8 20 7 20 6 19 6 18 4 17 4 16 3 15 3 14 2 14 0 0 0 0 0 0 0 0 0 0 0 0 0 0 0 0 0 0 0 0 0 0 3 0 4 1 4 2 4 3 5 4 5 6 5 8 6 9 6 11 6 12 5 15 5 16 4 17 3 18 3 18 2 19 3 20 3 20 4 21 4 22 4 22 5 23 5 24 6 25 6 25 7 26]
,,,-80,0,0,0,0,0,0,0,0,0,0,-92,0,6,1723325475796,0,0,0,0,1723325475796,124,[17 -21 17 -22 17 -21 17 -22 17 -22 16 -22 17 -22 15 -22 15 -22 14 -23 14 -22 13 -21 13 -22 12 -20 12 -21 12 -19 12 -19 12 -18 11 -17 11 -16 11 -14 13 10 -13 13 10 -13 13 10 -12 13 10 -11 0 0 0 0 0 0 0 0 0 0 0 0 0 0 0 0 0 0 0 0 0 0 -2 -3 -2 -4 0 -5 0 -6 1 -7 2 -8 3 -9 5 -10 6 -11 8 -12 9 -13 11 -13 13 -13 13 -13 14 -13 15 -13 15 -13 15 -14 16 -16 17 -15 17 -16 17 -17 17 -17 17 -19]
,,,-80,0,0,0,0,0,0,0,0,0,0,-92,0,6,1723325475838,0,0,0,0,1723325475838,124,[-9 -26 -9 -27 -10 -26 -10 -26 -11 -26 -11 -26 -11 -26 -11 -25 -11 -25 -11 -24 -11 -23 -11 -22 -12 -23 -11 -22 -11 -22 -10 -21 -9 -21 -9 -20 -8 -19 -8 -19 -6 -17 -6 -17 -5 -16 -4 -15 -4 -15 0 0 0 0 0 0 0 0 0 0 0 0 0 0 0 0 0 0 0 0 0 0 -4 -1 -5 -2 -4 -3 -5 -4 -6 -5 -6 -7 -7 -8 -7 -10 -7 -11 -6 -13 -6 -15 -6 -17 -5 -18 -4 -19 -4 -19 -4 -20 -4 -21 -4 -21 -5 -22 -5 -22 -6 -23 -6 -24 -7 -25 -7 -25 -7 -26 -8 -27]
,,,-80,0,0,0,0,0,0,0,0,0,0,-92,0,6,1723325475849,0,0,0,0,1723325475849,124,[-8 -27 -8 -26 -9 -27 -8 -27 -10 -27 -10 -26 -9 -26 -10 -25 -11 -26 -11 -25 -11 -24 -11 -23 -11 -22 -11 -23 -11 -22 -11 -22 -9 -21 -9 -20 -8 -19 -8 -19 -6 -17 -6 -17 -5 -16 -5 -15 -4 -14 0 0 0 0 0 0 0 0 0 0 0 0 0 0 0 0 0 0 0 0 0 0 -5 -1 -4 -2 -5 -4 -5 -4 -5 -6 -6 -7 -6 -9 -6 -10 -6 -12 -6 -14 -5 -16 -5 -18 -4 -18 -3 -19 -3 -19 -3 -21 -3 -20 -3 -22 -4 -22 -4 -22 -4 -24 -5 -24 -5 -25 -6 -26 -6 -26 -7 -26]
,,,-80,0,0,0,0,0,0,0,0,0,0,-92,0,6,1723325475873,0,0,0,0,1723325475873,124,[15 22 15 23 16 22 16 22 16 22 16 21 16 21 16 20 16 20 17 19 17 18 16 17 16 18 15 17 16 18 15 17 14 17 13 17 11 16 11 15 13 10 14 9 14 9 13 8 12 6 12 0 0 0 0 0 0 0 0 0 0 0 0 0 0 0 0 0 0 0 0 0 0 3 -1 4 0 4 0 5 1 6 2 6 4 7 6 8 7 8 9 9 13 10 9 12 9 14 9 14 9 16 8 16 8 17 8 18 9 18 13 10 19 13 10 20 13 10 20 12 20 11 21 14]
,,,-80,0,0,0,0,0,0,0,0,0,0,-92,0,6,1723325475885,0,0,0,0,1723325475885,124,[11 -26 11 -25 11 -26 11 -26 13 10 -26 13 10 -26 13 10 -26 8 -25 9 -26 8 -25 7 -24 7 -24 6 -24 6 -24 6 -23 6 -23 6 -21 6 -22 6 -20 6 -19 6 -17 6 -16 6 -15 6 -14 6 -13 0 0 0 0 0 0 0 0 0 0 0 0 0 0 0 0 0 0 0 0 0 0 -3 -3 -2 -4 -2 -5 -1 -6 0 -8 0 -9 1 -10 2 -11 4 -12 5 -14 7 -15 8 -15 9 -16 11 -16 11 -16 12 -17 11 -17 12 -18 12 -18 12 -19 12 -20 12 -21 13 -21 13 -23 13]
,,,-80,0,0,0,0,0,0,0,0,0,0,-92,0,6,1723325475959,0,0,0,0,1723325475959,124,[26 2 27 2 26 2 27 1 27 2 27 1 26 1 25 1 25 0 25 -1 25 -1 23 -1 23 -1 23 -1 23 -1 23 0 22 0 21 0 20 1 18 1 17 1 16 2 16 2 15 2 14 3 0 0 0 0 0 0 0 0 0 0 0 0 0 0 0 0 0 0 0 0 0 0 0 -3 2 -4 3 -4 4 -4 6 -4 7 -4 9 -3 13 10 -3 12 -2 14 -1 15 0 16 1 18 1 18 2 18 3 18 4 19 4 20 4 21 4 22 4 22 4 23 3 23 4 25 3 26 3 26]
,,,-80,0,0,0,0,0,0,0,0,0,0,-92,0,6,1723325475971,0,0,0,0,1723325475971,124,[-33 -17 -32 -18 -32 -18 -32 -17 -32 -16 -32 -16 -33 -16 -32 -15 -33 -16 -31 -14 -31 -14 -30 -12 -30 -13 -30 -12 -29 -12 -29 -12 -27 -12 -25 -11 -24 -12 -23 -11 -21 -11 -20 -12 -19 -11 -17 -11 -16 -11 0 0 0 0 0 0 0 0 0 0 0 0 0 0 0 0 0 0 0 0 0 0 -4 2 -5 2 -7 1 -8 0 -10 -1 -11 -2 -12 -3 -14 -5 -16 -6 -19 -8 -19 -10 -19 -12 -21 -14 -20 -15 -21 -16 -21 -17 -21 -17 -22 -18 -23 -18 -24 -17 -25 -18 -26 -18 -27 -19 -28 -18 -30 -19 -30 -19]
,,,-80,0,0,0,0,0,0,0,0,0,0,-92,0,6,1723325475999,0,0,0,0,1723325475999,124,[-25 12 -25 11 -25 12 -25 12 -25 12 -25 12 -25 12 -23 12 -23 12 -22 13 -22 13 -21 12 -21 13 -21 13 -20 12 -20 11 -19 11 -19 13 10 -18 9 -18 8 -16 7 -16 7 -15 6 -14 6 -14 4 0 0 0 0 0 0 0 0 0 0 0 0 0 0 0 0 0 0 0 0 0 0 0 3 -1 3 -2 4 -4 5 -4 5 -6 5 -7 6 -9 6 -11 7 -12 7 -14 7 -16 7 -17 6 -18 6 -19 5 -19 5 -20 5 -20 5 -21 6 -22 6 -22 6 -23 7 -23 7 -24 9 -24 13 10]
,,,-80,0,0,0,0,0,0,0,0,0,0,-92,0,6,1723325476014,0,0,0,0,1723325476014,124,[14 -33 14 -34 13 -33 14 -34 13 -34 14 -34 13 -34 12 -33 11 -33 13 10 -34 9 -32 9 -32 8 -32 8 -30 9 -31 8 -29 9 -29 9 -27 13 10 -26 9 -24 9 -22 8 -21 8 -20 9 -19 9 -17 0 0 0 0 0 0 0 0 0 0 0 0 0 0 0 0 0 0 0 0 0 0 -4 -4 -4 -5 -3 -6 -2 -8 -2 -9 0 -12 0 -14 2 -16 4 -17 5 -18 7 -20 8 -21 13 10 -22 11 -22 13 -23 14 -23 14 -24 14 -24 15 -25 15 -26 15 -27 16 -28 15 -29 15 -30 15]
,,,-80,0,0,0,0,0,0,0,0,0,0,-92,0,6,1723325476040,0,0,0,0,1723325476040,124,[-23 -29 -23 -29 -23 -30 -24 -29 -24 -28 -25 -28 -24 -27 -24 -27 -24 -27 -24 -26 -24 -25 -24 -24 -24 -23 -23 -23 -23 -23 -22 -22 -21 -22 -20 -21 -18 -20 -17 -20 -16 -19 -15 -18 -13 -17 -12 -16 -11 -16 0 0 0 0 0 0 0 0 0 0 0 0 0 0 0 0 0 0 0 0 0 0 -5 1 -6 -1 -7 -2 -8 -3 -9 -4 -10 -6 -11 -9 -12 -10 -12 -12 -14 -15 -13 -18 -13 -19 -14 -21 -14 -22 -12 -23 -13 -25 -13 -25 -13 -26 -14 -26 -15 -26 -16 -27 -17 -27 -17 -29 -19 -29 -20 -29 -20 -30]
,,,-80,0,0,0,0,0,0,0,0,0,0,-92,0,6,1723325476058,0,0,0,0,1723325476058,124,[-10 -26 -11 -27 -10 -26 -11 -26 -11 -26 -11 -26 -11 -26 -12 -25 -12 -24 -13 -24 -13 -23 -12 -22 -13 -22 -12 -21 -13 -22 -12 -20 -11 -20 -11 -19 -9 -19 -9 -18 -8 -17 -7 -16 -7 -15 -6 -15 -5 -14 0 0 0 0 0 0 0 0 0 0 0 0 0 0 0 0 0 0 0 0 0 0 -4 -1 -5 -2 -5 -3 -5 -4 -5 -5 -6 -7 -6 -8 -6 -10 -7 -12 -6 -14 -6 -16 -5 -17 -5 -17 -4 -19 -4 -20 -5 -20 -5 -21 -4 -21 -5 -22 -5 -22 -5 -23 -6 -24 -6 -24 -7 -25 -8 -25 -8 -27]
,,,-80,0,0,0,0,0,0,0,0,0,0,-92,0,6,1723325476075,0,0,0,0,1723325476075,124,[-7 -27 -8 -28 -7 -27 -8 -27 -8 -27 -8 -27 -8 -27 -8 -26 -8 -26 -9 -25 -10 -24 -9 -24 -10 -24 -9 -23 -9 -23 -8 -22 -8 -22 -7 -21 -6 -20 -6 -19 -4 -18 -4 -17 -4 -16 -3 -15 -2 -15 0 0 0 0 0 0 0 0 0 0 0 0 0 0 0 0 0 0 0 0 0 0 -4 -1 -4 -2 -5 -3 -5 -4 -5 -5 -6 -7 -6 -8 -6 -10 -6 -12 -5 -13 -5 -16 -4 -17 -4 -18 -3 -19 -3 -20 -3 -21 -3 -21 -3 -21 -3 -22 -3 -22 -4 -23 -4 -24 -4 -24 -5 -25 -5 -26 -6 -27]
,,,-80,0,0,0,0,0,0,0,0,0,0,-92,0,6,1723325476101,0,0,0,0,1723325476101,124,[-18 -17 -19 -17 -18 -17 -19 -17 -19 -17 -19 -17 -18 -17 -18 -16 -19 -16 -19 -15 -19 -14 -18 -13 -18 -14 -18 -13 -18 -13 -17 -13 -16 -13 -15 -13 -14 -13 -13 -13 -12 -12 -11 -11 -11 -10 -10 -10 -9 -10 0 0 0 0 0 0 0 0 0 0 0 0 0 0 0 0 0 0 0 0 0 0 -3 1 -4 0 -5 0 -6 -1 -7 -2 -7 -3 -9 -4 -9 -5 -10 -7 -11 -7 -11 -10 -11 -11 -12 -11 -12 -13 -12 -14 -12 -15 -12 -15 -12 -15 -13 -16 -13 -16 -14 -17 -14 -17 -15 -17 -16 -16 -17 -17 -17 -18]
,,,-80,0,0,0,0,0,0,0,0,0,0,-92,0,6,1723325476114,0,0,0,0,1723325476114,124,[23 4 25 4 23 3 24 2 24 2 24 2 24 2 23 1 23 1 23 1 22 1 21 0 21 0 21 0 21 0 20 0 20 1 18 0 17 1 17 1 15 2 14 2 14 2 13 2 12 3 0 0 0 0 0 0 0 0 0 0 0 0 0 0 0 0 0 0 0 0 0 0 1 -3 2 -3 3 -3 4 -3 5 -3 6 -2 8 -2 9 -1 13 10 0 12 0 13 1 14 3 15 4 16 4 17 5 16 5 17 5 17 5 19 5 19 5 20 5 20 5 20 5 22 5 22 5 23]
,,,-80,0,0,0,0,0,0,0,0,0,0,-92,0,6,1723325476135,0,0,0,0,1723325476135,124,[-13 -24 -14 -25 -14 -24 -14 -24 -15 -24 -15 -24 -14 -23 -15 -23 -15 -22 -15 -22 -15 -21 -15 -20 -15 -20 -14 -19 -14 -20 -14 -19 -12 -18 -12 -19 -11 -18 -10 -17 -9 -16 -9 -15 -8 -14 -7 -14 -6 -13 0 0 0 0 0 0 0 0 0 0 0 0 0 0 0 0 0 0 0 0 0 0 -4 -1 -4 -1 -5 -2 -6 -3 -6 -4 -7 -6 -7 -7 -8 -9 -8 -10 -8 -12 -9 -14 -8 -16 -8 -17 -7 -17 -7 -18 -7 -20 -7 -20 -7 -20 -8 -21 -9 -21 -9 -22 -10 -22 -10 -22 -11 -23 -11 -24 -12 -25]
,,,-80,0,0,0,0,0,0,0,0,0,0,-92,0,6,1723325476158,0,0,0,0,1723325476158,124,[-6 -28 -6 -28 -5 -28 -6 -28 -6 -28 -7 -28 -6 -27 -7 -26 -7 -26 -8 -26 -8 -25 -8 -24 -8 -25 -8 -24 -8 -24 -7 -23 -7 -23 -6 -22 -5 -20 -5 -20 -4 -18 -3 -17 -3 -17 -2 -16 -2 -15 0 0 0 0 0 0 0 0 0 0 0 0 0 0 0 0 0 0 0 0 0 0 -4 -1 -4 -2 -4 -3 -5 -4 -5 -6 -5 -8 -5 -9 -5 -11 -5 -13 -4 -14 -4 -16 -3 -18 -2 -18 -2 -19 -1 -20 -1 -21 -1 -21 -1 -22 -1 -23 -2 -23 -1 -24 -2 -24 -3 -25 -3 -26 -3 -26 -4 -27]
,,,-80,0,0,0,0,0,0,0,0,0,0,-92,0,6,1723325476174,0,0,0,0,1723325476174,124,[26 9 26 13 10 25 13 10 26 8 26 9 26 8 26 8 25 8 25 7 25 6 24 6 23 6 23 5 23 5 22 5 22 6 20 6 20 6 19 6 18 6 16 6 15 6 14 5 14 5 13 6 0 0 0 0 0 0 0 0 0 0 0 0 0 0 0 0 0 0 0 0 0 0 1 -3 2 -3 4 -3 5 -2 7 -1 7 -1 13 10 0 11 1 12 2 14 3 15 4 15 6 17 6 17 7 17 9 17 9 17 13 10 18 13 10 19 9 19 13 10 21 11 21 13 10 22]
,,,-80,0,0,0,0,0,0,0,0,0,0,-92,0,6,1723325476197,0,0,0,0,1723325476197,124,[18 -20 18 -21 17 -21 18 -21 18 -21 18 -21 18 -21 16 -21 16 -21 15 -21 15 -21 13 -20 14 -20 13 -20 13 -20 13 -19 13 -18 13 -17 13 -15 12 -15 11 -14 11 -12 11 -12 13 10 -11 13 10 -10 0 0 0 0 0 0 0 0 0 0 0 0 0 0 0 0 0 0 0 0 0 0 -2 -3 -2 -4 -1 -5 0 -6 1 -7 2 -8 3 -9 5 -10 6 -11 8 -12 9 -12 11 -13 13 -13 13 -13 14 -12 15 -13 15 -13 15 -13 17 -14 17 -15 17 -15 18 -16 17 -17 18 -18 18 -18]
,,,-80,0,0,0,0,0,0,0,0,0,0,-92,0,6,1723325476214,0,0,0,0,1723325476214,124,[-11 25 -11 27 -10 25 -11 27 -10 26 -10 26 -9 25 -8 25 -8 25 -8 25 -7 24 -7 24 -7 24 -6 23 -6 24 -6 21 -6 22 -7 20 -7 19 -7 18 -6 16 -6 15 -7 14 -7 14 -7 13 0 0 0 0 0 0 0 0 0 0 0 0 0 0 0 0 0 0 0 0 0 0 2 2 2 3 1 4 1 5 0 6 0 8 -1 13 10 -2 11 -3 12 -4 13 -5 15 -7 15 -8 16 -9 16 -10 17 -10 17 -11 18 -10 18 -12 19 -11 20 -12 20 -11 21 -11 21 -12 23 -12 24 -11]
,,,-80,0,0,0,0,0,0,0,0,0,0,-92,0,6,1723325476235,0,0,0,0,1723325476235,124,[13 20 14 20 14 20 15 19 15 19 15 19 14 19 14 19 14 18 14 17 14 17 14 16 14 16 13 16 13 16 13 16 12 15 12 14 13 10 14 13 10 14 9 13 8 12 8 12 6 11 6 11 0 0 0 0 0 0 0 0 0 0 0 0 0 0 0 0 0 0 0 0 0 0 2 -1 3 0 4 0 4 1 5 2 6 4 6 5 7 6 8 8 8 9 9 13 10 8 12 8 13 8 14 8 15 7 16 8 16 8 16 9 17 9 17 9 17 13 10 18 13 10 19 11]
,,,-80,0,0,0,0,0,0,0,0,0,0,-92,0,6,1723325476261,0,0,0,0,1723325476261,124,[-3 -25 -3 -26 -3 -25 -3 -26 -4 -25 -5 -25 -4 -24 -5 -24 -4 -24 -5 -24 -5 -23 -5 -22 -6 -23 -6 -21 -6 -22 -5 -20 -5 -21 -5 -19 -4 -19 -3 -18 -3 -16 -2 -15 -2 -15 -1 -14 -1 -14 0 0 0 0 0 0 0 0 0 0 0 0 0 0 0 0 0 0 0 0 0 0 -4 -1 -4 -2 -4 -3 -4 -4 -3 -6 -4 -7 -4 -9 -4 -10 -4 -11 -3 -13 -3 -14 -1 -16 0 -17 0 -17 0 -18 0 -18 1 -19 0 -19 1 -21 0 -21 0 -21 -1 -22 -1 -22 -1 -23 -1 -24 -2 -25]
,,,-80,0,0,0,0,0,0,0,0,0,0,-92,0,6,1723325476282,0,0,0,0,1723325476282,124,[-4 -27 -4 -28 -5 -28 -5 -28 -5 -27 -5 -28 -5 -27 -5 -27 -6 -27 -7 -26 -7 -25 -7 -25 -7 -25 -6 -24 -6 -24 -6 -23 -5 -22 -5 -21 -4 -21 -3 -19 -3 -18 -2 -17 -2 -16 -2 -16 -1 -15 0 0 0 0 0 0 0 0 0 0 0 0 0 0 0 0 0 0 0 0 0 0 -4 -1 -4 -2 -4 -3 -5 -5 -5 -6 -5 -7 -5 -9 -4 -11 -5 -13 -5 -14 -4 -16 -3 -17 -2 -18 -2 -19 -1 -20 -1 -21 0 -21 -1 -21 -1 -22 0 -23 -1 -24 -1 -24 -2 -25 -3 -25 -3 -26 -3 -28]
,,,-80,0,0,0,0,0,0,0,0,0,0,-92,0,6,1723325476296,0,0,0,0,1723325476296,124,[-34 17 -33 17 -33 18 -33 18 -33 18 -32 18 -31 18 -30 19 -30 18 -30 18 -29 18 -28 18 -27 18 -26 19 -25 18 -26 17 -24 17 -24 15 -23 14 -22 13 -21 12 -21 13 10 -20 9 -18 8 -18 7 0 0 0 0 0 0 0 0 0 0 0 0 0 0 0 0 0 0 0 0 0 0 0 4 -1 5 -3 6 -4 6 -6 7 -7 8 -9 9 -12 9 -14 13 10 -17 13 10 -19 13 10 -21 9 -24 8 -24 8 -26 7 -26 8 -26 8 -27 8 -28 8 -28 13 10 -30 13 10 -31 12 -30 11]
,,,-80,0,0,0,0,0,0,0,0,0,0,-92,0,6,1723325476314,0,0,0,0,1723325476314,124,[-9 35 -8 35 -7 35 -7 36 -7 36 -6 35 -6 35 -6 34 -5 34 -4 34 -4 33 -3 32 -3 32 -1 31 -2 31 -2 29 -3 30 -3 28 -3 27 -4 25 -4 23 -4 21 -4 20 -5 19 -5 18 0 0 0 0 0 0 0 0 0 0 0 0 0 0 0 0 0 0 0 0 0 0 4 3 3 4 2 5 2 7 2 8 1 11 0 13 -1 15 -2 16 -3 18 -5 21 -7 21 -8 23 -10 23 -11 23 -11 24 -12 25 -12 25 -11 26 -11 27 -12 28 -11 29 -11 30 -11 32 -10 32 -11 34]
,,,-80,0,0,0,0,0,0,0,0,0,0,-92,0,6,1723325476335,0,0,0,0,1723325476335,124,[-22 -12 -23 -12 -22 -11 -23 -11 -23 -11 -23 -11 -22 -11 -22 -11 -22 -10 -22 -9 -22 -8 -21 -8 -22 -8 -21 -7 -21 -8 -20 -8 -19 -8 -18 -8 -17 -8 -16 -8 -15 -8 -14 -7 -13 -7 -12 -7 -11 -7 0 0 0 0 0 0 0 0 0 0 0 0 0 0 0 0 0 0 0 0 0 0 -2 1 -3 1 -5 0 -6 0 -6 0 -8 -1 -9 -2 -10 -3 -11 -4 -13 -5 -13 -7 -14 -8 -14 -9 -15 -9 -15 -11 -15 -12 -16 -12 -15 -12 -16 -12 -17 -12 -18 -12 -18 -12 -19 -12 -20 -12 -21 -12 -21 -13]
,,,-80,0,0,0,0,0,0,0,0,0,0,-92,0,6,1723325476354,0,0,0,0,1723325476354,124,[-8 22 -9 23 -9 23 -9 23 -8 23 -9 23 -8 23 -7 22 -7 22 -6 22 -6 21 -6 21 -6 22 -5 20 -6 21 -5 19 -6 20 -6 18 -6 17 -7 16 -6 14 -6 13 -6 13 -6 12 -6 11 0 0 0 0 0 0 0 0 0 0 0 0 0 0 0 0 0 0 0 0 0 0 2 1 2 3 1 3 1 4 1 5 0 7 -1 8 -1 13 10 -2 11 -3 12 -4 13 -5 14 -6 15 -7 15 -8 15 -8 15 -9 16 -9 16 -9 17 -10 18 -10 18 -9 19 -10 19 -9 20 -9 21 -9]
,,,-80,0,0,0,0,0,0,0,0,0,0,-92,0,6,1723325476375,0,0,0,0,1723325476375,124,[21 -11 22 -11 21 -12 22 -12 21 -13 21 -13 21 -12 20 -12 20 -13 19 -13 18 -13 18 -13 18 -13 17 -13 17 -13 17 -12 16 -11 16 -11 15 -10 14 -10 14 -8 13 -8 12 -7 12 -6 11 -6 0 0 0 0 0 0 0 0 0 0 0 0 0 0 0 0 0 0 0 0 0 0 -1 -3 0 -4 1 -5 2 -5 3 -6 4 -6 6 -6 7 -7 8 -7 13 10 -7 12 -7 14 -7 15 -6 15 -6 16 -6 17 -6 17 -5 17 -5 18 -7 18 -7 19 -7 20 -8 20 -8 21 -9 21 -9 22]
,,,-80,0,0,0,0,0,0,0,0,0,0,-92,0,6,1723325476398,0,0,0,0,1723325476398,124,[21 12 21 12 21 12 21 11 22 11 22 13 10 21 13 10 21 13 10 21 13 10 21 13 10 20 9 20 9 20 8 20 8 20 7 19 8 18 8 17 7 16 7 15 7 14 7 13 8 11 7 11 7 13 10 7 0 0 0 0 0 0 0 0 0 0 0 0 0 0 0 0 0 0 0 0 0 0 2 -2 3 -2 4 -2 5 -1 6 -1 7 1 8 1 9 2 13 10 3 11 5 12 7 13 8 13 9 13 13 10 13 13 10 13 11 14 11 14 12 15 11 16 11 16 11 17]
,,,-80,0,0,0,0,0,0,0,0,0,0,-92,0,6,1723325476415,0,0,0,0,1723325476415,124,[14 23 13 23 14 23 14 23 15 22 15 22 15 22 15 21 15 21 15 20 15 19 15 19 15 19 15 18 14 18 14 18 13 17 12 17 11 16 13 10 15 9 14 9 14 8 13 7 12 6 12 0 0 0 0 0 0 0 0 0 0 0 0 0 0 0 0 0 0 0 0 0 0 3 -1 3 0 4 1 5 1 5 3 6 4 6 6 7 8 7 13 10 8 11 8 13 7 15 7 16 7 17 6 17 6 18 6 19 7 19 7 19 8 20 9 21 13 10 21 13 10 22 11 22]
,,,-80,0,0,0,0,0,0,0,0,0,0,-92,0,6,1723325476460,0,0,0,0,1723325476460,124,[-17 -18 -18 -19 -17 -18 -18 -18 -18 -18 -18 -18 -17 -18 -18 -17 -18 -17 -17 -16 -17 -15 -17 -15 -18 -14 -17 -14 -17 -15 -16 -14 -16 -14 -15 -13 -13 -13 -13 -13 -12 -12 -11 -12 -10 -11 -9 -11 -8 -11 0 0 0 0 0 0 0 0 0 0 0 0 0 0 0 0 0 0 0 0 0 0 -3 1 -4 0 -5 -1 -6 -1 -6 -2 -8 -4 -8 -5 -8 -7 -9 -8 -9 -9 -10 -11 -10 -13 -10 -13 -10 -14 -10 -15 -10 -16 -10 -17 -11 -16 -12 -17 -11 -17 -12 -17 -13 -18 -13 -18 -14 -18 -15 -19 -15 -20]
,,,-80,0,0,0,0,0,0,0,0,0,0,-92,0,6,1723325476476,0,0,0,0,1723325476476,124,[-19 15 -20 15 -19 15 -19 15 -19 15 -18 16 -18 15 -18 15 -17 15 -16 16 -16 16 -15 16 -15 15 -15 15 -14 15 -14 15 -14 14 -14 13 -13 12 -13 11 -12 13 10 -12 9 -11 9 -11 8 -11 7 0 0 0 0 0 0 0 0 0 0 0 0 0 0 0 0 0 0 0 0 0 0 1 2 0 3 -1 4 -2 4 -3 5 -4 6 -5 7 -7 7 -8 8 -10 8 -10 8 -12 9 -14 9 -15 8 -15 8 -17 8 -17 8 -17 8 -17 9 -18 9 -18 13 10 -18 13 10 -19 11 -19 13 -20]
,,,-80,0,0,0,0,0,0,0,0,0,0,-92,0,6,1723325476494,0,0,0,0,1723325476494,124,[-9 23 -9 24 -8 23 -8 23 -7 24 -6 24 -6 23 -6 23 -6 22 -6 22 -6 21 -5 21 -4 21 -5 21 -4 20 -5 19 -4 19 -5 18 -5 17 -4 17 -5 15 -5 14 -5 13 -5 12 -5 11 0 0 0 0 0 0 0 0 0 0 0 0 0 0 0 0 0 0 0 0 0 0 2 1 2 2 1 3 1 4 1 5 0 7 -1 9 -1 9 -2 11 -3 12 -4 14 -6 14 -7 14 -8 15 -8 15 -9 15 -9 16 -9 16 -10 17 -9 18 -9 18 -9 19 -9 19 -10 21 -9 21 -9 22]
,,,-80,0,0,0,0,0,0,0,0,0,0,-92,0,6,1723325476514,0,0,0,0,1723325476514,124,[-16 -19 -16 -20 -16 -20 -17 -19 -17 -19 -17 -19 -17 -19 -16 -18 -17 -18 -17 -17 -17 -16 -17 -16 -17 -16 -16 -15 -16 -16 -15 -14 -15 -14 -13 -14 -12 -14 -12 -14 -11 -13 -10 -12 -10 -12 -9 -11 -8 -12 0 0 0 0 0 0 0 0 0 0 0 0 0 0 0 0 0 0 0 0 0 0 -3 0 -4 -1 -5 -1 -6 -2 -6 -3 -7 -4 -8 -5 -8 -7 -8 -8 -9 -9 -10 -11 -10 -13 -10 -14 -10 -15 -9 -16 -9 -17 -9 -17 -9 -17 -11 -17 -11 -17 -12 -18 -12 -19 -12 -19 -14 -19 -14 -19 -15 -20]
,,,-80,0,0,0,0,0,0,0,0,0,0,-92,0,6,1723325476535,0,0,0,0,1723325476535,124,[-13 21 -14 21 -12 21 -13 21 -12 22 -12 22 -12 21 -11 21 -11 21 -11 21 -10 20 -9 19 -9 20 -9 20 -9 20 -8 18 -9 18 -9 17 -8 16 -9 15 -8 13 -8 12 -8 12 -8 11 -8 13 10 0 0 0 0 0 0 0 0 0 0 0 0 0 0 0 0 0 0 0 0 0 0 2 2 1 3 1 3 0 5 -1 6 -1 7 -2 8 -3 9 -4 13 10 -6 11 -7 12 -8 12 -10 13 -10 13 -11 13 -12 13 -12 14 -12 14 -13 15 -13 16 -13 16 -13 17 -13 17 -14 19 -14 19]
,,,-80,0,0,0,0,0,0,0,0,0,0,-92,0,6,1723325476554,0,0,0,0,1723325476554,124,[-5 -24 -5 -25 -6 -24 -6 -25 -6 -24 -7 -25 -6 -24 -7 -24 -7 -23 -7 -23 -8 -22 -8 -22 -8 -22 -7 -21 -7 -21 -7 -20 -6 -19 -6 -19 -5 -18 -5 -17 -4 -16 -4 -15 -3 -15 -2 -14 -2 -14 0 0 0 0 0 0 0 0 0 0 0 0 0 0 0 0 0 0 0 0 0 0 -4 -1 -4 -2 -4 -3 -4 -4 -5 -5 -5 -7 -5 -8 -5 -10 -5 -11 -5 -12 -4 -14 -4 -16 -3 -16 -3 -17 -2 -18 -1 -19 -1 -19 -2 -19 -2 -20 -2 -20 -3 -21 -2 -22 -3 -22 -3 -23 -4 -24 -5 -25]
,,,-80,0,0,0,0,0,0,0,0,0,0,-92,0,6,1723325476574,0,0,0,0,1723325476574,124,[-12 -22 -12 -23 -12 -23 -12 -22 -12 -22 -12 -22 -12 -22 -12 -22 -13 -21 -14 -20 -14 -20 -14 -19 -13 -19 -13 -19 -13 -18 -12 -17 -11 -17 -10 -18 -9 -17 -9 -16 -8 -15 -7 -14 -7 -14 -7 -13 -5 -13 0 0 0 0 0 0 0 0 0 0 0 0 0 0 0 0 0 0 0 0 0 0 -4 0 -4 -1 -5 -2 -5 -2 -6 -3 -6 -5 -7 -6 -7 -8 -7 -10 -8 -11 -8 -13 -8 -14 -8 -15 -8 -16 -7 -16 -7 -18 -7 -18 -7 -18 -7 -19 -7 -19 -8 -20 -8 -21 -9 -21 -10 -21 -11 -22 -11 -23]
,,,-80,0,0,0,0,0,0,0,0,0,0,-92,0,6,1723325476594,0,0,0,0,1723325476594,124,[34 7 36 7 35 6 35 6 36 5 35 5 35 5 34 5 34 3 34 2 33 1 32 0 32 0 32 1 31 1 30 1 28 2 27 2 26 3 25 3 23 4 22 3 20 2 19 3 18 3 0 0 0 0 0 0 0 0 0 0 0 0 0 0 0 0 0 0 0 0 0 0 2 -4 3 -4 6 -4 7 -4 8 -3 13 10 -2 12 -1 14 0 15 2 19 2 20 2 21 5 22 6 24 7 24 8 24 13 10 24 13 10 25 13 10 27 9 27 9 29 13 10 30 9 30 9 33]
,,,-80,0,0,0,0,0,0,0,0,0,0,-92,0,6,1723325476614,0,0,0,0,1723325476614,124,[-8 -24 -9 -25 -9 -24 -9 -24 -9 -23 -9 -23 -10 -23 -10 -23 -10 -22 -10 -22 -10 -21 -10 -21 -10 -20 -10 -20 -10 -20 -10 -19 -9 -19 -9 -18 -8 -17 -8 -17 -7 -16 -6 -15 -5 -14 -5 -14 -4 -13 0 0 0 0 0 0 0 0 0 0 0 0 0 0 0 0 0 0 0 0 0 0 -4 -1 -4 -2 -4 -2 -5 -4 -5 -5 -5 -7 -6 -8 -5 -9 -6 -11 -5 -12 -5 -14 -4 -16 -3 -16 -4 -17 -4 -18 -3 -18 -3 -19 -3 -19 -4 -20 -5 -20 -5 -21 -5 -21 -5 -21 -5 -23 -6 -23 -6 -24]
,,,-80,0,0,0,0,0,0,0,0,0,0,-92,0,6,1723325476637,0,0,0,0,1723325476637,124,[6 26 6 26 7 26 6 26 7 26 7 26 7 25 7 25 7 25 8 24 8 23 8 22 9 23 8 22 8 22 7 21 7 21 6 20 5 19 4 18 4 17 3 16 3 15 2 14 2 14 0 0 0 0 0 0 0 0 0 0 0 0 0 0 0 0 0 0 0 0 0 0 3 0 4 1 4 2 4 3 4 4 4 6 5 8 4 13 10 5 11 5 12 4 15 4 16 3 17 3 18 2 19 1 20 1 20 2 20 2 21 2 22 2 23 3 23 3 24 4 24 4 25 5]
,,,-80,0,0,0,0,0,0,0,0,0,0,-92,0,6,1723325476671,0,0,0,0,1723325476671,124,[18 30 18 30 18 30 18 30 18 29 18 29 19 29 18 28 19 28 19 26 19 25 19 24 19 24 18 23 19 24 17 23 17 23 15 22 14 21 13 21 12 19 11 18 13 10 17 9 16 8 16 0 0 0 0 0 0 0 0 0 0 0 0 0 0 0 0 0 0 0 0 0 0 4 -1 5 0 6 0 7 2 7 4 8 6 9 8 9 11 13 10 13 13 10 14 11 17 13 10 19 13 10 20 13 10 22 9 22 9 24 9 24 9 25 13 10 26 11 26 11 27 12 28 13]
,,,-80,0,0,0,0,0,0,0,0,0,0,-92,0,6,1723325476683,0,0,0,0,1723325476683,124,[26 -6 26 -6 26 -7 26 -7 26 -8 25 -8 26 -8 24 -8 25 -7 24 -8 23 -8 22 -8 22 -9 22 -9 21 -9 22 -8 20 -8 19 -7 19 -6 17 -6 16 -5 16 -4 15 -3 14 -3 14 -2 0 0 0 0 0 0 0 0 0 0 0 0 0 0 0 0 0 0 0 0 0 0 0 -4 1 -4 2 -4 4 -5 5 -5 6 -5 8 -5 9 -5 11 -5 13 -4 15 -3 16 -3 17 -2 18 -2 18 -2 19 -1 20 -1 20 -1 21 -2 21 -3 23 -3 23 -4 24 -3 25 -3 25 -4 25 -4]
,,,-80,0,0,0,0,0,0,0,0,0,0,-92,0,6,1723325476694,0,0,0,0,1723325476694,124,[-17 21 -18 21 -17 21 -17 22 -17 22 -17 21 -16 21 -16 21 -15 21 -14 22 -14 21 -13 21 -13 21 -12 20 -12 20 -12 19 -12 18 -13 18 -12 16 -12 15 -11 13 -11 13 -10 12 -10 11 -10 13 10 0 0 0 0 0 0 0 0 0 0 0 0 0 0 0 0 0 0 0 0 0 0 1 2 1 3 0 4 -1 5 -1 6 -2 8 -4 9 -5 13 10 -7 13 10 -8 11 -10 12 -11 13 -13 13 -13 13 -15 13 -15 13 -16 14 -15 14 -16 15 -17 15 -17 16 -17 17 -17 17 -17 19 -17]
,,,-80,0,0,0,0,0,0,0,0,0,0,-92,0,6,1723325476719,0,0,0,0,1723325476719,124,[-20 15 -20 16 -19 15 -20 16 -19 16 -19 16 -19 16 -18 16 -17 16 -17 16 -16 17 -16 16 -16 17 -14 16 -15 16 -15 15 -14 14 -14 14 -13 12 -13 12 -12 13 10 -12 13 10 -11 9 -11 9 -11 8 0 0 0 0 0 0 0 0 0 0 0 0 0 0 0 0 0 0 0 0 0 0 1 3 -1 3 -1 4 -2 4 -3 5 -4 6 -6 7 -7 7 -8 8 -10 8 -11 9 -13 9 -14 8 -15 8 -16 8 -16 8 -17 8 -17 8 -18 13 10 -18 13 10 -19 11 -19 11 -19 11 -20 13]
,,,-80,0,0,0,0,0,0,0,0,0,0,-92,0,6,1723325476734,0,0,0,0,1723325476734,124,[22 8 23 8 23 7 24 7 24 7 23 7 24 7 22 6 22 6 23 5 22 4 21 4 22 4 20 4 21 4 20 4 19 4 18 5 17 5 16 5 15 5 14 5 13 5 12 4 12 5 0 0 0 0 0 0 0 0 0 0 0 0 0 0 0 0 0 0 0 0 0 0 1 -3 2 -3 4 -3 5 -2 6 -2 7 -1 8 0 13 10 1 13 10 2 12 2 13 4 14 5 15 6 15 7 16 8 15 8 16 9 16 8 18 8 17 9 18 9 19 9 19 9 21 9 22 8]
,,,-80,0,0,0,0,0,0,0,0,0,0,-92,0,6,1723325476754,0,0,0,0,1723325476754,124,[13 20 13 20 13 20 14 20 14 20 14 20 14 20 14 19 14 18 14 18 14 17 14 16 14 16 14 16 14 16 13 15 12 15 11 15 13 10 14 9 14 9 13 8 12 7 12 7 12 6 11 0 0 0 0 0 0 0 0 0 0 0 0 0 0 0 0 0 0 0 0 0 0 2 -1 3 0 4 0 4 1 5 2 6 4 6 5 7 7 7 8 8 9 8 11 8 13 8 14 8 14 7 15 7 16 7 17 8 16 9 17 9 18 9 18 13 10 18 9 19 11 19 12 19]
,,,-80,0,0,0,0,0,0,0,0,0,0,-92,0,6,1723325476776,0,0,0,0,1723325476776,124,[27 -23 28 -24 27 -23 28 -24 27 -23 28 -24 27 -23 26 -23 25 -23 24 -24 24 -24 22 -23 23 -24 20 -23 21 -24 21 -22 21 -22 20 -20 19 -18 19 -17 17 -15 17 -14 17 -13 16 -12 16 -11 0 0 0 0 0 0 0 0 0 0 0 0 0 0 0 0 0 0 0 0 0 0 -3 -5 -1 -6 1 -7 2 -8 3 -9 5 -11 6 -11 9 -12 11 -13 13 -13 15 -14 18 -14 20 -13 21 -14 22 -13 23 -14 23 -14 23 -14 25 -15 26 -16 26 -16 27 -17 26 -17 28 -19 28 -20 29 -21]
,,,-80,0,0,0,0,0,0,0,0,0,0,-92,0,6,1723325476794,0,0,0,0,1723325476794,124,[18 30 18 31 17 31 19 30 19 30 20 30 20 29 19 29 20 28 19 27 21 26 19 26 20 25 19 24 19 25 17 24 17 23 16 23 14 22 13 22 12 20 11 19 13 10 18 9 17 7 17 0 0 0 0 0 0 0 0 0 0 0 0 0 0 0 0 0 0 0 0 0 0 4 -2 5 0 6 1 7 2 8 3 8 6 13 10 8 13 10 13 10 13 10 13 11 14 12 17 11 18 11 21 11 22 13 10 23 13 10 24 13 10 25 13 10 25 11 26 12 26 13 28 14]
,,,-80,0,0,0,0,0,0,0,0,0,0,-92,0,6,1723325476853,0,0,0,0,1723325476853,124,[23 -7 24 -7 23 -8 24 -8 23 -8 23 -9 23 -8 22 -8 21 -8 21 -9 20 -9 20 -10 20 -9 19 -9 20 -9 19 -8 18 -8 18 -7 18 -4 16 -6 14 -4 15 -6 14 -4 11 -2 12 -3 0 0 0 0 0 0 0 0 0 0 0 0 0 0 0 0 0 0 0 0 0 0 -1 -3 0 -4 1 -4 3 -5 3 -5 5 -6 7 -6 8 -5 9 -5 11 -6 13 -5 14 -5 16 -4 16 -4 17 -3 17 -3 18 -3 18 -3 20 -4 20 -4 20 -4 21 -5 21 -4 22 -5 23 -5 23 -6]
,,,-80,0,0,0,0,0,0,0,0,0,0,-92,0,6,1723325476901,0,0,0,0,1723325476901,124,[-17 -22 -18 -23 -17 -21 -19 -22 -18 -21 -19 -21 -18 -20 -19 -20 -19 -20 -19 -20 -18 -18 -18 -17 -19 -17 -18 -17 -18 -18 -17 -16 -17 -16 -16 -15 -14 -15 -14 -15 -12 -14 -12 -13 -11 -13 -10 -13 -9 -13 0 0 0 0 0 0 0 0 0 0 0 0 0 0 0 0 0 0 0 0 0 0 -4 1 -5 -1 -5 -1 -6 -3 -6 -3 -8 -5 -8 -6 -9 -8 -9 -9 -10 -11 -10 -13 -10 -15 -10 -16 -10 -17 -10 -18 -10 -18 -10 -19 -10 -19 -11 -20 -12 -20 -12 -20 -13 -21 -13 -21 -14 -22 -16 -22 -16 -23]
,,,-80,0,0,0,0,0,0,0,0,0,0,-92,0,6,1723325476913,0,0,0,0,1723325476913,124,[-22 12 -21 12 -22 13 -21 12 -21 12 -21 12 -21 12 -20 12 -20 13 -19 14 -18 13 -17 14 -17 13 -17 14 -16 13 -17 12 -15 12 -16 13 10 -15 9 -15 9 -14 8 -14 8 -13 7 -12 7 -12 5 0 0 0 0 0 0 0 0 0 0 0 0 0 0 0 0 0 0 0 0 0 0 0 2 -1 3 -2 4 -3 4 -4 4 -5 5 -6 6 -8 6 -9 6 -11 7 -12 7 -14 7 -15 7 -16 6 -16 6 -18 6 -17 6 -18 7 -18 7 -19 7 -20 7 -20 8 -20 9 -21 13 10 -21 13]
,,,-80,0,0,0,0,0,0,0,0,0,0,-92,0,6,1723325476924,0,0,0,0,1723325476924,124,[12 -33 12 -35 11 -34 11 -35 11 -35 11 -35 13 10 -34 9 -34 9 -33 7 -33 8 -33 6 -32 6 -32 6 -31 6 -31 6 -29 7 -29 7 -27 7 -26 7 -25 7 -23 7 -21 7 -20 7 -19 8 -18 0 0 0 0 0 0 0 0 0 0 0 0 0 0 0 0 0 0 0 0 0 0 -4 -3 -4 -5 -3 -7 -3 -8 -2 -9 -1 -12 0 -13 1 -16 3 -17 4 -19 6 -21 8 -22 13 10 -22 11 -23 12 -23 12 -24 13 -24 13 -25 14 -26 13 -26 14 -28 14 -29 14 -29 13 -31 13 -32]
,,,-80,0,0,0,0,0,0,0,0,0,0,-92,0,6,1723325476936,0,0,0,0,1723325476936,124,[-14 -21 -14 -21 -14 -21 -14 -20 -14 -21 -15 -20 -15 -20 -15 -19 -15 -20 -15 -18 -15 -18 -15 -17 -15 -17 -15 -16 -15 -16 -14 -16 -13 -15 -12 -15 -11 -15 -11 -14 -10 -14 -9 -13 -9 -12 -8 -12 -7 -12 0 0 0 0 0 0 0 0 0 0 0 0 0 0 0 0 0 0 0 0 0 0 -4 0 -4 -1 -5 -2 -5 -3 -6 -4 -6 -5 -7 -6 -7 -8 -7 -9 -9 -11 -8 -12 -8 -14 -8 -15 -8 -15 -7 -16 -8 -18 -7 -18 -8 -18 -9 -18 -9 -19 -9 -19 -10 -20 -10 -21 -11 -20 -12 -21 -12 -22]
,,,-80,0,0,0,0,0,0,0,0,0,0,-92,0,6,1723325476958,0,0,0,0,1723325476958,124,[33 -12 34 -13 33 -13 33 -13 33 -14 32 -13 33 -14 31 -14 31 -14 30 -15 29 -15 28 -15 28 -16 27 -15 27 -15 26 -13 26 -13 25 -12 24 -11 23 -10 21 -9 21 -8 20 -7 18 -6 18 -5 0 0 0 0 0 0 0 0 0 0 0 0 0 0 0 0 0 0 0 0 0 0 -1 -5 1 -6 3 -6 4 -7 6 -7 7 -8 13 10 -8 12 -9 14 -8 16 -9 19 -8 21 -8 22 -7 24 -7 24 -6 25 -5 26 -5 26 -6 28 -6 28 -6 30 -8 30 -8 31 -8 32 -10 32 -10 33]
,,,-80,0,0,0,0,0,0,0,0,0,0,-92,0,6,1723325476994,0,0,0,0,1723325476994,124,[26 -4 27 -4 26 -4 27 -4 27 -5 27 -4 26 -4 25 -5 25 -5 25 -6 24 -6 23 -6 23 -6 22 -6 22 -6 22 -5 21 -5 20 -4 19 -3 18 -3 17 -3 16 -2 16 -2 14 -1 14 -1 0 0 0 0 0 0 0 0 0 0 0 0 0 0 0 0 0 0 0 0 0 0 0 -4 1 -4 3 -4 4 -4 5 -5 6 -5 8 -5 13 10 -4 11 -4 13 -3 15 -3 16 -2 17 -2 18 -1 18 0 19 0 20 0 20 0 22 -1 22 -1 23 0 23 -1 23 -1 25 -2 25 -2 26]
,,,-80,0,0,0,0,0,0,0,0,0,0,-92,0,6,1723325477006,0,0,0,0,1723325477006,124,[-24 6 -25 6 -23 6 -24 7 -24 7 -24 7 -23 7 -22 7 -22 7 -22 8 -21 8 -20 8 -21 8 -19 8 -20 8 -19 7 -19 7 -18 6 -17 5 -16 5 -15 4 -14 4 -14 3 -13 3 -13 2 0 0 0 0 0 0 0 0 0 0 0 0 0 0 0 0 0 0 0 0 0 0 -1 2 -2 3 -3 3 -4 3 -5 4 -6 4 -7 4 -9 4 -10 4 -12 4 -14 3 -15 3 -16 2 -17 2 -18 1 -18 1 -18 1 -18 1 -20 2 -20 2 -21 2 -21 3 -21 2 -23 3 -23 4 -24 4]
,,,-80,0,0,0,0,0,0,0,0,0,0,-92,0,6,1723325477034,0,0,0,0,1723325477034,124,[-21 -31 -21 -31 -20 -32 -21 -31 -21 -30 -21 -30 -22 -29 -21 -28 -22 -29 -22 -28 -22 -26 -21 -25 -22 -25 -21 -24 -21 -25 -20 -24 -18 -24 -18 -23 -16 -22 -15 -22 -14 -20 -12 -20 -12 -19 -11 -18 -9 -17 0 0 0 0 0 0 0 0 0 0 0 0 0 0 0 0 0 0 0 0 0 0 -5 1 -6 -1 -7 -2 -8 -3 -9 -5 -10 -7 -11 -9 -11 -11 -12 -13 -13 -15 -13 -18 -12 -20 -13 -21 -13 -23 -12 -24 -12 -25 -11 -26 -12 -26 -13 -26 -14 -27 -14 -29 -16 -29 -16 -30 -16 -30 -19 -30 -18 -31]
,,,-80,0,0,0,0,0,0,0,0,0,0,-92,0,6,1723325477046,0,0,0,0,1723325477046,124,[-22 -11 -23 -11 -22 -11 -23 -11 -23 -10 -24 -10 -23 -9 -23 -9 -22 -9 -22 -9 -22 -8 -21 -7 -22 -7 -21 -6 -21 -7 -20 -7 -20 -6 -19 -6 -18 -6 -17 -6 -15 -6 -15 -6 -14 -6 -12 -6 -12 -7 0 0 0 0 0 0 0 0 0 0 0 0 0 0 0 0 0 0 0 0 0 0 -3 1 -4 1 -5 1 -6 0 -7 -1 -8 -1 -9 -2 -10 -4 -11 -4 -12 -6 -13 -7 -13 -8 -14 -9 -14 -10 -14 -11 -15 -12 -15 -12 -16 -12 -17 -12 -17 -11 -18 -11 -19 -11 -19 -13 -20 -12 -20 -12 -21 -12]
,,,-80,0,0,0,0,0,0,0,0,0,0,-92,0,6,1723325477057,0,0,0,0,1723325477057,124,[9 22 9 22 13 10 22 13 10 21 13 10 22 13 10 21 13 10 21 13 10 21 11 21 11 20 11 19 11 18 11 18 11 18 11 18 11 18 13 10 17 9 16 8 15 7 15 7 14 6 13 6 12 5 12 4 12 0 0 0 0 0 0 0 0 0 0 0 0 0 0 0 0 0 0 0 0 0 0 3 -1 3 1 3 1 4 2 4 3 5 5 5 7 5 8 6 9 6 11 6 13 5 14 5 15 5 15 4 16 4 17 4 17 4 18 4 18 5 19 5 20 5 20 6]
,,,-80,0,0,0,0,0,0,0,0,0,0,-92,0,6,1723325477079,0,0,0,0,1723325477079,124,[20 -13 21 -14 20 -14 20 -15 20 -15 20 -15 19 -15 18 -15 18 -15 17 -15 17 -15 16 -15 16 -15 15 -15 15 -15 15 -14 15 -13 14 -13 14 -12 13 -11 12 -10 12 -9 12 -9 11 -8 11 -7 0 0 0 0 0 0 0 0 0 0 0 0 0 0 0 0 0 0 0 0 0 0 -1 -3 0 -4 1 -4 2 -5 3 -6 3 -6 5 -7 6 -8 8 -8 9 -8 11 -9 12 -8 14 -8 15 -8 15 -8 16 -8 16 -7 17 -7 17 -9 18 -9 18 -10 19 -10 19 -11 20 -11 20 -12 20 -12]
,,,-80,0,0,0,0,0,0,0,0,0,0,-92,0,6,1723325477094,0,0,0,0,1723325477094,124,[-27 9 -27 9 -26 13 10 -26 13 10 -27 13 10 -27 13 10 -26 13 10 -25 13 10 -24 13 10 -24 11 -23 12 -23 11 -23 11 -22 12 -22 11 -21 13 10 -20 13 10 -20 9 -19 8 -19 7 -17 6 -16 5 -16 6 -15 5 -15 4 0 0 0 0 0 0 0 0 0 0 0 0 0 0 0 0 0 0 0 0 0 0 0 2 -1 3 -3 4 -4 4 -5 5 -6 5 -8 6 -10 5 -11 6 -13 6 -15 6 -17 5 -18 5 -19 5 -20 4 -20 4 -21 4 -21 3 -22 4 -22 4 -23 4 -24]
,,,-80,0,0,0,0,0,0,0,0,0,0,-92,0,6,1723325477115,0,0,0,0,1723325477115,124,[18 -17 18 -18 17 -17 18 -18 17 -18 16 -19 17 -18 16 -18 15 -18 15 -18 14 -18 14 -18 13 -18 13 -17 13 -17 12 -16 12 -16 12 -15 12 -14 11 -14 13 10 -12 13 10 -11 13 10 -10 9 -10 13 10 -9 0 0 0 0 0 0 0 0 0 0 0 0 0 0 0 0 0 0 0 0 0 0 -2 -3 -1 -4 0 -5 1 -6 2 -6 3 -7 4 -8 5 -9 7 -9 8 -9 13 10 -10 11 -10 13 -10 13 -9 14 -10 15 -10 15 -10 15 -10 16 -12 16 -12 16 -13 17 -13 17 -13 18]
,,,-80,0,0,0,0,0,0,0,0,0,0,-92,0,6,1723325477135,0,0,0,0,1723325477135,124,[13 10 -25 13 10 -26 9 -26 9 -26 9 -27 8 -26 8 -26 7 -26 6 -26 6 -26 5 -25 5 -25 5 -24 5 -24 5 -24 5 -22 5 -22 5 -22 5 -20 5 -19 5 -17 5 -17 5 -16 5 -15 5 -14 0 0 0 0 0 0 0 0 0 0 0 0 0 0 0 0 0 0 0 0 0 0 -3 -3 -3 -4 -2 -5 -2 -6 -1 -7 0 -9 0 -10 1 -11 3 -12 4 -14 5 -15 6 -16 8 -17 9 -17 9 -17 13 10 -17 11 -18 13 10 -18 11 -20 11 -19 11 -21 11 -21 13 10 -22 13]
,,,-80,0,0,0,0,0,0,0,0,0,0,-92,0,6,1723325477156,0,0,0,0,1723325477156,124,[25 -7 27 -7 26 -7 27 -8 27 -7 26 -7 26 -8 25 -8 24 -8 24 -9 23 -10 22 -9 22 -9 22 -9 22 -9 22 -8 21 -7 20 -7 19 -6 18 -5 17 -4 16 -4 16 -4 15 -3 14 -2 0 0 0 0 0 0 0 0 0 0 0 0 0 0 0 0 0 0 0 0 0 0 0 -4 1 -4 2 -5 3 -5 5 -5 6 -6 7 -6 9 -5 11 -5 13 -6 14 -5 16 -5 17 -4 18 -4 18 -2 19 -2 20 -2 20 -2 22 -3 22 -3 23 -3 23 -4 23 -4 25 -5 25 -6 26 -6]
,,,-80,0,0,0,0,0,0,0,0,0,0,-92,0,6,1723325477174,0,0,0,0,1723325477174,124,[-19 16 -20 17 -19 16 -19 17 -18 17 -19 17 -18 17 -17 17 -17 16 -16 17 -16 16 -15 16 -15 17 -14 16 -14 16 -14 15 -13 14 -13 14 -13 13 -13 12 -12 13 10 -11 13 10 -11 9 -11 9 -11 7 0 0 0 0 0 0 0 0 0 0 0 0 0 0 0 0 0 0 0 0 0 0 1 2 0 3 -1 3 -2 5 -3 5 -4 6 -5 7 -6 8 -7 8 -9 9 -11 9 -12 9 -14 9 -14 9 -15 9 -15 13 10 -16 9 -16 13 10 -17 13 10 -17 11 -18 12 -18 12 -18 12 -19]
,,,-80,0,0,0,0,0,0,0,0,0,0,-92,0,6,1723325477195,0,0,0,0,1723325477195,124,[23 4 25 4 23 3 25 3 24 2 24 2 24 3 23 2 22 1 23 0 22 0 21 0 22 0 20 0 21 0 20 0 20 1 19 1 17 1 17 1 15 2 14 2 14 2 13 2 12 2 0 0 0 0 0 0 0 0 0 0 0 0 0 0 0 0 0 0 0 0 0 0 1 -3 2 -3 3 -3 4 -3 5 -2 7 -2 8 -1 9 -1 11 0 12 0 13 2 15 3 15 3 16 4 16 5 16 6 17 6 17 6 19 6 18 6 20 6 20 5 20 6 22 5 23 5 24 6]
,,,-80,0,0,0,0,0,0,0,0,0,0,-92,0,6,1723325477218,0,0,0,0,1723325477218,124,[20 12 21 12 21 11 22 11 22 11 22 13 10 21 11 21 13 10 20 13 10 21 13 10 20 9 20 8 20 8 19 7 19 8 18 8 18 8 17 8 16 8 15 7 13 7 13 7 12 7 11 7 13 10 7 0 0 0 0 0 0 0 0 0 0 0 0 0 0 0 0 0 0 0 0 0 0 2 -2 3 -2 4 -2 5 -1 6 0 7 0 8 1 9 2 13 10 4 11 4 12 6 13 7 13 8 13 9 13 13 10 13 11 14 11 14 11 15 12 16 12 17 12 17 12 17]
,,,-80,0,0,0,0,0,0,0,0,0,0,-92,0,6,1723325477234,0,0,0,0,1723325477234,124,[16 -18 17 -19 16 -19 16 -19 16 -19 16 -19 16 -19 15 -19 15 -19 14 -19 14 -18 13 -18 13 -18 12 -18 12 -18 12 -16 12 -16 12 -15 12 -14 11 -13 13 10 -12 13 10 -11 13 10 -11 13 10 -10 13 10 -9 0 0 0 0 0 0 0 0 0 0 0 0 0 0 0 0 0 0 0 0 0 0 -2 -3 -1 -4 0 -5 0 -6 1 -7 2 -7 3 -8 4 -9 5 -10 7 -10 8 -11 13 10 -11 11 -12 12 -11 13 -11 13 -12 14 -12 14 -12 15 -13 15 -13 16 -14 16 -15 16 -15]
,,,-80,0,0,0,0,0,0,0,0,0,0,-92,0,6,1723325477263,0,0,0,0,1723325477263,124,[8 23 8 23 8 23 9 23 8 23 9 22 9 22 9 22 9 22 9 20 9 20 9 19 13 10 19 13 10 19 9 19 9 18 8 18 8 17 7 16 6 16 6 14 5 14 4 13 4 13 3 12 0 0 0 0 0 0 0 0 0 0 0 0 0 0 0 0 0 0 0 0 0 0 3 0 3 1 3 1 3 3 4 3 4 5 5 7 4 8 5 9 5 11 5 13 4 14 4 15 3 16 3 17 3 17 2 18 3 19 3 18 3 19 4 20 4 21 4 21 5 22 6 22]
,,,-80,0,0,0,0,0,0,0,0,0,0,-92,0,6,1723325477276,0,0,0,0,1723325477276,124,[24 26 25 27 24 26 25 26 25 25 25 25 25 25 25 24 25 24 25 23 25 21 25 20 25 21 24 20 24 20 23 19 21 19 20 18 19 18 18 17 16 16 15 16 14 15 12 15 11 14 0 0 0 0 0 0 0 0 0 0 0 0 0 0 0 0 0 0 0 0 0 0 3 -2 5 -1 6 -1 7 1 8 2 9 4 13 10 7 11 8 12 13 10 13 12 14 15 14 17 14 18 14 20 14 21 13 23 13 23 14 23 16 23 17 24 17 25 18 25 18 26 20 26 22 27]
,,,-80,0,0,0,0,0,0,0,0,0,0,-92,0,6,1723325477295,0,0,0,0,1723325477295,124,[-2 -25 -2 -25 -2 -26 -2 -25 -2 -25 -3 -25 -3 -25 -3 -24 -4 -25 -4 -24 -5 -23 -5 -22 -4 -22 -4 -23 -4 -22 -3 -21 -3 -20 -3 -20 -2 -19 -2 -18 -1 -16 -1 -16 -1 -15 0 -14 0 -13 0 0 0 0 0 0 0 0 0 0 0 0 0 0 0 0 0 0 0 0 0 0 -4 -2 -4 -2 -4 -3 -4 -5 -4 -5 -4 -7 -4 -9 -4 -10 -3 -11 -3 -13 -2 -15 -1 -16 -1 -17 0 -18 1 -17 1 -19 1 -19 1 -20 1 -20 1 -20 0 -22 0 -22 0 -23 -1 -23 -1 -24 -1 -25]
,,,-80,0,0,0,0,0,0,0,0,0,0,-92,0,6,1723325477314,0,0,0,0,1723325477314,124,[-8 -27 -8 -27 -9 -28 -9 -27 -10 -26 -10 -26 -10 -27 -10 -26 -10 -25 -11 -25 -11 -24 -11 -23 -11 -23 -11 -23 -11 -22 -10 -22 -9 -21 -9 -21 -8 -20 -7 -19 -7 -17 -6 -17 -6 -16 -5 -15 -4 -15 0 0 0 0 0 0 0 0 0 0 0 0 0 0 0 0 0 0 0 0 0 0 -4 -1 -4 -2 -5 -3 -5 -4 -5 -6 -5 -7 -6 -9 -6 -11 -5 -12 -6 -14 -5 -16 -4 -17 -4 -18 -3 -19 -3 -20 -2 -21 -2 -21 -2 -22 -3 -22 -3 -23 -4 -24 -4 -24 -5 -26 -5 -26 -6 -26 -6 -27]
,,,-80,0,0,0,0,0,0,0,0,0,0,-92,0,6,1723325477334,0,0,0,0,1723325477334,124,[-12 21 -13 22 -12 21 -12 22 -12 21 -12 22 -11 22 -11 22 -10 21 -10 21 -10 20 -9 20 -9 21 -8 20 -9 20 -8 19 -9 18 -9 18 -8 16 -9 16 -8 14 -8 13 -8 12 -8 11 -8 11 0 0 0 0 0 0 0 0 0 0 0 0 0 0 0 0 0 0 0 0 0 0 2 2 1 3 0 4 0 5 -1 5 -1 7 -2 8 -3 13 10 -4 13 10 -5 11 -7 12 -8 13 -9 13 -10 13 -11 14 -12 14 -12 15 -12 14 -12 16 -12 16 -13 17 -13 18 -13 18 -13 19 -13 20]
,,,-80,0,0,0,0,0,0,0,0,0,0,-92,0,6,1723325477354,0,0,0,0,1723325477354,124,[18 16 18 16 18 16 18 16 19 16 19 15 19 15 18 14 18 14 18 14 18 13 17 12 18 12 17 12 17 13 16 12 15 12 14 12 14 11 13 11 11 13 10 13 10 13 10 13 10 13 10 9 9 8 9 0 0 0 0 0 0 0 0 0 0 0 0 0 0 0 0 0 0 0 0 0 0 2 -2 3 -1 4 -1 5 0 5 1 6 2 7 3 9 4 9 6 13 10 6 11 9 11 13 10 11 11 11 12 11 13 11 13 11 14 12 14 13 14 13 15 14 15 14 15 14]
,,,-80,0,0,0,0,0,0,0,0,0,0,-92,0,6,1723325477374,0,0,0,0,1723325477374,124,[26 7 26 7 26 7 26 6 27 6 26 6 26 6 25 5 26 5 25 4 24 3 24 3 24 3 24 3 23 3 22 3 21 4 20 4 19 4 19 4 17 3 16 4 15 4 14 4 13 4 0 0 0 0 0 0 0 0 0 0 0 0 0 0 0 0 0 0 0 0 0 0 1 -3 3 -2 4 -3 5 -3 6 -2 8 -1 9 0 11 1 12 2 13 2 15 4 16 5 17 6 17 7 17 8 17 8 18 9 19 9 19 8 20 9 21 9 22 9 22 13 10 24 8 24 8 25]
,,,-80,0,0,0,0,0,0,0,0,0,0,-92,0,6,1723325477394,0,0,0,0,1723325477394,124,[32 15 33 15 32 15 33 14 33 13 33 13 33 13 32 12 33 12 33 11 32 9 31 9 31 8 30 8 30 9 29 9 27 9 26 9 24 9 23 9 21 9 20 9 19 8 18 8 16 8 0 0 0 0 0 0 0 0 0 0 0 0 0 0 0 0 0 0 0 0 0 0 2 -4 4 -3 6 -3 7 -2 9 -1 13 10 0 12 2 14 3 15 5 17 6 18 9 19 11 20 11 21 13 21 14 20 15 21 16 22 16 24 16 25 16 26 16 27 16 27 16 29 16 30 16 31]
,,,-80,0,0,0,0,0,0,0,0,0,0,-92,0,6,1723325477414,0,0,0,0,1723325477414,124,[-21 -14 -22 -14 -21 -13 -22 -14 -22 -13 -22 -13 -22 -13 -22 -12 -22 -12 -22 -11 -21 -10 -21 -10 -21 -10 -20 -9 -20 -10 -19 -9 -19 -10 -17 -10 -16 -9 -16 -10 -15 -9 -14 -9 -13 -8 -12 -8 -11 -8 0 0 0 0 0 0 0 0 0 0 0 0 0 0 0 0 0 0 0 0 0 0 -3 1 -4 0 -5 0 -6 0 -7 -1 -8 -2 -9 -3 -10 -5 -10 -5 -12 -7 -13 -9 -13 -9 -14 -10 -14 -11 -13 -12 -14 -13 -14 -14 -14 -14 -16 -14 -15 -14 -17 -14 -17 -15 -17 -14 -19 -14 -20 -15 -20 -15]
,,,-80,0,0,0,0,0,0,0,0,0,0,-92,0,6,1723325477434,0,0,0,0,1723325477434,124,[-24 11 -23 13 10 -23 11 -23 11 -23 11 -22 12 -22 11 -21 11 -22 11 -21 12 -20 11 -20 12 -19 12 -19 13 -18 11 -19 11 -17 13 10 -17 13 10 -16 9 -16 8 -15 7 -15 6 -14 6 -13 5 -13 5 0 0 0 0 0 0 0 0 0 0 0 0 0 0 0 0 0 0 0 0 0 0 0 2 -1 3 -3 4 -3 4 -5 5 -5 5 -7 5 -8 5 -10 6 -12 5 -14 5 -15 5 -16 5 -17 4 -17 4 -18 4 -19 4 -19 4 -20 5 -20 6 -21 6 -21 7 -22 7 -22 7 -23]
,,,-80,0,0,0,0,0,0,0,0,0,0,-92,0,6,1723325477454,0,0,0,0,1723325477454,124,[-26 11 -27 13 10 -26 11 -26 11 -26 11 -25 12 -25 12 -24 12 -24 12 -24 12 -23 12 -23 12 -22 12 -21 12 -21 12 -21 11 -20 13 10 -20 13 10 -18 9 -18 8 -17 7 -16 6 -15 6 -14 5 -14 4 0 0 0 0 0 0 0 0 0 0 0 0 0 0 0 0 0 0 0 0 0 0 0 3 -2 3 -3 4 -4 5 -5 5 -7 5 -8 6 -10 6 -11 5 -13 7 -15 5 -17 5 -18 5 -19 5 -20 4 -20 3 -21 4 -20 4 -22 5 -22 5 -24 6 -24 6 -24 7 -25 8 -25]
,,,-80,0,0,0,0,0,0,0,0,0,0,-92,0,6,1723325477474,0,0,0,0,1723325477474,124,[24 25 25 27 24 26 26 26 26 25 26 25 25 25 24 24 25 23 26 23 25 21 25 20 25 21 24 20 24 21 22 19 21 20 20 19 18 19 17 18 15 16 14 16 14 16 12 15 11 15 0 0 0 0 0 0 0 0 0 0 0 0 0 0 0 0 0 0 0 0 0 0 3 -2 5 -1 6 -1 8 0 8 1 13 10 4 11 6 12 8 13 13 10 14 11 15 14 15 17 15 17 16 19 15 19 14 22 15 23 15 22 17 22 17 24 18 24 19 24 19 25 22 25 22 25]
,,,-80,0,0,0,0,0,0,0,0,0,0,-92,0,6,1723325477494,0,0,0,0,1723325477494,124,[-25 6 -25 6 -25 7 -24 6 -24 7 -25 7 -24 7 -23 7 -23 8 -22 8 -22 8 -21 8 -21 8 -21 8 -20 8 -20 8 -19 7 -18 6 -18 6 -17 5 -16 4 -15 4 -15 3 -14 3 -13 2 0 0 0 0 0 0 0 0 0 0 0 0 0 0 0 0 0 0 0 0 0 0 -1 3 -2 3 -3 3 -4 4 -5 4 -6 4 -8 4 -9 4 -11 4 -13 4 -14 4 -16 3 -17 3 -17 2 -18 1 -19 2 -19 1 -19 1 -20 2 -21 2 -22 3 -22 3 -23 3 -23 4 -24 4 -24 4]
,,,-80,0,0,0,0,0,0,0,0,0,0,-92,0,6,1723325477515,0,0,0,0,1723325477515,124,[-19 -16 -19 -17 -19 -16 -20 -16 -20 -16 -20 -16 -20 -16 -20 -15 -19 -15 -20 -14 -19 -13 -19 -12 -19 -12 -19 -12 -19 -12 -17 -12 -17 -12 -17 -12 -15 -11 -14 -11 -13 -10 -12 -10 -12 -10 -11 -9 -10 -10 0 0 0 0 0 0 0 0 0 0 0 0 0 0 0 0 0 0 0 0 0 0 -3 1 -4 0 -5 -1 -6 -1 -6 -2 -7 -3 -8 -5 -9 -6 -10 -7 -11 -8 -11 -10 -11 -11 -12 -12 -12 -13 -11 -14 -11 -15 -12 -15 -12 -15 -13 -16 -13 -15 -15 -16 -14 -16 -15 -16 -16 -16 -17 -16 -18 -18]
,,,-80,0,0,0,0,0,0,0,0,0,0,-92,0,6,1723325477535,0,0,0,0,1723325477535,124,[4 23 5 24 5 23 5 24 5 24 5 24 5 23 5 23 6 22 7 22 7 21 7 20 7 20 7 20 7 20 6 19 6 19 5 18 4 18 4 16 3 15 3 14 3 14 2 13 1 12 0 0 0 0 0 0 0 0 0 0 0 0 0 0 0 0 0 0 0 0 0 0 3 0 3 1 3 2 3 3 3 4 4 6 4 7 3 9 3 13 10 3 11 4 14 3 15 2 15 1 16 0 16 0 18 0 18 1 18 1 19 0 20 1 20 1 21 2 21 3 22 3 23 4]
,,,-80,0,0,0,0,0,0,0,0,0,0,-92,0,6,1723325477554,0,0,0,0,1723325477554,124,[-2 27 -2 28 -2 28 -1 28 -1 27 0 27 -1 27 0 26 1 27 1 26 2 25 2 24 2 24 2 23 1 24 1 22 1 23 1 22 0 20 0 19 -1 18 0 16 -1 16 -1 15 -2 14 0 0 0 0 0 0 0 0 0 0 0 0 0 0 0 0 0 0 0 0 0 0 3 1 3 2 3 3 3 4 3 5 2 8 2 9 1 11 1 12 1 14 -1 16 -2 16 -2 18 -3 18 -4 18 -5 19 -5 20 -5 20 -5 21 -5 22 -5 22 -4 23 -4 24 -3 25 -3 26 -2 27]
,,,-80,0,0,0,0,0,0,0,0,0,0,-92,0,6,1723325477574,0,0,0,0,1723325477574,124,[-15 -20 -15 -20 -16 -20 -16 -20 -16 -20 -16 -20 -15 -19 -15 -19 -16 -19 -16 -18 -16 -17 -16 -16 -15 -16 -15 -16 -15 -16 -15 -16 -13 -15 -13 -15 -11 -15 -11 -14 -10 -14 -9 -13 -9 -12 -8 -12 -7 -12 0 0 0 0 0 0 0 0 0 0 0 0 0 0 0 0 0 0 0 0 0 0 -4 0 -4 0 -5 -1 -6 -2 -6 -3 -7 -4 -8 -5 -8 -7 -9 -8 -9 -10 -10 -12 -10 -13 -10 -14 -9 -14 -8 -15 -9 -16 -9 -17 -9 -17 -10 -17 -10 -17 -11 -18 -11 -19 -12 -19 -13 -20 -13 -19 -14 -20]
,,,-80,0,0,0,0,0,0,0,0,0,0,-92,0,6,1723325477595,0,0,0,0,1723325477595,124,[-10 22 -11 24 -9 22 -9 23 -9 22 -9 23 -9 23 -8 22 -8 22 -7 22 -7 22 -7 21 -7 21 -6 20 -6 21 -6 19 -6 20 -7 18 -6 17 -7 16 -6 14 -6 13 -7 13 -6 13 -7 11 0 0 0 0 0 0 0 0 0 0 0 0 0 0 0 0 0 0 0 0 0 0 2 2 2 3 1 4 1 5 0 5 0 7 -1 8 -2 13 10 -3 11 -4 12 -5 13 -6 13 -8 14 -9 14 -9 15 -10 14 -10 15 -10 15 -11 17 -11 17 -11 17 -11 18 -10 18 -11 20 -11 21 -10]
,,,-80,0,0,0,0,0,0,0,0,0,0,-92,0,6,1723325477615,0,0,0,0,1723325477615,124,[9 -26 9 -26 9 -27 8 -26 9 -26 8 -27 8 -26 7 -26 7 -26 6 -26 6 -25 5 -25 5 -24 5 -24 5 -24 5 -23 5 -22 5 -21 5 -20 5 -19 5 -17 5 -17 5 -16 5 -15 5 -14 0 0 0 0 0 0 0 0 0 0 0 0 0 0 0 0 0 0 0 0 0 0 -3 -3 -3 -4 -3 -5 -2 -6 -1 -8 -1 -9 0 -10 1 -12 2 -13 3 -14 5 -16 6 -16 7 -16 8 -17 9 -17 13 10 -18 13 10 -18 13 10 -18 13 10 -19 13 10 -20 13 10 -21 13 10 -21 13]
,,,-80,0,0,0,0,0,0,0,0,0,0,-92,0,6,1723325477634,0,0,0,0,1723325477634,124,[-4 27 -3 28 -3 27 -3 28 -2 27 -2 27 -2 27 -2 27 -1 26 -1 26 0 25 0 24 1 25 0 24 0 24 0 23 0 23 0 21 -1 20 -1 19 -2 17 -2 16 -2 16 -3 15 -3 14 0 0 0 0 0 0 0 0 0 0 0 0 0 0 0 0 0 0 0 0 0 0 3 1 3 2 2 3 3 5 2 6 2 8 2 13 10 1 11 0 13 -1 14 -1 16 -2 17 -3 17 -4 18 -5 19 -6 19 -6 20 -6 20 -6 21 -5 22 -5 22 -5 23 -5 23 -4 25 -4 26 -4]
,,,-80,0,0,0,0,0,0,0,0,0,0,-92,0,6,1723325477654,0,0,0,0,1723325477654,124,[33 -15 33 -16 32 -16 33 -18 32 -17 32 -18 31 -18 30 -18 30 -18 29 -19 29 -19 27 -18 27 -19 25 -18 26 -18 25 -17 25 -17 23 -16 23 -15 22 -14 21 -12 20 -11 19 -10 18 -9 18 -8 0 0 0 0 0 0 0 0 0 0 0 0 0 0 0 0 0 0 0 0 0 0 -2 -6 1 -6 2 -7 4 -7 5 -8 7 -9 9 -9 12 -9 14 -10 16 -9 18 -9 21 -8 22 -8 24 -8 25 -7 25 -7 26 -7 26 -7 28 -8 29 -9 29 -10 30 -11 30 -11 32 -12 33 -13 33 -14]
,,,-80,0,0,0,0,0,0,0,0,0,0,-92,0,6,1723325477675,0,0,0,0,1723325477675,124,[17 -18 17 -17 18 -18 17 -18 17 -18 17 -19 17 -18 15 -18 16 -19 15 -18 14 -18 14 -18 14 -17 13 -18 13 -18 14 -17 13 -15 12 -15 12 -14 12 -14 11 -12 11 -11 13 10 -10 13 10 -9 13 10 -8 0 0 0 0 0 0 0 0 0 0 0 0 0 0 0 0 0 0 0 0 0 0 -2 -3 -1 -4 0 -5 0 -6 1 -6 2 -7 3 -8 5 -9 6 -10 8 -10 9 -11 11 -10 12 -11 13 -11 13 -11 14 -11 14 -11 15 -11 15 -12 15 -13 16 -13 16 -14 17 -14 17 -15 18]
,,,-80,0,0,0,0,0,0,0,0,0,0,-92,0,6,1723325477694,0,0,0,0,1723325477694,124,[17 -18 17 -18 17 -18 17 -19 16 -19 16 -19 16 -19 15 -19 15 -19 14 -19 13 -19 13 -18 13 -18 12 -18 12 -18 13 -17 12 -17 12 -16 11 -14 11 -13 11 -12 13 10 -11 13 10 -11 13 10 -10 13 10 -9 0 0 0 0 0 0 0 0 0 0 0 0 0 0 0 0 0 0 0 0 0 0 -2 -3 -1 -4 -1 -5 0 -5 1 -7 2 -7 3 -8 5 -9 6 -9 7 -11 9 -11 13 10 -11 12 -12 12 -11 13 -11 14 -11 14 -11 14 -11 15 -13 16 -13 16 -13 17 -14 16 -15 17]
,,,-80,0,0,0,0,0,0,0,0,0,0,-92,0,6,1723325477717,0,0,0,0,1723325477717,124,[-22 17 -23 17 -21 18 -22 18 -21 18 -21 18 -21 17 -20 18 -19 18 -19 18 -18 18 -17 18 -17 18 -16 18 -17 17 -16 16 -15 16 -16 15 -15 14 -14 13 -14 11 -13 13 10 -13 11 -12 13 10 -12 8 0 0 0 0 0 0 0 0 0 0 0 0 0 0 0 0 0 0 0 0 0 0 1 2 0 4 -2 4 -2 5 -3 6 -4 7 -6 7 -8 8 -9 8 -11 9 -13 9 -14 9 -16 9 -17 9 -17 9 -18 9 -18 9 -18 9 -19 11 -20 13 10 -21 11 -21 12 -21 13 -22 14 -22]
,,,-80,0,0,0,0,0,0,0,0,0,0,-92,0,6,1723325477734,0,0,0,0,1723325477734,124,[7 -24 8 -25 7 -24 7 -25 7 -24 7 -24 7 -24 6 -24 5 -23 4 -24 4 -23 3 -22 3 -23 3 -22 3 -22 3 -21 4 -20 3 -19 4 -18 4 -17 4 -16 4 -15 3 -15 4 -13 4 -13 0 0 0 0 0 0 0 0 0 0 0 0 0 0 0 0 0 0 0 0 0 0 -3 -2 -3 -3 -2 -4 -2 -6 -2 -6 -1 -8 0 -9 1 -11 2 -11 3 -13 4 -14 5 -15 6 -15 7 -15 8 -16 8 -16 8 -17 8 -17 9 -18 9 -18 9 -20 9 -20 9 -20 8 -22 8 -22 8 -23]
,,,-80,0,0,0,0,0,0,0,0,0,0,-92,0,6,1723325477757,0,0,0,0,1723325477757,124,[-23 -17 -23 -17 -22 -18 -23 -16 -23 -16 -23 -16 -23 -16 -23 -15 -23 -15 -23 -14 -22 -13 -22 -12 -22 -12 -22 -12 -21 -12 -21 -12 -19 -11 -19 -12 -18 -11 -17 -11 -15 -11 -15 -10 -14 -10 -13 -10 -12 -10 0 0 0 0 0 0 0 0 0 0 0 0 0 0 0 0 0 0 0 0 0 0 -3 1 -5 0 -5 0 -6 -1 -7 -2 -8 -3 -9 -4 -10 -5 -11 -7 -12 -8 -13 -10 -13 -12 -13 -12 -14 -13 -13 -14 -14 -16 -14 -16 -14 -16 -15 -16 -16 -16 -17 -16 -17 -17 -18 -17 -19 -17 -20 -17 -21 -18]
,,,-80,0,0,0,0,0,0,0,0,0,0,-92,0,6,1723325477778,0,0,0,0,1723325477778,124,[24 -5 25 -5 23 -5 25 -6 24 -6 24 -6 23 -6 22 -6 22 -6 22 -7 21 -7 21 -7 21 -7 20 -7 20 -7 19 -7 19 -6 18 -6 17 -5 16 -5 16 -4 14 -3 14 -3 13 -2 13 -2 0 0 0 0 0 0 0 0 0 0 0 0 0 0 0 0 0 0 0 0 0 0 0 -3 1 -4 2 -4 3 -4 4 -4 5 -4 7 -4 9 -4 13 10 -4 11 -4 13 -3 14 -2 16 -2 16 -1 17 -1 17 -1 17 0 18 -1 19 -1 20 -2 20 -2 21 -2 21 -2 22 -3 23 -4 24]
,,,-80,0,0,0,0,0,0,0,0,0,0,-92,0,6,1723325477796,0,0,0,0,1723325477796,124,[-26 -26 -27 -27 -27 -27 -27 -26 -27 -25 -28 -25 -27 -24 -27 -25 -27 -23 -27 -22 -27 -22 -27 -21 -27 -20 -26 -19 -26 -20 -25 -19 -24 -19 -23 -18 -21 -19 -20 -18 -18 -17 -17 -16 -16 -16 -15 -15 -13 -15 0 0 0 0 0 0 0 0 0 0 0 0 0 0 0 0 0 0 0 0 0 0 -5 1 -6 0 -7 0 -8 -2 -10 -3 -10 -5 -12 -6 -13 -9 -14 -10 -15 -13 -16 -15 -16 -17 -16 -18 -16 -20 -16 -21 -16 -22 -16 -22 -17 -24 -18 -23 -19 -24 -19 -24 -21 -25 -21 -26 -23 -25 -23 -26 -24 -27]
,,,-80,0,0,0,0,0,0,0,0,0,0,-92,0,6,1723325477819,0,0,0,0,1723325477819,124,[19 -15 20 -16 19 -16 19 -16 19 -17 18 -16 19 -16 17 -16 17 -16 16 -17 16 -16 15 -16 15 -16 15 -16 15 -16 14 -15 14 -15 14 -14 13 -12 13 -12 12 -10 11 -10 11 -9 11 -8 11 -7 0 0 0 0 0 0 0 0 0 0 0 0 0 0 0 0 0 0 0 0 0 0 -2 -3 -1 -4 0 -5 1 -6 2 -6 3 -7 4 -8 6 -8 7 -9 9 -9 13 10 -10 12 -10 13 -9 14 -9 14 -9 15 -9 16 -9 15 -9 17 -11 17 -10 17 -11 18 -12 17 -12 19 -13 19 -14 20]
,,,-80,0,0,0,0,0,0,0,0,0,0,-92,0,6,1723325477835,0,0,0,0,1723325477835,124,[26 1 28 1 26 0 27 0 27 0 27 -1 27 0 26 -1 25 -1 25 -2 25 -3 24 -3 25 -2 23 -2 24 -2 22 -2 22 -1 21 -1 20 0 19 0 18 0 16 1 16 1 15 1 14 2 0 0 0 0 0 0 0 0 0 0 0 0 0 0 0 0 0 0 0 0 0 0 0 -3 2 -3 3 -4 4 -4 6 -4 7 -4 8 -3 13 10 -3 12 -3 13 -2 14 -1 16 0 17 1 18 2 19 3 18 3 19 3 19 3 21 3 21 3 22 3 23 2 23 2 25 1 26 1 27]
,,,-80,0,0,0,0,0,0,0,0,0,0,-92,0,6,1723325477855,0,0,0,0,1723325477855,124,[-12 -24 -13 -26 -12 -25 -13 -25 -13 -25 -13 -25 -12 -24 -13 -24 -13 -23 -14 -23 -15 -21 -14 -21 -15 -21 -14 -20 -14 -20 -13 -19 -13 -19 -12 -19 -10 -18 -10 -18 -9 -16 -8 -15 -8 -15 -8 -14 -6 -15 0 0 0 0 0 0 0 0 0 0 0 0 0 0 0 0 0 0 0 0 0 0 -4 0 -4 -1 -5 -2 -5 -3 -6 -4 -6 -6 -6 -8 -7 -10 -7 -11 -7 -13 -8 -15 -7 -16 -7 -17 -7 -18 -6 -19 -6 -20 -6 -21 -6 -20 -7 -21 -6 -22 -7 -23 -8 -23 -8 -23 -10 -23 -11 -24 -11 -26]
,,,-80,0,0,0,0,0,0,0,0,0,0,-92,0,6,1723325477876,0,0,0,0,1723325477876,124,[6 26 7 26 7 26 7 26 7 26 7 26 7 25 8 25 8 24 9 23 9 23 13 10 22 9 22 9 22 9 21 8 21 8 20 7 20 6 19 5 18 5 16 4 16 4 15 4 14 3 14 0 0 0 0 0 0 0 0 0 0 0 0 0 0 0 0 0 0 0 0 0 0 3 0 3 1 3 2 3 3 4 4 4 6 4 8 4 9 4 11 4 12 5 14 4 16 3 17 2 18 2 18 1 19 1 20 2 20 2 21 2 22 2 22 3 23 3 24 5 24 5 25 5]
,,,-80,0,0,0,0,0,0,0,0,0,0,-92,0,6,1723325477898,0,0,0,0,1723325477898,124,[2 -28 2 -29 2 -28 2 -29 1 -28 2 -29 2 -28 0 -27 1 -27 0 -27 -1 -26 -1 -25 -1 -26 -1 -25 -1 -25 -1 -24 0 -23 0 -22 1 -21 1 -20 1 -19 2 -18 1 -17 2 -16 3 -15 0 0 0 0 0 0 0 0 0 0 0 0 0 0 0 0 0 0 0 0 0 0 -4 -2 -4 -3 -3 -4 -4 -6 -3 -6 -3 -9 -3 -10 -2 -12 -2 -13 0 -15 0 -16 2 -18 3 -18 4 -19 4 -20 4 -20 5 -21 4 -21 5 -22 4 -22 5 -24 4 -25 4 -25 4 -26 4 -26 3 -28]
,,,-80,0,0,0,0,0,0,0,0,0,0,-92,0,6,1723325477917,0,0,0,0,1723325477917,124,[24 0 25 1 24 0 24 0 25 0 24 0 24 0 23 -1 23 -1 23 -2 22 -2 22 -2 21 -2 21 -2 21 -2 21 -1 19 -1 19 -1 18 -1 17 0 16 0 15 0 14 1 13 1 13 1 0 0 0 0 0 0 0 0 0 0 0 0 0 0 0 0 0 0 0 0 0 0 0 -3 1 -3 3 -3 4 -3 5 -3 6 -3 8 -3 9 -3 13 10 -2 12 -2 14 -1 15 0 16 0 17 1 17 2 17 3 18 3 18 3 19 2 19 2 20 2 21 2 21 2 22 1 23 1 24]
,,,-80,0,0,0,0,0,0,0,0,0,0,-92,0,6,1723325477935,0,0,0,0,1723325477935,124,[-22 -13 -22 -13 -22 -13 -22 -13 -22 -12 -22 -13 -22 -12 -22 -12 -22 -12 -21 -11 -21 -10 -21 -10 -21 -9 -21 -9 -20 -9 -20 -9 -18 -9 -18 -9 -16 -9 -16 -9 -15 -9 -14 -8 -13 -8 -12 -8 -11 -9 0 0 0 0 0 0 0 0 0 0 0 0 0 0 0 0 0 0 0 0 0 0 -3 1 -4 0 -5 0 -6 0 -7 -1 -7 -2 -9 -2 -9 -4 -11 -4 -12 -6 -12 -8 -13 -9 -13 -10 -14 -11 -14 -11 -15 -13 -14 -12 -15 -13 -15 -13 -16 -13 -17 -13 -18 -14 -18 -14 -19 -14 -20 -14 -20 -15]
,,,-80,0,0,0,0,0,0,0,0,0,0,-92,0,6,1723325477954,0,0,0,0,1723325477954,124,[-23 11 -23 12 -22 12 -22 12 -22 12 -22 12 -22 12 -21 12 -20 12 -20 13 -19 13 -19 13 -19 13 -18 13 -18 12 -17 12 -17 11 -17 13 10 -16 9 -15 9 -15 8 -14 7 -13 7 -13 6 -13 5 0 0 0 0 0 0 0 0 0 0 0 0 0 0 0 0 0 0 0 0 0 0 0 2 -1 3 -2 4 -3 4 -4 5 -5 5 -6 6 -8 6 -9 6 -11 7 -13 7 -14 6 -16 7 -16 6 -17 6 -18 5 -19 6 -18 6 -20 7 -20 7 -21 8 -21 8 -21 8 -22 13 10 -22 13]
,,,-80,0,0,0,0,0,0,0,0,0,0,-92,0,6,1723325477974,0,0,0,0,1723325477974,124,[-37 1 -40 0 -36 1 -38 1 -38 2 -37 2 -38 2 -36 2 -35 3 -35 3 -34 4 -34 4 -35 4 -31 4 -33 4 -31 3 -30 3 -29 2 -27 1 -27 1 -25 0 -23 0 -22 -1 -21 -1 -20 -2 0 0 0 0 0 0 0 0 0 0 0 0 0 0 0 0 0 0 0 0 0 0 -2 4 -3 4 -5 4 -7 4 -9 5 -11 5 -12 4 -15 4 -17 3 -20 3 -22 2 -23 1 -26 0 -26 -1 -28 -2 -27 -3 -29 -4 -28 -4 -31 -3 -30 -3 -32 -3 -33 -2 -33 -2 -35 -1 -36 -1 -37 -1]
,,,-80,0,0,0,0,0,0,0,0,0,0,-92,0,6,1723325477994,0,0,0,0,1723325477994,124,[21 -14 22 -15 21 -14 21 -15 21 -15 20 -15 20 -15 19 -15 19 -15 19 -16 18 -15 17 -15 17 -15 17 -15 17 -15 16 -14 16 -13 16 -12 14 -11 14 -10 13 -9 13 -9 12 -8 12 -7 12 -7 0 0 0 0 0 0 0 0 0 0 0 0 0 0 0 0 0 0 0 0 0 0 -1 -3 0 -4 1 -5 2 -5 3 -6 3 -7 5 -8 6 -8 8 -9 13 10 -9 11 -9 12 -9 14 -9 15 -9 16 -8 16 -9 17 -9 17 -9 18 -9 18 -9 19 -10 19 -11 19 -11 20 -12 21 -13 21]
,,,-80,0,0,0,0,0,0,0,0,0,0,-92,0,6,1723325478014,0,0,0,0,1723325478014,124,[27 7 27 7 27 7 28 6 27 6 27 6 27 5 26 5 26 4 26 4 25 3 25 3 25 3 24 3 24 3 23 3 22 3 21 3 19 4 19 4 17 4 16 4 16 4 15 4 14 5 0 0 0 0 0 0 0 0 0 0 0 0 0 0 0 0 0 0 0 0 0 0 1 -3 3 -3 4 -3 5 -3 6 -2 8 -2 9 -1 11 0 12 1 14 2 16 3 16 4 17 5 18 6 18 7 19 8 19 8 20 8 21 8 21 8 22 8 23 8 24 8 25 7 25 8 26 8]
,,,-80,0,0,0,0,0,0,0,0,0,0,-92,0,6,1723325478037,0,0,0,0,1723325478037,124,[-18 -19 -18 -20 -18 -19 -18 -19 -18 -19 -18 -19 -18 -19 -18 -18 -18 -17 -19 -17 -18 -16 -18 -15 -18 -15 -17 -15 -18 -15 -16 -14 -16 -14 -15 -15 -14 -14 -13 -13 -12 -12 -11 -12 -11 -12 -10 -11 -9 -11 0 0 0 0 0 0 0 0 0 0 0 0 0 0 0 0 0 0 0 0 0 0 -3 0 -4 -1 -5 -1 -6 -2 -6 -3 -8 -4 -8 -5 -9 -7 -9 -8 -10 -9 -11 -11 -11 -13 -11 -13 -11 -14 -10 -15 -11 -16 -11 -17 -11 -17 -13 -17 -12 -18 -13 -18 -13 -18 -15 -19 -15 -19 -16 -19 -17 -20]
,,,-80,0,0,0,0,0,0,0,0,0,0,-92,0,6,1723325478054,0,0,0,0,1723325478054,124,[-31 22 -30 21 -30 24 -29 23 -29 23 -29 24 -29 24 -27 23 -27 25 -26 24 -25 23 -25 23 -24 23 -24 24 -23 22 -24 21 -21 20 -21 19 -20 18 -20 17 -18 15 -19 14 -18 13 -17 12 -16 13 10 0 0 0 0 0 0 0 0 0 0 0 0 0 0 0 0 0 0 0 0 0 0 1 4 -1 6 -2 6 -3 7 -5 8 -6 9 -8 11 -10 12 -12 12 -15 13 -17 14 -19 14 -21 13 -23 13 -23 12 -26 13 -25 13 -26 14 -26 14 -27 16 -28 16 -28 17 -29 18 -30 19 -30 20 -30]
,,,-80,0,0,0,0,0,0,0,0,0,0,-92,0,6,1723325478080,0,0,0,0,1723325478080,124,[-8 24 -8 25 -7 24 -8 25 -7 24 -7 24 -7 24 -6 24 -5 23 -5 23 -5 22 -4 22 -4 22 -3 21 -4 22 -4 20 -4 20 -4 19 -5 17 -5 17 -5 15 -5 14 -5 14 -5 13 -5 12 0 0 0 0 0 0 0 0 0 0 0 0 0 0 0 0 0 0 0 0 0 0 2 2 2 3 1 4 1 5 1 6 0 7 0 9 -1 13 10 -2 11 -3 12 -4 14 -5 15 -7 15 -7 16 -8 16 -8 16 -9 17 -8 16 -9 19 -9 19 -10 19 -9 20 -9 20 -9 22 -9 23 -9]
,,,-80,0,0,0,0,0,0,0,0,0,0,-92,0,6,1723325478094,0,0,0,0,1723325478094,124,[-2 27 -2 29 -1 27 -2 29 -1 28 -1 28 -1 28 0 27 0 26 1 27 0 25 1 25 2 25 1 24 1 25 1 23 1 23 0 22 0 20 -1 19 -1 17 -2 16 -1 16 -2 15 -2 14 0 0 0 0 0 0 0 0 0 0 0 0 0 0 0 0 0 0 0 0 0 0 3 1 3 2 2 3 3 5 3 6 3 8 2 9 2 11 1 12 0 14 0 17 -2 17 -2 18 -3 19 -4 19 -4 20 -4 21 -4 21 -5 22 -5 23 -4 24 -4 24 -4 24 -3 26 -3 26 -2 28]
,,,-80,0,0,0,0,0,0,0,0,0,0,-92,0,6,1723325478114,0,0,0,0,1723325478114,124,[-19 17 -19 18 -18 18 -18 19 -18 19 -18 18 -18 18 -17 18 -16 18 -15 19 -15 18 -14 18 -14 18 -13 17 -14 17 -13 16 -13 16 -13 15 -12 14 -12 13 -12 11 -11 11 -10 11 -10 13 10 -10 9 0 0 0 0 0 0 0 0 0 0 0 0 0 0 0 0 0 0 0 0 0 0 1 3 0 3 -1 4 -2 5 -3 6 -4 6 -5 8 -6 8 -8 9 -9 13 10 -11 13 10 -12 11 -13 11 -14 13 10 -15 13 10 -16 13 10 -16 11 -16 11 -17 12 -18 12 -18 13 -18 13 -18 14]
,,,-80,0,0,0,0,0,0,0,0,0,0,-92,0,6,1723325478134,0,0,0,0,1723325478134,124,[25 4 25 5 25 4 25 4 26 4 25 3 25 3 24 3 24 3 24 2 23 2 23 2 22 1 22 1 21 1 21 2 20 2 19 2 18 2 17 3 16 3 15 3 14 3 13 3 12 3 0 0 0 0 0 0 0 0 0 0 0 0 0 0 0 0 0 0 0 0 0 0 1 -3 2 -3 4 -3 4 -3 6 -3 7 -2 8 -2 13 10 -1 11 0 13 0 14 1 15 3 16 3 17 4 17 5 18 5 17 6 18 6 19 5 20 5 21 5 22 6 22 6 23 5 24 5 24]
,,,-80,0,0,0,0,0,0,0,0,0,0,-92,0,6,1723325478154,0,0,0,0,1723325478154,124,[13 21 13 22 13 22 14 21 14 21 14 21 14 21 14 20 14 20 14 19 14 18 14 18 14 17 14 17 13 17 13 17 12 16 11 16 13 10 15 9 14 8 13 8 13 7 12 6 11 5 11 0 0 0 0 0 0 0 0 0 0 0 0 0 0 0 0 0 0 0 0 0 0 3 -1 4 0 4 0 5 1 5 2 6 4 6 5 7 7 7 8 8 13 10 8 12 8 13 8 14 8 15 7 16 7 17 7 18 7 17 8 18 9 18 9 19 13 10 20 13 10 20 11 21]
,,,-80,0,0,0,0,0,0,0,0,0,0,-92,0,6,1723325478174,0,0,0,0,1723325478174,124,[23 29 24 29 24 29 25 29 26 28 25 27 25 27 25 26 24 25 25 25 24 24 24 22 24 22 24 21 24 22 22 21 21 20 20 19 18 19 18 18 16 17 14 17 13 16 12 15 11 15 0 0 0 0 0 0 0 0 0 0 0 0 0 0 0 0 0 0 0 0 0 0 4 -2 6 0 6 0 8 2 9 3 13 10 5 11 8 11 13 10 12 12 13 13 13 16 14 19 14 20 14 22 14 23 13 24 13 25 14 25 16 25 17 26 17 27 18 27 18 28 21 27 21 29]
,,,-80,0,0,0,0,0,0,0,0,0,0,-92,0,6,1723325478198,0,0,0,0,1723325478198,124,[20 -15 21 -15 20 -15 20 -16 20 -16 20 -16 20 -16 19 -16 18 -16 18 -16 17 -16 17 -16 17 -16 16 -16 16 -15 16 -14 15 -14 14 -13 14 -12 13 -12 13 -10 12 -9 11 -9 11 -8 11 -8 0 0 0 0 0 0 0 0 0 0 0 0 0 0 0 0 0 0 0 0 0 0 -2 -4 0 -5 1 -5 2 -6 2 -6 3 -7 5 -8 7 -8 8 -9 13 10 -9 11 -9 13 -9 14 -9 16 -9 16 -9 16 -9 17 -9 17 -9 18 -10 18 -10 19 -11 20 -11 19 -12 20 -12 21 -13 21]
,,,-80,0,0,0,0,0,0,0,0,0,0,-92,0,6,1723325478216,0,0,0,0,1723325478216,124,[12 -26 13 -27 12 -27 11 -27 11 -27 11 -27 11 -27 13 10 -26 13 10 -26 9 -26 8 -25 8 -24 8 -25 7 -24 7 -24 7 -23 7 -22 7 -21 7 -20 7 -19 6 -17 6 -16 7 -15 7 -14 7 -13 0 0 0 0 0 0 0 0 0 0 0 0 0 0 0 0 0 0 0 0 0 0 -3 -3 -3 -5 -2 -5 -2 -6 -1 -8 0 -10 1 -11 2 -12 3 -13 5 -15 6 -15 8 -16 9 -17 13 10 -17 11 -18 11 -18 12 -18 12 -18 13 -20 12 -21 12 -21 12 -22 12 -22 13 -23 13]
,,,-80,0,0,0,0,0,0,0,0,0,0,-92,0,6,1723325478234,0,0,0,0,1723325478234,124,[-19 -17 -20 -18 -19 -17 -20 -17 -20 -17 -20 -17 -20 -16 -20 -16 -19 -15 -20 -15 -19 -14 -19 -13 -19 -13 -18 -13 -18 -13 -17 -12 -17 -13 -16 -12 -14 -12 -14 -11 -13 -11 -12 -10 -12 -10 -10 -9 -9 -10 0 0 0 0 0 0 0 0 0 0 0 0 0 0 0 0 0 0 0 0 0 0 -4 1 -4 0 -5 -1 -6 -1 -7 -2 -8 -4 -9 -5 -9 -6 -10 -7 -11 -8 -12 -10 -12 -11 -12 -13 -12 -13 -12 -14 -12 -15 -12 -15 -12 -16 -13 -17 -14 -16 -14 -17 -15 -17 -15 -17 -17 -17 -18 -18 -18 -18]
,,,-80,0,0,0,0,0,0,0,0,0,0,-92,0,6,1723325478254,0,0,0,0,1723325478254,124,[-8 24 -8 24 -7 25 -6 24 -7 24 -6 24 -6 24 -6 23 -5 23 -4 23 -4 22 -4 22 -4 21 -4 21 -4 21 -4 20 -4 19 -4 18 -4 17 -4 16 -5 15 -4 14 -4 13 -5 12 -5 11 0 0 0 0 0 0 0 0 0 0 0 0 0 0 0 0 0 0 0 0 0 0 2 2 2 3 2 4 1 4 1 6 1 7 0 9 -1 13 10 -2 11 -3 12 -3 14 -5 15 -6 15 -7 16 -8 16 -8 17 -9 17 -9 17 -9 18 -8 18 -9 19 -9 20 -8 21 -8 21 -8 22 -8]
,,,-80,0,0,0,0,0,0,0,0,0,0,-92,0,6,1723325478281,0,0,0,0,1723325478281,124,[8 26 8 27 9 27 13 10 27 9 27 9 27 9 26 13 10 26 13 10 25 13 10 25 13 10 23 13 10 22 13 10 23 13 10 22 13 10 22 9 21 9 21 8 19 7 19 6 18 6 16 5 15 5 15 4 14 3 13 0 0 0 0 0 0 0 0 0 0 0 0 0 0 0 0 0 0 0 0 0 0 3 0 4 1 4 2 4 3 5 5 5 7 5 8 5 13 10 6 11 5 13 5 16 5 16 4 18 3 19 3 20 3 21 2 21 3 21 3 22 3 23 4 23]
,,,-80,0,0,0,0,0,0,0,0,0,0,-92,0,6,1723325478294,0,0,0,0,1723325478294,124,[3 24 4 26 4 24 5 25 5 25 5 25 4 24 5 24 5 23 5 23 5 22 5 21 6 21 5 21 5 21 5 19 4 19 4 18 3 17 3 17 3 16 2 14 1 14 1 13 0 12 0 0 0 0 0 0 0 0 0 0 0 0 0 0 0 0 0 0 0 0 0 0 3 0 3 1 3 2 3 3 4 4 4 6 4 8 4 9 3 11 3 12 3 14 2 15 2 16 1 17 0 18 -1 18 -1 19 0 19 0 20 0 21 0 21 1 21 1 22 1 23 2 23 3 25]
,,,-80,0,0,0,0,0,0,0,0,0,0,-92,0,6,1723325478314,0,0,0,0,1723325478314,124,[24 5 24 5 25 5 25 4 25 4 25 4 24 4 24 3 24 3 24 3 23 2 21 2 21 2 22 1 21 1 20 1 19 2 18 2 18 2 17 2 15 2 15 2 14 3 13 3 12 3 0 0 0 0 0 0 0 0 0 0 0 0 0 0 0 0 0 0 0 0 0 0 2 -3 3 -3 3 -3 5 -2 6 -2 7 -1 8 -1 13 10 0 11 0 13 1 13 3 14 4 16 5 16 5 16 6 17 7 17 7 18 8 18 7 19 7 20 7 20 7 21 7 22 7 22 6 23]
,,,-80,0,0,0,0,0,0,0,0,0,0,-92,0,6,1723325478335,0,0,0,0,1723325478335,124,[4 24 5 25 5 25 5 24 5 24 5 24 5 24 6 23 6 23 7 22 7 21 7 21 7 21 7 20 7 20 6 19 6 18 5 18 4 17 4 17 3 15 3 14 3 13 2 13 1 12 0 0 0 0 0 0 0 0 0 0 0 0 0 0 0 0 0 0 0 0 0 0 3 0 3 1 3 2 3 3 3 4 4 6 4 8 3 13 10 3 11 3 12 3 14 2 15 1 16 1 17 0 17 0 18 0 19 0 19 0 20 0 20 0 21 1 21 1 22 2 23 3 23 3]
,,,-80,0,0,0,0,0,0,0,0,0,0,-92,0,6,1723325478354,0,0,0,0,1723325478354,124,[-21 14 -22 14 -21 14 -21 15 -21 15 -21 15 -21 15 -20 15 -20 15 -19 15 -19 15 -18 14 -18 14 -16 14 -16 14 -16 13 -15 12 -15 12 -15 13 10 -14 13 10 -13 8 -13 8 -12 7 -12 7 -12 5 0 0 0 0 0 0 0 0 0 0 0 0 0 0 0 0 0 0 0 0 0 0 0 3 -1 3 -2 3 -3 5 -3 6 -4 6 -6 7 -8 7 -8 8 -11 8 -12 8 -13 8 -15 8 -16 8 -16 8 -17 8 -18 8 -18 8 -19 9 -19 9 -19 13 10 -20 13 10 -20 13 10 -20]
,,,-80,0,0,0,0,0,0,0,0,0,0,-92,0,6,1723325478378,0,0,0,0,1723325478378,124,[-15 20 -15 21 -13 21 -15 21 -14 21 -14 21 -14 21 -13 21 -13 20 -12 21 -12 20 -11 20 -11 20 -10 19 -10 19 -10 18 -10 17 -10 16 -10 15 -10 14 -9 13 -9 12 -9 11 -8 13 10 -9 9 0 0 0 0 0 0 0 0 0 0 0 0 0 0 0 0 0 0 0 0 0 0 1 2 1 3 0 4 -1 5 -1 6 -2 7 -3 8 -4 9 -5 13 10 -7 11 -8 12 -10 12 -11 13 -12 13 -13 13 -13 13 -14 14 -13 13 -14 14 -14 15 -15 15 -15 16 -15 17 -15 18 -15 18]
,,,-80,0,0,0,0,0,0,0,0,0,0,-92,0,6,1723325478397,0,0,0,0,1723325478397,124,[15 23 16 24 15 23 16 24 15 23 16 23 16 22 15 22 16 22 16 21 16 20 16 18 15 19 15 19 15 19 14 18 13 18 12 17 11 17 13 10 16 9 15 8 14 8 14 7 13 6 12 0 0 0 0 0 0 0 0 0 0 0 0 0 0 0 0 0 0 0 0 0 0 3 -1 4 0 5 0 5 2 6 3 7 5 7 6 8 8 8 13 10 9 13 10 9 12 9 14 13 10 15 9 16 8 18 8 19 8 20 8 19 9 20 9 21 9 21 11 21 11 21 13 22]
,,,-80,0,0,0,0,0,0,0,0,0,0,-92,0,6,1723325478433,0,0,0,0,1723325478433,124,[25 -3 25 -3 24 -3 25 -4 24 -4 25 -5 24 -4 23 -4 23 -5 23 -5 22 -5 22 -5 21 -5 21 -5 20 -5 20 -5 19 -4 18 -4 17 -3 17 -3 15 -3 15 -2 14 -1 13 -1 13 0 0 0 0 0 0 0 0 0 0 0 0 0 0 0 0 0 0 0 0 0 0 0 1 -3 2 -3 3 -4 4 -4 5 -4 6 -4 8 -4 9 -3 13 10 -3 12 -3 14 -2 15 -2 16 -1 17 0 17 1 18 1 18 1 19 1 19 0 20 0 20 0 21 -1 21 0 22 -1 23 -1 23]
,,,-80,0,0,0,0,0,0,0,0,0,0,-92,0,6,1723325478456,0,0,0,0,1723325478456,124,[-17 19 -17 19 -17 19 -16 19 -16 19 -16 20 -16 19 -15 19 -15 19 -14 19 -14 19 -13 18 -13 18 -13 18 -13 17 -13 17 -12 16 -12 15 -12 14 -12 13 -11 12 -11 11 -11 13 10 -10 9 -10 8 0 0 0 0 0 0 0 0 0 0 0 0 0 0 0 0 0 0 0 0 0 0 0 2 0 3 -1 4 -2 4 -2 6 -3 6 -4 8 -6 8 -7 9 -9 13 10 -9 11 -11 11 -12 11 -13 11 -14 11 -15 12 -15 12 -15 12 -16 12 -16 13 -17 13 -16 14 -17 14 -17 16 -17 17]
,,,-80,0,0,0,0,0,0,0,0,0,0,-92,0,6,1723325478469,0,0,0,0,1723325478469,124,[-33 18 -32 19 -32 20 -33 20 -33 20 -33 20 -31 20 -30 20 -30 20 -29 20 -29 21 -28 20 -27 20 -25 20 -26 20 -26 18 -24 18 -24 17 -23 15 -22 14 -21 12 -21 11 -20 13 10 -19 8 -18 7 0 0 0 0 0 0 0 0 0 0 0 0 0 0 0 0 0 0 0 0 0 0 -1 5 -2 5 -4 5 -5 6 -7 7 -8 8 -10 9 -12 9 -14 13 10 -17 13 10 -19 13 10 -22 13 10 -23 9 -25 9 -26 8 -27 9 -27 9 -27 9 -29 9 -29 11 -30 13 10 -31 12 -31 13]
,,,-80,0,0,0,0,0,0,0,0,0,0,-92,0,6,1723325478480,0,0,0,0,1723325478480,124,[25 13 10 26 13 10 26 13 10 27 9 27 9 27 8 26 8 26 8 26 8 25 7 25 7 24 6 24 6 24 5 23 5 23 6 22 6 20 6 19 6 18 6 17 6 16 7 15 7 14 7 13 7 0 0 0 0 0 0 0 0 0 0 0 0 0 0 0 0 0 0 0 0 0 0 2 -2 3 -2 5 -2 6 -1 7 -1 8 0 9 1 11 2 12 3 13 4 15 6 15 7 17 8 17 13 10 17 13 10 17 11 17 11 17 11 19 11 20 11 20 11 21 13 10 21 12]
,,,-80,0,0,0,0,0,0,0,0,0,0,-92,0,6,1723325478494,0,0,0,0,1723325478494,124,[22 13 10 23 13 10 22 13 10 23 9 23 9 23 9 23 13 10 22 9 22 9 22 7 22 7 21 7 21 7 20 6 21 7 19 7 19 7 17 7 17 8 16 7 14 7 13 7 13 7 11 7 13 10 8 0 0 0 0 0 0 0 0 0 0 0 0 0 0 0 0 0 0 0 0 0 0 2 -2 4 -2 4 -2 5 -1 6 0 7 1 8 1 9 2 13 10 3 11 3 13 5 13 7 14 8 15 8 15 13 10 14 13 10 15 13 10 15 13 10 16 11 16 11 17 11]
,,,-80,0,0,0,0,0,0,0,0,0,0,-92,0,6,1723325478519,0,0,0,0,1723325478519,124,[17 -17 18 -18 17 -18 18 -19 18 -18 18 -18 18 -18 16 -18 16 -18 15 -19 15 -18 14 -18 15 -18 13 -17 14 -18 13 -16 14 -16 13 -15 13 -14 13 -13 12 -11 11 -10 11 -10 11 -9 11 -8 0 0 0 0 0 0 0 0 0 0 0 0 0 0 0 0 0 0 0 0 0 0 -1 -4 0 -4 1 -5 2 -6 2 -6 3 -7 4 -8 6 -8 7 -9 9 -10 13 10 -10 11 -10 12 -11 13 -11 15 -11 15 -11 16 -10 15 -10 17 -12 17 -12 17 -12 17 -13 17 -13 18 -15 18 -15 19]
,,,-80,0,0,0,0,0,0,0,0,0,0,-92,0,6,1723325478535,0,0,0,0,1723325478535,124,[14 19 14 20 15 20 14 19 15 19 15 19 15 19 15 19 16 18 15 18 15 17 15 17 14 16 15 16 14 16 14 16 13 15 12 15 11 15 13 10 15 9 14 8 13 7 12 6 12 5 12 0 0 0 0 0 0 0 0 0 0 0 0 0 0 0 0 0 0 0 0 0 0 3 0 4 0 4 1 4 2 5 3 6 4 6 5 7 6 8 8 8 9 9 11 9 12 9 13 9 14 8 15 8 16 8 16 8 17 9 17 9 18 13 10 18 13 10 18 11 19 12 18 12]
,,,-80,0,0,0,0,0,0,0,0,0,0,-92,0,6,1723325478561,0,0,0,0,1723325478561,124,[4 -27 5 -28 4 -28 4 -29 4 -29 3 -29 3 -28 2 -28 1 -28 1 -28 1 -27 1 -26 1 -27 0 -25 0 -26 1 -24 1 -25 1 -23 2 -22 2 -21 3 -20 3 -19 4 -17 4 -17 5 -16 0 0 0 0 0 0 0 0 0 0 0 0 0 0 0 0 0 0 0 0 0 0 -3 -4 -2 -5 -2 -6 -2 -7 -1 -8 -1 -9 -1 -10 0 -12 1 -13 2 -15 2 -16 4 -18 5 -18 6 -19 7 -20 7 -20 7 -21 7 -21 8 -22 7 -22 8 -23 8 -24 7 -24 6 -25 6 -26 6 -27]
,,,-80,0,0,0,0,0,0,0,0,0,0,-92,0,6,1723325478588,0,0,0,0,1723325478588,124,[-23 -10 -24 -10 -24 -10 -24 -10 -24 -9 -25 -9 -24 -9 -24 -9 -23 -9 -24 -8 -23 -7 -23 -7 -24 -6 -22 -6 -22 -7 -21 -6 -21 -7 -20 -7 -18 -6 -18 -7 -16 -7 -16 -7 -15 -7 -14 -7 -13 -7 0 0 0 0 0 0 0 0 0 0 0 0 0 0 0 0 0 0 0 0 0 0 -4 1 -4 0 -6 0 -6 -1 -7 -1 -8 -2 -9 -3 -10 -4 -11 -5 -12 -5 -13 -7 -14 -8 -15 -9 -15 -9 -16 -11 -16 -12 -16 -12 -16 -12 -17 -12 -18 -11 -18 -12 -19 -12 -20 -12 -21 -12 -22 -12 -22 -12]
,,,-80,0,0,0,0,0,0,0,0,0,0,-92,0,6,1723325478599,0,0,0,0,1723325478599,124,[24 -3 25 -3 24 -3 25 -4 25 -4 24 -4 24 -4 24 -4 23 -4 23 -5 23 -5 22 -6 22 -6 21 -5 21 -5 21 -5 20 -4 20 -4 18 -3 18 -2 16 -2 16 -1 15 -1 15 -1 14 1 0 0 0 0 0 0 0 0 0 0 0 0 0 0 0 0 0 0 0 0 0 0 1 -3 2 -3 3 -4 5 -4 5 -3 7 -3 8 -3 9 -3 11 -2 12 -3 14 -2 15 -1 16 -1 17 0 18 0 18 1 18 1 19 1 19 1 20 1 21 1 22 1 22 0 22 -1 23 -1 24 -1]
,,,-80,0,0,0,0,0,0,0,0,0,0,-92,0,6,1723325478616,0,0,0,0,1723325478616,124,[18 17 18 17 18 17 19 17 19 17 18 17 18 16 18 16 18 16 18 15 18 14 18 13 18 14 18 13 17 13 16 13 16 13 15 13 14 12 13 13 12 11 11 12 13 10 11 9 11 7 11 0 0 0 0 0 0 0 0 0 0 0 0 0 0 0 0 0 0 0 0 0 0 3 -1 4 0 4 0 5 1 6 2 6 3 7 4 8 6 9 7 9 8 13 10 13 10 13 10 11 13 10 12 11 13 13 10 14 13 10 15 11 15 11 15 12 16 12 16 12 17 13 16 13]
,,,-80,0,0,0,0,0,0,0,0,0,0,-92,0,6,1723325478639,0,0,0,0,1723325478639,124,[18 17 18 16 18 17 18 17 17 17 18 16 18 17 18 16 18 16 18 15 18 14 18 13 17 14 18 13 17 13 17 13 15 13 14 13 13 13 12 13 12 12 11 12 13 10 11 9 11 8 11 0 0 0 0 0 0 0 0 0 0 0 0 0 0 0 0 0 0 0 0 0 0 3 -1 4 0 4 0 5 1 6 2 6 3 7 4 8 6 9 7 13 10 8 13 10 9 13 10 11 13 10 12 11 13 13 10 14 11 15 13 10 15 11 15 11 15 12 16 12 17 13 17 13]
,,,-80,0,0,0,0,0,0,0,0,0,0,-92,0,6,1723325478715,0,0,0,0,1723325478715,124,[23 -8 24 -9 23 -9 24 -10 24 -10 23 -10 24 -10 22 -10 22 -10 22 -11 20 -11 20 -11 19 -11 20 -11 19 -11 19 -10 18 -9 18 -9 17 -8 17 -8 15 -7 15 -6 15 -6 14 -5 14 -4 0 0 0 0 0 0 0 0 0 0 0 0 0 0 0 0 0 0 0 0 0 0 0 -4 2 -4 3 -4 4 -5 5 -5 6 -5 8 -5 9 -5 13 10 -5 12 -5 14 -5 15 -4 16 -4 17 -3 17 -3 18 -3 18 -3 19 -3 20 -4 20 -3 21 -4 21 -4 22 -5 23 -6 23 -6 23]
,,,-80,0,0,0,0,0,0,0,0,0,0,-92,0,6,1723325478726,0,0,0,0,1723325478726,124,[0 -25 0 -26 0 -25 0 -26 0 -26 0 -26 0 -25 -1 -25 -1 -25 -2 -25 -2 -24 -2 -23 -3 -23 -3 -22 -2 -22 -3 -21 -2 -21 -2 -21 -1 -20 0 -19 0 -18 0 -17 1 -16 1 -15 2 -14 0 0 0 0 0 0 0 0 0 0 0 0 0 0 0 0 0 0 0 0 0 0 -4 -3 -3 -4 -3 -5 -3 -6 -3 -6 -3 -8 -3 -9 -2 -11 -1 -12 -1 -13 0 -15 1 -16 2 -17 2 -18 3 -18 3 -19 4 -19 3 -20 3 -20 3 -20 4 -21 3 -22 3 -22 3 -23 2 -24 2 -25]
,,,-80,0,0,0,0,0,0,0,0,0,0,-92,0,6,1723325478738,0,0,0,0,1723325478738,124,[-23 -13 -22 -12 -22 -13 -22 -12 -22 -13 -23 -12 -22 -12 -22 -11 -22 -11 -22 -11 -22 -9 -21 -9 -21 -9 -21 -8 -20 -8 -20 -9 -19 -9 -18 -9 -17 -8 -17 -9 -15 -9 -15 -9 -14 -9 -13 -8 -11 -8 0 0 0 0 0 0 0 0 0 0 0 0 0 0 0 0 0 0 0 0 0 0 -3 1 -4 0 -5 0 -6 -1 -7 -1 -8 -3 -9 -3 -10 -4 -11 -5 -12 -6 -13 -8 -14 -9 -14 -10 -14 -11 -14 -11 -15 -13 -15 -12 -15 -13 -16 -13 -17 -13 -17 -14 -18 -14 -18 -14 -20 -13 -20 -13 -20 -14]
,,,-80,0,0,0,0,0,0,0,0,0,0,-92,0,6,1723325478754,0,0,0,0,1723325478754,124,[21 11 22 11 21 11 23 11 22 11 22 13 10 22 13 10 21 13 10 21 9 22 9 21 7 20 7 20 7 20 6 20 7 19 7 19 7 18 7 17 7 16 7 15 7 14 7 14 6 12 7 11 7 0 0 0 0 0 0 0 0 0 0 0 0 0 0 0 0 0 0 0 0 0 0 3 -2 3 -1 4 -1 5 -1 6 0 7 1 8 2 9 3 13 10 4 11 5 12 6 13 8 14 9 14 9 14 13 10 14 11 14 11 14 11 16 12 16 12 17 12 18 12 17 12 19]
,,,-80,0,0,0,0,0,0,0,0,0,0,-92,0,6,1723325478777,0,0,0,0,1723325478777,124,[-25 4 -26 4 -25 4 -25 5 -25 5 -25 5 -25 5 -24 5 -23 5 -23 6 -22 6 -22 7 -22 7 -21 7 -21 6 -20 6 -20 6 -20 5 -18 4 -18 3 -17 3 -16 2 -16 2 -15 1 -14 0 0 0 0 0 0 0 0 0 0 0 0 0 0 0 0 0 0 0 0 0 0 0 -2 3 -3 3 -4 3 -5 3 -6 3 -7 3 -9 3 -10 3 -11 3 -13 3 -14 2 -16 1 -17 1 -17 1 -18 0 -19 0 -20 0 -19 0 -21 0 -21 0 -22 1 -22 1 -22 1 -24 3 -24 2 -24 3]
,,,-80,0,0,0,0,0,0,0,0,0,0,-92,0,6,1723325478796,0,0,0,0,1723325478796,124,[2 24 2 25 2 24 3 25 3 24 2 24 3 24 3 23 3 23 4 23 4 22 4 21 4 21 4 21 4 21 4 20 3 20 2 19 2 18 2 18 1 16 1 15 0 15 0 14 -1 13 0 0 0 0 0 0 0 0 0 0 0 0 0 0 0 0 0 0 0 0 0 0 3 1 3 2 3 3 3 4 3 5 3 7 3 8 3 9 3 11 2 12 2 14 2 15 0 16 0 17 -1 17 -1 18 -2 19 -1 19 -1 19 -1 20 -1 21 -1 21 0 22 0 22 1 23 2 24]
,,,-80,0,0,0,0,0,0,0,0,0,0,-92,0,6,1723325478814,0,0,0,0,1723325478814,124,[18 -17 19 -17 18 -17 18 -18 18 -18 18 -18 18 -18 16 -18 16 -18 16 -18 15 -18 14 -17 14 -18 13 -17 14 -17 13 -16 13 -16 13 -15 12 -14 12 -13 12 -12 11 -11 11 -11 11 -10 11 -9 0 0 0 0 0 0 0 0 0 0 0 0 0 0 0 0 0 0 0 0 0 0 -1 -4 0 -5 0 -5 1 -6 2 -6 3 -7 4 -8 6 -8 7 -10 8 -9 13 10 -10 12 -10 13 -10 14 -11 15 -10 15 -11 15 -10 16 -10 16 -11 17 -12 17 -12 18 -13 18 -13 18 -14 18 -15 18]
,,,-80,0,0,0,0,0,0,0,0,0,0,-92,0,6,1723325478834,0,0,0,0,1723325478834,124,[25 12 25 12 24 12 25 11 25 11 25 11 25 11 24 11 24 13 10 24 9 24 9 23 8 23 8 22 7 23 8 22 8 21 8 20 8 19 7 18 8 17 8 16 8 15 8 13 8 12 8 0 0 0 0 0 0 0 0 0 0 0 0 0 0 0 0 0 0 0 0 0 0 2 -2 4 -2 5 -2 6 -1 7 -1 8 1 13 10 1 11 3 12 4 13 5 14 6 15 8 16 9 16 9 16 11 16 11 17 12 17 12 18 12 19 12 19 13 21 13 20 14 22 13 23 12]
,,,-80,0,0,0,0,0,0,0,0,0,0,-92,0,6,1723325478856,0,0,0,0,1723325478856,124,[22 13 10 22 11 22 13 10 23 13 10 23 9 23 9 23 9 22 8 22 9 22 8 21 7 21 7 21 7 20 6 20 7 19 6 19 6 18 7 17 6 16 6 15 6 14 7 13 7 12 6 11 7 0 0 0 0 0 0 0 0 0 0 0 0 0 0 0 0 0 0 0 0 0 0 3 -2 4 -2 4 -1 6 -1 6 0 7 1 9 2 13 10 2 11 3 12 4 13 6 13 8 14 8 14 9 14 9 15 13 10 15 11 15 11 16 11 17 11 18 11 18 11 19 12 20]
,,,-80,0,0,0,0,0,0,0,0,0,0,-92,0,6,1723325478874,0,0,0,0,1723325478874,124,[-4 36 -4 35 -4 37 -3 35 -3 36 -2 36 -3 35 -2 35 -2 35 -1 35 -1 33 -1 32 0 31 0 32 -1 31 -1 31 -1 29 -2 29 -3 27 -2 26 -4 24 -4 23 -4 21 -5 20 -6 19 0 0 0 0 0 0 0 0 0 0 0 0 0 0 0 0 0 0 0 0 0 0 4 3 4 4 3 6 3 7 3 9 3 11 2 13 2 15 1 18 0 19 -1 22 -2 23 -4 24 -5 25 -6 25 -7 27 -8 27 -8 28 -7 28 -7 29 -7 30 -7 31 -7 32 -6 33 -6 34 -5 36]
,,,-80,0,0,0,0,0,0,0,0,0,0,-92,0,6,1723325478898,0,0,0,0,1723325478898,124,[-17 19 -17 19 -16 20 -16 19 -16 20 -15 20 -15 20 -14 20 -14 20 -14 19 -13 19 -13 18 -12 19 -12 19 -12 18 -12 17 -11 16 -11 16 -11 15 -11 15 -11 13 -11 12 -10 11 -10 13 10 -10 9 0 0 0 0 0 0 0 0 0 0 0 0 0 0 0 0 0 0 0 0 0 0 1 3 0 4 -1 5 -2 5 -2 6 -3 7 -4 8 -5 9 -7 13 10 -8 11 -10 11 -11 12 -12 12 -13 12 -14 11 -15 12 -15 12 -15 13 -15 13 -16 14 -16 15 -16 15 -16 16 -17 16 -17 17]
,,,-80,0,0,0,0,0,0,0,0,0,0,-92,0,6,1723325478922,0,0,0,0,1723325478922,124,[2 -25 2 -26 2 -25 2 -26 2 -26 2 -26 1 -25 1 -25 1 -24 0 -25 0 -24 0 -23 -1 -23 -1 -22 0 -23 0 -21 0 -21 0 -20 1 -19 1 -19 1 -17 1 -16 2 -16 2 -15 3 -14 0 0 0 0 0 0 0 0 0 0 0 0 0 0 0 0 0 0 0 0 0 0 -4 -3 -4 -4 -3 -5 -3 -6 -2 -7 -2 -9 -2 -10 -2 -11 -1 -12 -1 -14 1 -16 2 -17 3 -17 4 -18 4 -18 4 -18 5 -20 5 -19 5 -20 5 -20 4 -21 5 -22 4 -22 4 -23 4 -24 4 -25]
,,,-80,0,0,0,0,0,0,0,0,0,0,-92,0,6,1723325478935,0,0,0,0,1723325478935,124,[18 16 19 16 19 16 19 15 19 16 19 16 19 16 18 15 19 14 19 13 18 12 18 12 18 12 18 11 18 12 17 12 16 12 15 12 14 12 13 11 12 13 10 11 13 10 11 13 10 13 10 13 10 8 13 10 0 0 0 0 0 0 0 0 0 0 0 0 0 0 0 0 0 0 0 0 0 0 3 -2 4 0 4 -1 5 0 6 1 7 3 8 4 9 5 13 10 6 11 7 11 9 12 11 12 11 12 12 12 13 12 14 11 14 13 14 13 14 13 15 14 16 14 15 15]
,,,-80,0,0,0,0,0,0,0,0,0,0,-92,0,6,1723325478954,0,0,0,0,1723325478954,124,[8 22 9 23 9 23 9 23 13 10 23 9 22 13 10 22 13 10 22 13 10 21 13 10 21 13 10 20 11 19 11 19 13 10 19 11 19 13 10 18 9 18 9 17 7 16 7 16 6 14 6 14 5 14 5 13 4 12 0 0 0 0 0 0 0 0 0 0 0 0 0 0 0 0 0 0 0 0 0 0 3 1 4 2 4 2 4 4 4 4 5 6 5 8 5 9 5 13 10 5 12 5 14 5 15 5 16 4 17 3 17 3 18 3 19 3 19 4 20 4 20 5 20 5]
,,,-80,0,0,0,0,0,0,0,0,0,0,-92,0,6,1723325478974,0,0,0,0,1723325478974,124,[13 10 22 13 10 22 13 10 22 11 22 11 22 11 21 11 22 11 21 11 21 11 20 11 19 11 19 13 10 19 11 18 11 18 13 10 18 13 10 18 9 17 8 16 7 15 7 14 6 14 5 13 4 13 3 12 0 0 0 0 0 0 0 0 0 0 0 0 0 0 0 0 0 0 0 0 0 0 3 0 4 1 4 1 4 3 5 4 6 5 6 7 6 8 7 13 10 7 11 6 13 7 15 6 16 6 16 5 17 5 18 5 19 5 19 6 19 5 19 6 20 7 20 7]
,,,-80,0,0,0,0,0,0,0,0,0,0,-92,0,6,1723325478997,0,0,0,0,1723325478997,124,[-19 16 -20 16 -19 16 -19 17 -19 17 -19 17 -19 16 -18 16 -17 16 -17 17 -16 16 -15 16 -16 17 -14 16 -14 16 -14 15 -14 15 -14 13 -13 13 -13 12 -13 11 -12 13 10 -12 13 10 -11 9 -11 8 0 0 0 0 0 0 0 0 0 0 0 0 0 0 0 0 0 0 0 0 0 0 0 4 -1 4 -2 5 -3 5 -4 6 -5 7 -6 7 -7 8 -9 9 -10 9 -12 13 10 -14 13 10 -15 13 10 -15 9 -16 9 -17 9 -18 13 10 -17 9 -18 13 10 -18 13 10 -19 11 -19 12]
,,,-80,0,0,0,0,0,0,0,0,0,0,-92,0,6,1723325479016,0,0,0,0,1723325479016,124,[14 32 14 33 14 33 15 33 16 32 16 32 16 32 16 31 16 31 16 30 16 28 17 27 17 27 17 26 17 26 15 26 15 25 13 25 12 23 11 23 11 20 13 10 20 9 20 7 18 6 18 0 0 0 0 0 0 0 0 0 0 0 0 0 0 0 0 0 0 0 0 0 0 5 1 6 3 6 3 7 5 7 7 8 9 8 12 8 14 8 16 9 18 8 21 8 23 7 24 7 25 5 26 6 28 5 28 5 28 7 29 7 29 8 30 9 31 9 32 13 10 32 11 32]
,,,-80,0,0,0,0,0,0,0,0,0,0,-92,0,6,1723325479054,0,0,0,0,1723325479054,124,[13 20 13 21 13 21 14 20 14 20 14 20 14 20 14 19 14 19 15 18 14 17 13 17 14 16 14 16 14 16 13 16 13 15 12 15 11 14 13 10 14 9 13 8 13 8 12 7 11 6 11 0 0 0 0 0 0 0 0 0 0 0 0 0 0 0 0 0 0 0 0 0 0 4 0 5 1 5 1 5 3 6 3 6 5 7 6 7 8 7 9 8 13 10 8 13 8 14 8 15 7 16 7 16 7 17 7 18 7 18 8 18 8 19 9 19 9 19 13 10 20 13 10 21]
,,,-80,0,0,0,0,0,0,0,0,0,0,-92,0,6,1723325479066,0,0,0,0,1723325479066,124,[-9 -23 -10 -24 -9 -23 -10 -24 -10 -23 -10 -23 -10 -23 -11 -23 -10 -22 -11 -22 -11 -21 -11 -20 -11 -20 -11 -20 -11 -20 -10 -19 -10 -18 -9 -18 -8 -17 -8 -17 -7 -15 -6 -15 -6 -14 -5 -14 -4 -13 0 0 0 0 0 0 0 0 0 0 0 0 0 0 0 0 0 0 0 0 0 0 -5 -2 -5 -3 -5 -4 -5 -5 -5 -5 -6 -7 -6 -8 -6 -10 -6 -11 -6 -13 -7 -15 -6 -16 -5 -17 -5 -18 -4 -18 -4 -19 -4 -20 -4 -19 -5 -21 -5 -21 -6 -21 -5 -21 -6 -22 -7 -23 -7 -23 -8 -24]
,,,-80,0,0,0,0,0,0,0,0,0,0,-92,0,6,1723325479078,0,0,0,0,1723325479078,124,[-2 25 -2 24 -2 25 -1 24 -1 25 -1 25 -1 24 0 24 0 24 1 23 1 22 1 22 1 21 2 22 1 21 1 20 1 19 0 19 0 18 -1 17 -1 15 -1 15 -1 14 -2 13 -3 12 0 0 0 0 0 0 0 0 0 0 0 0 0 0 0 0 0 0 0 0 0 0 3 2 3 3 2 4 2 5 2 6 2 7 1 13 10 1 11 1 12 0 13 -1 15 -2 16 -3 16 -3 17 -5 17 -5 18 -5 18 -5 19 -5 19 -5 20 -5 21 -4 21 -4 22 -4 22 -3 23 -3]
,,,-80,0,0,0,0,0,0,0,0,0,0,-92,0,6,1723325479133,0,0,0,0,1723325479133,124,[23 -10 23 -10 23 -10 22 -10 23 -10 22 -11 22 -11 21 -11 21 -11 21 -11 20 -11 19 -11 19 -11 18 -11 18 -11 18 -10 17 -10 16 -10 16 -8 15 -8 14 -7 14 -6 13 -6 13 -5 12 -4 0 0 0 0 0 0 0 0 0 0 0 0 0 0 0 0 0 0 0 0 0 0 0 -5 1 -5 2 -5 4 -6 5 -6 6 -6 7 -6 8 -6 13 10 -7 12 -7 13 -6 15 -6 16 -6 17 -5 17 -4 18 -5 18 -4 19 -4 20 -6 20 -5 21 -6 21 -6 22 -6 22 -7 23 -7 23]
,,,-80,0,0,0,0,0,0,0,0,0,0,-92,0,6,1723325479145,0,0,0,0,1723325479145,124,[-24 7 -25 7 -24 7 -24 8 -24 8 -24 9 -23 8 -23 9 -22 8 -22 8 -21 9 -21 9 -21 9 -19 9 -19 9 -19 8 -18 8 -17 7 -17 6 -17 6 -15 5 -15 5 -14 4 -13 4 -13 3 0 0 0 0 0 0 0 0 0 0 0 0 0 0 0 0 0 0 0 0 0 0 -2 4 -3 4 -4 4 -5 4 -6 4 -7 4 -8 5 -10 4 -11 4 -14 4 -15 4 -16 3 -17 3 -18 2 -19 2 -19 1 -19 2 -20 2 -21 2 -21 3 -22 3 -22 4 -22 3 -23 5 -24 5 -23 5]
,,,-80,0,0,0,0,0,0,0,0,0,0,-92,0,6,1723325479156,0,0,0,0,1723325479156,124,[-23 -11 -24 -11 -22 -10 -24 -10 -23 -10 -24 -10 -23 -9 -23 -10 -22 -9 -23 -8 -22 -7 -22 -7 -22 -7 -21 -6 -21 -7 -20 -6 -20 -6 -19 -7 -17 -7 -17 -7 -15 -7 -14 -6 -14 -7 -12 -6 -12 -7 0 0 0 0 0 0 0 0 0 0 0 0 0 0 0 0 0 0 0 0 0 0 -4 2 -5 1 -6 1 -7 0 -7 0 -9 -1 -10 -2 -11 -3 -12 -4 -13 -5 -14 -6 -15 -8 -15 -9 -16 -9 -16 -11 -16 -11 -16 -12 -16 -12 -18 -12 -18 -12 -19 -12 -19 -12 -19 -12 -20 -12 -22 -12 -22 -12]
,,,-80,0,0,0,0,0,0,0,0,0,0,-92,0,6,1723325479174,0,0,0,0,1723325479174,124,[-27 -25 -27 -26 -26 -26 -28 -25 -28 -24 -29 -24 -28 -24 -27 -23 -28 -23 -27 -22 -27 -21 -26 -20 -27 -19 -26 -18 -26 -19 -25 -18 -24 -19 -22 -17 -20 -17 -20 -17 -18 -16 -17 -15 -16 -15 -14 -14 -13 -14 0 0 0 0 0 0 0 0 0 0 0 0 0 0 0 0 0 0 0 0 0 0 -6 1 -8 0 -9 -1 -10 -2 -11 -3 -12 -6 -13 -7 -14 -10 -14 -11 -16 -13 -17 -16 -17 -19 -17 -20 -17 -21 -17 -23 -17 -23 -17 -24 -17 -24 -18 -25 -19 -24 -20 -25 -21 -26 -21 -27 -23 -27 -24 -27 -25 -28]
,,,-80,0,0,0,0,0,0,0,0,0,0,-92,0,6,1723325479194,0,0,0,0,1723325479194,124,[-31 -20 -32 -21 -31 -20 -32 -20 -32 -19 -32 -19 -32 -18 -31 -18 -31 -16 -32 -16 -31 -15 -30 -14 -30 -13 -29 -12 -29 -13 -28 -12 -27 -12 -26 -12 -24 -13 -23 -12 -20 -12 -19 -11 -18 -11 -17 -10 -15 -11 0 0 0 0 0 0 0 0 0 0 0 0 0 0 0 0 0 0 0 0 0 0 -5 2 -7 1 -8 0 -10 0 -11 -1 -12 -4 -14 -5 -15 -7 -16 -9 -18 -11 -19 -13 -19 -15 -20 -16 -20 -17 -21 -20 -21 -20 -21 -20 -21 -21 -23 -21 -24 -21 -24 -22 -25 -21 -25 -22 -28 -21 -28 -21 -29 -23]
,,,-80,0,0,0,0,0,0,0,0,0,0,-92,0,6,1723325479214,0,0,0,0,1723325479214,124,[-18 17 -18 18 -17 17 -17 19 -16 19 -16 19 -15 18 -15 18 -14 18 -14 18 -14 18 -13 17 -13 18 -12 17 -13 17 -12 16 -11 15 -11 15 -11 13 -11 13 -11 11 -10 13 10 -10 13 10 -9 9 -9 8 0 0 0 0 0 0 0 0 0 0 0 0 0 0 0 0 0 0 0 0 0 0 1 3 1 4 -1 4 -1 5 -3 6 -3 7 -5 8 -6 9 -7 9 -8 13 10 -10 11 -11 11 -13 11 -14 13 10 -15 11 -16 11 -16 11 -16 13 10 -17 12 -17 13 -17 13 -17 14 -17 14 -18]
,,,-80,0,0,0,0,0,0,0,0,0,0,-92,0,6,1723325479234,0,0,0,0,1723325479234,124,[12 25 12 24 12 25 13 24 13 23 14 23 14 22 14 22 14 22 14 22 13 20 13 19 13 19 14 19 13 18 13 18 12 17 12 17 13 10 16 13 10 16 9 14 7 14 7 13 6 13 5 12 0 0 0 0 0 0 0 0 0 0 0 0 0 0 0 0 0 0 0 0 0 0 4 -1 4 1 5 1 5 2 6 3 6 6 6 7 7 9 7 13 10 7 12 7 15 7 16 6 17 6 18 5 18 5 20 5 20 6 21 6 20 7 21 7 22 8 22 8 23 8 24 9]
,,,-80,0,0,0,0,0,0,0,0,0,0,-92,0,6,1723325479256,0,0,0,0,1723325479256,124,[17 17 17 17 17 16 18 16 18 16 18 16 18 16 17 15 17 15 17 14 17 13 17 12 16 12 16 12 16 12 15 12 14 12 14 11 13 11 12 11 11 13 10 13 10 13 10 9 13 10 8 9 7 8 0 0 0 0 0 0 0 0 0 0 0 0 0 0 0 0 0 0 0 0 0 0 3 -2 3 -1 4 -1 5 0 6 1 7 2 7 3 8 5 9 6 13 10 7 13 10 9 11 11 11 12 11 13 11 13 13 10 14 13 10 15 11 15 12 15 12 15 13 16 14 16]
,,,-80,0,0,0,0,0,0,0,0,0,0,-92,0,6,1723325479281,0,0,0,0,1723325479281,124,[-21 -14 -22 -14 -21 -14 -21 -14 -22 -13 -22 -13 -21 -13 -21 -12 -21 -12 -21 -11 -21 -10 -20 -10 -21 -10 -19 -10 -20 -10 -18 -9 -18 -9 -17 -9 -16 -9 -15 -9 -14 -9 -13 -8 -12 -8 -11 -8 -10 -8 0 0 0 0 0 0 0 0 0 0 0 0 0 0 0 0 0 0 0 0 0 0 -3 2 -5 1 -5 0 -6 0 -7 -1 -8 -3 -9 -3 -10 -4 -11 -6 -12 -6 -13 -8 -13 -10 -14 -11 -14 -11 -14 -13 -14 -13 -14 -14 -14 -14 -15 -14 -15 -14 -16 -14 -17 -15 -17 -15 -19 -14 -19 -15 -20 -15]
,,,-80,0,0,0,0,0,0,0,0,0,0,-92,0,6,1723325479295,0,0,0,0,1723325479295,124,[-14 20 -14 21 -13 20 -13 21 -13 21 -13 21 -13 20 -12 20 -12 20 -11 20 -11 20 -10 19 -10 19 -8 19 -9 19 -9 18 -9 17 -9 16 -9 15 -9 14 -8 13 -8 12 -8 11 -7 13 10 -8 9 0 0 0 0 0 0 0 0 0 0 0 0 0 0 0 0 0 0 0 0 0 0 1 2 1 3 0 4 -1 5 -1 6 -2 7 -3 8 -4 9 -5 13 10 -7 11 -8 12 -10 12 -11 12 -12 13 -13 12 -13 13 -14 13 -14 13 -14 14 -14 15 -15 15 -14 16 -15 16 -15 18 -15 18]
,,,-80,0,0,0,0,0,0,0,0,0,0,-92,0,6,1723325479315,0,0,0,0,1723325479315,124,[-26 -3 -25 -3 -25 -3 -25 -2 -25 -2 -25 -2 -25 -2 -24 -1 -24 -1 -24 0 -23 0 -22 0 -22 0 -22 1 -21 0 -21 1 -20 0 -20 0 -18 -1 -17 -1 -16 -1 -16 -2 -15 -2 -13 -2 -12 -2 0 0 0 0 0 0 0 0 0 0 0 0 0 0 0 0 0 0 0 0 0 0 -2 2 -3 2 -5 2 -6 2 -6 2 -7 1 -9 1 -10 0 -11 0 -13 -1 -15 -2 -16 -4 -17 -4 -17 -5 -17 -5 -19 -6 -19 -6 -19 -7 -20 -6 -21 -6 -21 -6 -22 -6 -22 -6 -23 -5 -23 -5 -24 -5]
,,,-80,0,0,0,0,0,0,0,0,0,0,-92,0,6,1723325479336,0,0,0,0,1723325479336,124,[-14 -21 -15 -22 -14 -20 -15 -21 -14 -20 -15 -20 -15 -20 -15 -20 -15 -19 -15 -19 -15 -18 -15 -17 -15 -17 -14 -16 -14 -17 -13 -16 -13 -16 -12 -15 -10 -15 -11 -15 -9 -14 -8 -12 -8 -12 -7 -12 -6 -12 0 0 0 0 0 0 0 0 0 0 0 0 0 0 0 0 0 0 0 0 0 0 -4 0 -5 -1 -5 -1 -5 -2 -6 -3 -7 -5 -7 -6 -8 -7 -8 -9 -9 -10 -9 -12 -9 -13 -9 -14 -9 -15 -9 -17 -8 -18 -9 -18 -8 -18 -9 -19 -9 -19 -10 -19 -10 -20 -11 -20 -11 -20 -13 -21 -13 -22]
,,,-80,0,0,0,0,0,0,0,0,0,0,-92,0,6,1723325479354,0,0,0,0,1723325479354,124,[-28 -1 -29 0 -28 -1 -29 0 -28 0 -28 1 -28 1 -27 1 -27 1 -27 1 -26 2 -25 2 -25 2 -24 2 -24 2 -23 2 -23 1 -22 1 -20 0 -19 0 -18 0 -17 -1 -16 -1 -15 -2 -15 -3 0 0 0 0 0 0 0 0 0 0 0 0 0 0 0 0 0 0 0 0 0 0 -2 3 -3 3 -5 3 -6 3 -7 3 -8 2 -10 2 -11 1 -13 2 -15 1 -17 0 -18 -1 -19 -2 -20 -2 -21 -3 -21 -4 -22 -4 -22 -4 -24 -4 -24 -3 -25 -4 -25 -3 -25 -4 -27 -3 -27 -3 -27 -3]
,,,-80,0,0,0,0,0,0,0,0,0,0,-92,0,6,1723325479379,0,0,0,0,1723325479379,124,[-24 -14 -25 -14 -24 -14 -25 -13 -25 -13 -25 -13 -25 -12 -25 -12 -25 -12 -24 -12 -24 -11 -23 -10 -23 -10 -23 -9 -22 -10 -22 -9 -20 -9 -20 -9 -18 -9 -18 -9 -16 -9 -15 -9 -14 -9 -13 -9 -12 -9 0 0 0 0 0 0 0 0 0 0 0 0 0 0 0 0 0 0 0 0 0 0 -3 1 -4 1 -5 0 -6 0 -7 -1 -8 -2 -9 -3 -11 -4 -12 -5 -13 -6 -14 -8 -15 -10 -15 -11 -16 -12 -16 -13 -16 -14 -17 -14 -17 -15 -18 -14 -19 -15 -19 -15 -20 -15 -20 -16 -21 -15 -22 -16 -23 -16]
,,,-80,0,0,0,0,0,0,0,0,0,0,-92,0,6,1723325479394,0,0,0,0,1723325479394,124,[-21 -13 -22 -13 -22 -13 -22 -12 -22 -12 -23 -12 -22 -11 -22 -12 -22 -11 -21 -10 -22 -10 -21 -10 -21 -9 -20 -9 -20 -9 -19 -8 -18 -9 -18 -9 -16 -9 -16 -8 -14 -9 -14 -8 -13 -8 -12 -8 -11 -8 0 0 0 0 0 0 0 0 0 0 0 0 0 0 0 0 0 0 0 0 0 0 -3 1 -4 1 -5 0 -6 0 -6 -1 -8 -2 -8 -3 -10 -3 -11 -4 -12 -5 -13 -7 -13 -8 -14 -9 -14 -10 -15 -11 -15 -12 -15 -13 -15 -13 -16 -13 -17 -13 -17 -14 -18 -14 -19 -14 -20 -14 -20 -14 -20 -14]
,,,-80,0,0,0,0,0,0,0,0,0,0,-92,0,6,1723325479417,0,0,0,0,1723325479417,124,[-25 -1 -25 0 -25 0 -26 0 -25 1 -25 1 -25 1 -25 1 -24 1 -24 2 -23 2 -23 2 -23 3 -22 3 -22 3 -21 2 -20 1 -20 1 -18 1 -18 0 -17 0 -15 -1 -15 -1 -14 -2 -13 -2 0 0 0 0 0 0 0 0 0 0 0 0 0 0 0 0 0 0 0 0 0 0 -1 2 -2 2 -4 2 -5 2 -6 2 -7 2 -8 2 -9 1 -11 1 -12 1 -14 0 -15 -1 -17 -2 -17 -2 -18 -3 -19 -3 -19 -3 -19 -3 -21 -3 -21 -3 -22 -3 -22 -3 -23 -3 -24 -3 -24 -2 -25 -2]
,,,-80,0,0,0,0,0,0,0,0,0,0,-92,0,6,1723325479434,0,0,0,0,1723325479434,124,[23 7 23 7 23 7 24 7 24 7 24 6 23 7 23 6 23 6 23 5 22 4 22 4 21 4 21 4 21 4 20 4 19 4 18 4 17 5 16 5 15 5 14 5 13 5 12 5 11 6 0 0 0 0 0 0 0 0 0 0 0 0 0 0 0 0 0 0 0 0 0 0 1 -2 2 -2 3 -2 4 -2 5 -1 6 -1 7 0 9 0 13 10 1 11 2 13 3 14 4 15 5 15 6 16 7 16 8 16 8 17 8 18 8 18 9 19 8 20 8 20 9 22 8 22 8 23]
,,,-80,0,0,0,0,0,0,0,0,0,0,-92,0,6,1723325479458,0,0,0,0,1723325479458,124,[-37 -1 -38 -1 -36 0 -38 0 -37 0 -38 0 -37 0 -36 0 -36 0 -35 2 -35 3 -34 3 -35 3 -32 2 -32 2 -31 2 -30 1 -29 0 -27 -1 -26 -2 -25 -2 -23 -2 -22 -2 -21 -3 -19 -4 0 0 0 0 0 0 0 0 0 0 0 0 0 0 0 0 0 0 0 0 0 0 -2 3 -4 3 -5 3 -7 3 -9 3 -10 3 -12 2 -14 2 -16 1 -19 1 -21 0 -22 -1 -24 -2 -26 -3 -26 -4 -27 -5 -28 -5 -28 -5 -30 -5 -30 -5 -32 -5 -32 -5 -32 -5 -35 -3 -35 -3 -36 -3]
,,,-80,0,0,0,0,0,0,0,0,0,0,-92,0,6,1723325479474,0,0,0,0,1723325479474,124,[25 5 24 4 25 4 24 3 25 3 25 3 25 2 24 2 24 2 24 1 24 1 22 1 22 0 22 0 21 0 22 1 20 1 19 1 18 2 18 2 16 2 15 3 14 3 13 3 12 3 0 0 0 0 0 0 0 0 0 0 0 0 0 0 0 0 0 0 0 0 0 0 1 -2 2 -3 4 -2 4 -2 5 -2 6 -1 8 -1 9 0 13 10 1 12 1 13 2 14 3 15 4 16 4 16 5 17 6 17 6 18 7 19 6 20 6 20 6 21 6 22 7 22 6 23 6 24]
,,,-80,0,0,0,0,0,0,0,0,0,0,-92,0,6,1723325479494,0,0,0,0,1723325479494,124,[13 10 22 13 10 23 13 10 22 12 23 11 23 12 22 12 22 12 21 12 21 12 20 12 20 12 19 12 19 12 19 12 19 13 10 18 13 10 18 9 17 9 16 7 16 6 15 6 14 6 13 5 13 3 13 0 0 0 0 0 0 0 0 0 0 0 0 0 0 0 0 0 0 0 0 0 0 2 0 3 1 3 1 3 3 3 4 5 5 4 7 5 8 5 13 10 5 11 5 13 5 14 5 15 5 16 5 17 4 18 4 19 4 18 5 20 5 20 5 20 6 21 6 21]
,,,-80,0,0,0,0,0,0,0,0,0,0,-92,0,6,1723325479517,0,0,0,0,1723325479517,124,[-9 23 -10 24 -9 23 -9 24 -9 24 -9 24 -8 24 -7 24 -7 24 -6 24 -6 23 -6 22 -6 23 -5 22 -5 22 -5 20 -5 20 -6 20 -6 18 -6 17 -6 15 -6 15 -6 14 -6 13 -7 11 0 0 0 0 0 0 0 0 0 0 0 0 0 0 0 0 0 0 0 0 0 0 2 2 1 3 0 4 0 5 -1 6 -1 7 -2 8 -3 13 10 -3 11 -4 11 -5 14 -7 14 -8 14 -9 15 -10 15 -10 15 -11 17 -10 16 -11 18 -11 18 -12 19 -11 19 -11 20 -11 21 -11 21 -11]
,,,-80,0,0,0,0,0,0,0,0,0,0,-92,0,6,1723325479539,0,0,0,0,1723325479539,124,[-27 9 -28 13 10 -25 13 10 -27 13 10 -27 11 -26 11 -26 11 -25 11 -25 13 10 -25 11 -24 11 -23 11 -24 12 -22 12 -22 12 -22 11 -21 13 10 -20 13 10 -19 8 -19 8 -18 7 -17 5 -16 5 -16 4 -15 3 0 0 0 0 0 0 0 0 0 0 0 0 0 0 0 0 0 0 0 0 0 0 -1 3 -2 3 -4 3 -5 4 -6 4 -7 4 -8 5 -10 5 -11 5 -14 5 -15 5 -17 4 -18 4 -19 3 -20 3 -21 3 -22 3 -22 3 -23 3 -24 4 -25 5 -25 5 -25 5]
,,,-80,0,0,0,0,0,0,0,0,0,0,-92,0,6,1723325479584,0,0,0,0,1723325479584,124,[-26 -2 -27 -2 -25 -1 -26 -1 -26 0 -26 -1 -26 0 -25 0 -25 0 -24 1 -24 2 -23 2 -24 2 -22 2 -23 2 -21 2 -21 1 -20 1 -19 0 -18 0 -17 0 -16 -1 -15 -1 -15 -1 -14 -2 0 0 0 0 0 0 0 0 0 0 0 0 0 0 0 0 0 0 0 0 0 0 -2 2 -3 1 -4 2 -6 2 -6 1 -7 1 -9 1 -10 0 -11 0 -13 -1 -14 -2 -15 -3 -17 -3 -18 -3 -18 -4 -18 -5 -19 -5 -19 -5 -20 -5 -21 -5 -22 -5 -22 -5 -22 -4 -24 -3 -24 -4 -25 -4]
,,,-80,0,0,0,0,0,0,0,0,0,0,-92,0,6,1723325479595,0,0,0,0,1723325479595,124,[24 24 24 24 25 24 25 22 26 23 26 22 25 22 26 21 25 21 25 21 24 19 24 19 24 18 25 18 23 17 23 18 22 17 21 17 19 16 18 16 16 15 15 15 14 15 12 14 11 14 0 0 0 0 0 0 0 0 0 0 0 0 0 0 0 0 0 0 0 0 0 0 3 -2 5 0 6 0 6 1 7 2 7 4 13 10 5 13 10 7 11 9 13 11 13 13 13 15 14 17 14 18 14 18 14 21 15 21 15 21 16 21 17 22 18 23 19 23 19 24 21 24 21 25]
,,,-80,0,0,0,0,0,0,0,0,0,0,-92,0,6,1723325479607,0,0,0,0,1723325479607,124,[6 -24 6 -24 6 -25 5 -25 5 -25 5 -25 5 -25 4 -24 4 -25 3 -24 3 -23 2 -22 2 -22 2 -23 2 -22 3 -21 2 -20 3 -20 3 -18 3 -18 3 -16 4 -16 4 -15 4 -14 4 -13 0 0 0 0 0 0 0 0 0 0 0 0 0 0 0 0 0 0 0 0 0 0 -3 -3 -2 -3 -2 -5 -2 -5 -1 -6 -1 -8 0 -9 0 -10 1 -11 2 -12 3 -14 4 -15 5 -16 6 -16 6 -16 7 -17 7 -17 7 -18 8 -18 8 -19 8 -20 8 -21 8 -21 7 -22 7 -23 8 -24]
,,,-80,0,0,0,0,0,0,0,0,0,0,-92,0,6,1723325479619,0,0,0,0,1723325479619,124,[12 -22 12 -22 12 -22 12 -23 12 -23 11 -23 12 -23 13 10 -23 13 10 -23 13 10 -22 9 -22 9 -21 8 -22 8 -21 8 -21 8 -20 8 -19 8 -18 8 -17 8 -17 8 -15 8 -14 7 -13 7 -12 8 -11 0 0 0 0 0 0 0 0 0 0 0 0 0 0 0 0 0 0 0 0 0 0 -2 -3 -2 -4 -1 -5 0 -6 0 -7 1 -7 1 -9 2 -10 4 -10 5 -12 6 -13 8 -13 9 -14 13 10 -14 13 10 -14 11 -15 11 -15 11 -15 12 -17 13 -17 13 -18 13 -18 13 -19 13]
,,,-80,0,0,0,0,0,0,0,0,0,0,-92,0,6,1723325479639,0,0,0,0,1723325479639,124,[-19 16 -20 17 -19 16 -19 17 -19 17 -18 17 -19 17 -17 18 -17 16 -17 17 -17 17 -16 16 -16 17 -15 16 -15 17 -15 15 -14 15 -14 14 -14 12 -13 12 -13 13 10 -13 13 10 -12 9 -12 8 -12 7 0 0 0 0 0 0 0 0 0 0 0 0 0 0 0 0 0 0 0 0 0 0 0 2 -1 3 -2 4 -2 4 -3 5 -4 6 -5 7 -6 7 -7 8 -9 9 -11 9 -12 9 -13 9 -14 9 -16 9 -16 9 -17 13 10 -17 13 10 -18 11 -18 11 -18 12 -18 12 -19 12 -20 13]
,,,-80,0,0,0,0,0,0,0,0,0,0,-92,0,6,1723325479654,0,0,0,0,1723325479654,124,[-14 -25 -14 -24 -16 -26 -15 -24 -16 -24 -16 -24 -16 -24 -16 -23 -17 -23 -16 -23 -16 -21 -16 -20 -15 -20 -16 -21 -15 -19 -15 -20 -14 -19 -13 -19 -12 -18 -11 -18 -10 -16 -10 -16 -9 -15 -7 -14 -6 -14 0 0 0 0 0 0 0 0 0 0 0 0 0 0 0 0 0 0 0 0 0 0 -4 -1 -4 -2 -5 -3 -5 -3 -5 -4 -6 -6 -7 -7 -6 -9 -8 -10 -9 -12 -8 -15 -8 -16 -8 -17 -7 -18 -7 -18 -8 -21 -7 -20 -8 -21 -8 -21 -9 -22 -9 -23 -10 -23 -10 -25 -11 -24 -12 -24 -12 -25]
,,,-80,0,0,0,0,0,0,0,0,0,0,-92,0,6,1723325479676,0,0,0,0,1723325479676,124,[20 -15 20 -16 19 -15 20 -16 20 -16 19 -16 20 -16 19 -16 18 -16 18 -16 17 -16 17 -16 17 -16 16 -15 16 -16 15 -14 15 -13 15 -13 14 -12 14 -11 13 -10 13 -8 12 -8 12 -7 11 -6 0 0 0 0 0 0 0 0 0 0 0 0 0 0 0 0 0 0 0 0 0 0 -1 -3 0 -4 1 -4 1 -5 2 -5 3 -6 4 -7 5 -7 7 -8 8 -9 13 10 -9 12 -9 13 -9 14 -9 15 -9 16 -9 16 -9 16 -9 18 -10 18 -10 19 -11 19 -11 19 -12 20 -13 20 -13 21]
,,,-80,0,0,0,0,0,0,0,0,0,0,-92,0,6,1723325479694,0,0,0,0,1723325479694,124,[-10 22 -11 23 -10 22 -10 23 -9 23 -10 23 -9 23 -9 23 -8 22 -7 23 -7 22 -7 21 -7 22 -7 21 -7 21 -7 20 -7 19 -7 18 -7 17 -7 16 -7 14 -7 13 -7 13 -7 12 -7 11 0 0 0 0 0 0 0 0 0 0 0 0 0 0 0 0 0 0 0 0 0 0 1 1 1 2 0 3 0 4 -1 5 -1 6 -2 8 -2 9 -3 13 10 -4 11 -5 13 -6 13 -7 14 -8 14 -10 14 -10 15 -11 15 -11 16 -11 17 -11 17 -12 18 -12 18 -11 19 -11 20 -11 21 -11]
,,,-80,0,0,0,0,0,0,0,0,0,0,-92,0,6,1723325479716,0,0,0,0,1723325479716,124,[-5 26 -4 28 -5 27 -4 27 -4 27 -4 27 -3 27 -4 27 -3 26 -2 25 -1 25 -1 25 -1 25 -2 24 -1 24 -2 23 -2 22 -3 21 -3 20 -3 19 -4 17 -3 16 -3 15 -4 14 -4 13 0 0 0 0 0 0 0 0 0 0 0 0 0 0 0 0 0 0 0 0 0 0 2 1 2 2 1 2 1 4 1 5 1 7 0 8 0 13 10 -1 11 -1 13 -2 14 -3 15 -4 16 -5 17 -6 18 -6 18 -7 19 -7 19 -6 20 -7 21 -7 22 -7 22 -6 23 -5 24 -6 25 -5]
,,,-80,0,0,0,0,0,0,0,0,0,0,-92,0,6,1723325479734,0,0,0,0,1723325479734,124,[-25 1 -26 1 -25 1 -25 2 -25 2 -25 2 -25 2 -25 2 -24 2 -24 3 -23 3 -23 4 -23 3 -21 3 -21 2 -21 2 -20 2 -19 1 -18 0 -17 0 -16 -1 -16 0 -14 0 -13 -1 -13 -1 0 0 0 0 0 0 0 0 0 0 0 0 0 0 0 0 0 0 0 0 0 0 -1 1 -2 1 -3 2 -4 2 -5 2 -6 2 -7 2 -9 2 -10 1 -12 2 -14 1 -14 1 -16 0 -16 -1 -17 -2 -18 -2 -18 -2 -19 -3 -20 -2 -20 -2 -21 -2 -22 -2 -22 -1 -23 0 -24 0 -24 0]
,,,-80,0,0,0,0,0,0,0,0,0,0,-92,0,6,1723325479755,0,0,0,0,1723325479755,124,[20 -18 20 -18 20 -18 20 -18 20 -19 20 -19 20 -19 18 -18 18 -19 18 -19 17 -18 17 -18 17 -19 15 -18 16 -18 15 -16 15 -15 15 -14 14 -13 14 -13 13 -11 12 -10 12 -10 11 -9 11 -8 0 0 0 0 0 0 0 0 0 0 0 0 0 0 0 0 0 0 0 0 0 0 -1 -2 0 -3 1 -4 2 -4 2 -5 3 -6 4 -7 5 -8 7 -8 8 -9 13 10 -10 12 -10 13 -10 15 -10 15 -10 16 -10 17 -11 17 -11 18 -12 18 -12 19 -13 19 -13 19 -14 20 -14 20 -15 20]
,,,-80,0,0,0,0,0,0,0,0,0,0,-92,0,6,1723325479780,0,0,0,0,1723325479780,124,[-31 -14 -32 -14 -31 -14 -33 -14 -32 -14 -32 -14 -32 -13 -30 -13 -31 -12 -31 -12 -30 -11 -30 -10 -29 -10 -28 -10 -27 -11 -26 -10 -25 -11 -24 -11 -22 -11 -21 -11 -19 -11 -18 -10 -17 -9 -15 -9 -14 -9 0 0 0 0 0 0 0 0 0 0 0 0 0 0 0 0 0 0 0 0 0 0 -3 1 -3 0 -5 0 -6 0 -8 0 -9 -2 -10 -2 -12 -3 -13 -4 -16 -5 -18 -6 -18 -9 -20 -9 -20 -10 -20 -12 -21 -13 -21 -14 -21 -14 -24 -14 -24 -15 -25 -15 -25 -15 -26 -15 -29 -14 -29 -14 -30 -15]
,,,-80,0,0,0,0,0,0,0,0,0,0,-92,0,6,1723325479796,0,0,0,0,1723325479796,124,[-30 16 -31 17 -30 18 -31 18 -31 18 -31 19 -30 18 -29 18 -29 18 -28 19 -27 18 -27 17 -27 17 -25 17 -25 17 -24 15 -24 15 -23 13 -22 12 -21 11 -20 9 -19 8 -18 8 -17 7 -16 6 0 0 0 0 0 0 0 0 0 0 0 0 0 0 0 0 0 0 0 0 0 0 0 2 -2 3 -3 3 -4 4 -5 5 -6 6 -8 7 -9 7 -12 8 -14 9 -16 13 10 -19 13 10 -21 9 -22 9 -24 8 -24 9 -25 9 -25 13 10 -27 9 -27 13 10 -28 11 -29 11 -29 12 -30 14]
,,,-80,0,0,0,0,0,0,0,0,0,0,-92,0,6,1723325479816,0,0,0,0,1723325479816,124,[31 -15 32 -15 32 -16 33 -16 33 -16 32 -16 32 -17 31 -16 31 -16 31 -16 30 -15 28 -15 28 -15 27 -15 27 -15 26 -13 25 -13 24 -12 23 -10 22 -9 20 -8 19 -7 19 -6 17 -5 17 -4 0 0 0 0 0 0 0 0 0 0 0 0 0 0 0 0 0 0 0 0 0 0 0 -3 1 -4 3 -4 4 -4 5 -6 6 -7 8 -8 9 -8 12 -9 14 -9 16 -9 18 -9 21 -9 22 -9 23 -8 24 -9 24 -8 25 -8 27 -9 28 -10 29 -9 29 -11 29 -11 30 -12 31 -13 32 -13]
,,,-80,0,0,0,0,0,0,0,0,0,0,-92,0,6,1723325479838,0,0,0,0,1723325479838,124,[-13 -24 -14 -24 -13 -24 -14 -24 -14 -23 -14 -23 -14 -24 -14 -23 -14 -23 -14 -22 -14 -22 -14 -20 -14 -21 -13 -19 -13 -20 -12 -19 -12 -19 -11 -18 -10 -17 -10 -16 -8 -15 -8 -14 -7 -14 -6 -13 -5 -13 0 0 0 0 0 0 0 0 0 0 0 0 0 0 0 0 0 0 0 0 0 0 -2 -1 -3 -2 -4 -3 -4 -4 -5 -4 -5 -6 -6 -7 -6 -8 -7 -10 -7 -11 -7 -14 -7 -15 -7 -15 -7 -17 -7 -18 -7 -19 -7 -19 -7 -19 -8 -21 -8 -20 -8 -21 -10 -22 -10 -22 -10 -23 -11 -24 -11 -24]
,,,-80,0,0,0,0,0,0,0,0,0,0,-92,0,6,1723325479855,0,0,0,0,1723325479855,124,[-20 18 -21 19 -20 18 -20 19 -20 20 -20 19 -19 19 -19 19 -18 18 -18 18 -18 18 -18 17 -17 18 -16 17 -16 17 -16 15 -16 15 -15 14 -14 13 -14 12 -13 11 -13 13 10 -13 9 -12 8 -12 7 0 0 0 0 0 0 0 0 0 0 0 0 0 0 0 0 0 0 0 0 0 0 0 1 -1 3 -2 3 -3 4 -3 5 -4 6 -5 7 -6 8 -7 9 -9 9 -11 13 10 -13 13 10 -14 11 -15 11 -16 11 -16 11 -17 11 -17 12 -18 13 -18 13 -19 14 -19 14 -20 14 -21 15 -21]
,,,-80,0,0,0,0,0,0,0,0,0,0,-92,0,6,1723325479876,0,0,0,0,1723325479876,124,[-2 -27 -2 -28 -3 -28 -2 -27 -4 -27 -4 -27 -4 -27 -4 -26 -4 -27 -4 -26 -4 -25 -4 -24 -4 -24 -4 -24 -4 -23 -4 -22 -3 -21 -3 -21 -3 -19 -2 -19 -2 -18 -1 -17 -1 -16 0 -15 1 -14 0 0 0 0 0 0 0 0 0 0 0 0 0 0 0 0 0 0 0 0 0 0 -3 -2 -3 -3 -3 -4 -3 -4 -3 -5 -3 -8 -4 -9 -3 -10 -3 -12 -2 -13 -2 -15 -1 -17 0 -18 0 -18 0 -18 1 -20 1 -20 1 -21 1 -22 0 -22 0 -23 0 -23 0 -25 0 -25 0 -26 -1 -27]
,,,-80,0,0,0,0,0,0,0,0,0,0,-92,0,6,1723325479894,0,0,0,0,1723325479894,124,[19 15 18 14 19 14 19 13 19 14 20 14 19 14 19 13 19 14 19 12 18 12 18 11 17 11 18 11 17 11 17 11 15 13 10 15 13 10 13 13 10 13 13 10 12 9 11 9 13 10 9 9 9 8 8 0 0 0 0 0 0 0 0 0 0 0 0 0 0 0 0 0 0 0 0 0 0 2 -1 2 0 3 0 4 0 5 1 5 2 7 3 8 3 8 5 9 6 13 10 7 13 10 9 11 13 10 11 11 11 11 12 13 11 12 12 13 13 13 13 13 14 14 15 14]
,,,-80,0,0,0,0,0,0,0,0,0,0,-92,0,6,1723325479914,0,0,0,0,1723325479914,124,[2 -27 3 -28 2 -28 2 -28 2 -28 2 -28 2 -28 1 -27 1 -27 0 -27 0 -26 0 -25 0 -25 0 -24 0 -25 0 -23 1 -22 1 -22 1 -20 1 -20 2 -18 2 -17 2 -17 2 -16 3 -15 0 0 0 0 0 0 0 0 0 0 0 0 0 0 0 0 0 0 0 0 0 0 -2 -2 -2 -3 -2 -4 -2 -6 -2 -6 -2 -8 -2 -9 -2 -11 -1 -12 0 -14 0 -15 1 -17 2 -18 3 -18 4 -19 4 -20 4 -21 5 -20 4 -21 4 -22 4 -22 5 -24 4 -24 3 -25 4 -26 3 -27]
,,,-80,0,0,0,0,0,0,0,0,0,0,-92,0,6,1723325479938,0,0,0,0,1723325479938,124,[25 -10 25 -10 25 -10 25 -11 25 -10 25 -11 25 -10 24 -10 24 -11 23 -11 22 -11 21 -11 21 -11 21 -11 21 -10 20 -9 19 -9 19 -8 18 -8 17 -7 16 -6 16 -6 15 -5 14 -4 14 -4 0 0 0 0 0 0 0 0 0 0 0 0 0 0 0 0 0 0 0 0 0 0 0 -3 0 -3 2 -4 3 -4 3 -5 5 -5 6 -6 8 -6 9 -6 11 -7 13 -7 14 -7 16 -6 16 -6 18 -5 18 -5 19 -5 19 -4 20 -6 21 -6 21 -6 22 -6 22 -7 24 -8 24 -9 24 -9]
,,,-80,0,0,0,0,0,0,0,0,0,0,-92,0,6,1723325479958,0,0,0,0,1723325479958,124,[20 11 21 11 20 11 21 11 21 11 21 11 21 11 20 13 10 20 13 10 20 13 10 20 9 20 8 19 8 18 8 18 8 18 8 17 8 16 8 15 8 14 8 13 8 12 8 12 7 11 7 13 10 8 0 0 0 0 0 0 0 0 0 0 0 0 0 0 0 0 0 0 0 0 0 0 1 -2 2 -1 3 -1 4 -1 5 0 6 0 7 1 8 2 9 3 13 10 4 11 5 12 7 13 7 13 8 13 9 13 13 10 13 13 10 14 11 14 11 15 11 16 11 16 11 17]
,,,-80,0,0,0,0,0,0,0,0,0,0,-92,0,6,1723325479974,0,0,0,0,1723325479974,124,[-3 26 -3 27 -2 27 -3 27 -2 27 -2 27 -2 26 -1 26 -2 26 -2 25 -2 24 -1 23 -1 23 0 23 -1 23 -1 22 -1 21 -1 20 -1 19 -2 18 -2 16 -3 16 -3 15 -4 15 -4 13 0 0 0 0 0 0 0 0 0 0 0 0 0 0 0 0 0 0 0 0 0 0 2 1 2 2 2 2 2 4 1 4 2 6 1 8 1 9 1 11 0 12 -1 14 -2 16 -3 17 -4 17 -4 17 -5 18 -5 19 -5 19 -5 20 -5 20 -5 21 -5 22 -5 23 -4 24 -4 24 -4 26]
,,,-80,0,0,0,0,0,0,0,0,0,0,-92,0,6,1723325479996,0,0,0,0,1723325479996,124,[-38 -9 -40 -8 -38 -9 -40 -8 -40 -9 -38 -8 -40 -9 -38 -8 -37 -8 -37 -6 -37 -5 -36 -5 -35 -5 -34 -6 -34 -5 -32 -6 -31 -5 -29 -7 -28 -7 -27 -7 -25 -7 -24 -7 -23 -6 -21 -7 -20 -8 0 0 0 0 0 0 0 0 0 0 0 0 0 0 0 0 0 0 0 0 0 0 -2 2 -4 2 -5 2 -7 2 -8 2 -10 1 -12 0 -14 -1 -16 -1 -19 -2 -22 -4 -23 -5 -25 -7 -25 -8 -27 -10 -26 -10 -28 -11 -27 -11 -30 -11 -30 -11 -32 -11 -32 -11 -33 -11 -36 -9 -36 -9 -37 -10]
,,,-80,0,0,0,0,0,0,0,0,0,0,-92,0,6,1723325480021,0,0,0,0,1723325480021,124,[16 19 17 20 16 20 17 20 17 19 17 19 17 20 17 19 16 19 16 18 16 18 15 17 16 17 16 16 16 16 14 16 14 15 13 14 12 14 11 14 13 10 12 9 12 9 12 8 12 7 12 0 0 0 0 0 0 0 0 0 0 0 0 0 0 0 0 0 0 0 0 0 0 1 -1 2 0 3 0 3 1 4 1 6 3 6 4 7 5 8 7 8 8 9 11 9 12 8 13 9 14 9 15 9 16 9 17 9 16 13 10 17 13 10 17 11 18 12 18 11 19 13 19 14]
,,,-80,0,0,0,0,0,0,0,0,0,0,-92,0,6,1723325480035,0,0,0,0,1723325480035,124,[4 25 4 25 5 26 4 26 5 25 5 25 5 25 4 24 5 24 5 24 5 23 5 22 5 22 5 22 5 21 5 20 4 20 4 19 3 18 3 17 2 16 2 15 2 15 1 14 0 13 0 0 0 0 0 0 0 0 0 0 0 0 0 0 0 0 0 0 0 0 0 0 2 0 2 1 2 1 2 2 3 4 3 5 3 7 3 8 3 13 10 4 11 3 13 3 15 2 16 1 16 0 17 0 18 -1 19 0 19 1 20 0 21 0 21 1 21 1 22 2 23 2 24 3]
,,,-80,0,0,0,0,0,0,0,0,0,0,-92,0,6,1723325480056,0,0,0,0,1723325480056,124,[-4 25 -4 25 -4 26 -3 26 -4 26 -4 25 -4 25 -3 25 -4 26 -2 24 -2 23 -2 22 -2 22 -2 23 -2 21 -2 22 -2 20 -3 19 -3 18 -3 17 -3 16 -4 16 -3 14 -4 14 -4 13 0 0 0 0 0 0 0 0 0 0 0 0 0 0 0 0 0 0 0 0 0 0 1 1 1 1 1 2 1 3 1 4 1 6 1 7 0 9 0 13 10 -1 12 -1 14 -2 15 -3 15 -4 16 -5 16 -6 18 -6 17 -6 18 -6 19 -6 19 -6 20 -5 21 -6 22 -5 23 -5 23 -5]
,,,-80,0,0,0,0,0,0,0,0,0,0,-92,0,6,1723325480075,0,0,0,0,1723325480075,124,[7 -25 7 -26 7 -26 6 -26 6 -26 6 -26 6 -26 5 -25 5 -25 5 -25 4 -24 4 -23 4 -23 4 -23 4 -23 4 -21 4 -20 4 -20 4 -18 4 -18 4 -17 4 -16 4 -15 4 -14 4 -13 0 0 0 0 0 0 0 0 0 0 0 0 0 0 0 0 0 0 0 0 0 0 -2 -2 -2 -2 -2 -4 -2 -5 -1 -6 -1 -7 -1 -8 0 -9 1 -11 2 -12 3 -14 4 -15 5 -15 6 -16 7 -16 8 -17 8 -17 8 -18 8 -19 8 -19 8 -20 9 -21 8 -22 8 -22 8 -23 8 -24]
,,,-80,0,0,0,0,0,0,0,0,0,0,-92,0,6,1723325480097,0,0,0,0,1723325480097,124,[23 -10 25 -10 23 -10 24 -11 23 -11 24 -11 24 -11 23 -10 22 -10 21 -12 21 -12 20 -12 20 -11 18 -11 19 -11 18 -10 18 -10 17 -9 16 -8 15 -8 15 -7 14 -6 14 -6 13 -6 12 -5 0 0 0 0 0 0 0 0 0 0 0 0 0 0 0 0 0 0 0 0 0 0 -1 -2 0 -3 1 -3 2 -4 3 -4 4 -4 6 -5 7 -6 9 -6 13 10 -6 12 -6 13 -5 15 -5 16 -5 17 -4 17 -4 18 -4 18 -4 19 -5 19 -5 20 -6 21 -6 20 -6 22 -8 22 -8 24]
,,,-80,0,0,0,0,0,0,0,0,0,0,-92,0,6,1723325480115,0,0,0,0,1723325480115,124,[-7 22 -7 22 -6 22 -7 22 -6 22 -6 22 -6 22 -6 22 -6 21 -5 21 -5 20 -5 20 -4 20 -4 20 -4 19 -4 18 -4 17 -4 17 -4 16 -5 15 -5 14 -5 13 -5 12 -5 12 -5 11 0 0 0 0 0 0 0 0 0 0 0 0 0 0 0 0 0 0 0 0 0 0 1 1 1 2 0 2 0 3 0 4 0 5 0 7 -1 8 -1 9 -2 13 10 -3 12 -5 13 -5 13 -6 14 -7 14 -8 15 -8 15 -8 15 -8 16 -8 17 -8 17 -7 18 -8 19 -8 19 -8 20 -7]
,,,-80,0,0,0,0,0,0,0,0,0,0,-92,0,6,1723325480137,0,0,0,0,1723325480137,124,[-2 26 -2 26 -1 26 -1 26 -1 26 -1 25 -1 25 -1 25 0 25 0 24 0 23 0 22 1 22 0 22 0 22 0 21 0 20 0 19 -1 18 -1 17 -1 16 -2 15 -1 15 -2 13 -2 13 0 0 0 0 0 0 0 0 0 0 0 0 0 0 0 0 0 0 0 0 0 0 1 0 2 1 1 2 1 3 2 4 2 6 2 7 1 9 1 13 10 0 12 0 14 -1 15 -2 16 -2 16 -3 17 -4 18 -4 18 -4 19 -4 19 -4 20 -4 20 -4 21 -3 22 -3 23 -3 24 -2]
,,,-80,0,0,0,0,0,0,0,0,0,0,-92,0,6,1723325480156,0,0,0,0,1723325480156,124,[23 11 22 11 23 12 23 13 10 23 11 23 11 23 11 22 11 23 13 10 22 9 22 8 21 8 20 8 21 8 20 8 20 8 18 8 17 8 16 8 16 8 15 7 14 7 13 7 12 7 11 7 0 0 0 0 0 0 0 0 0 0 0 0 0 0 0 0 0 0 0 0 0 0 1 -2 2 -1 3 -1 4 -1 5 -1 6 0 7 1 9 2 13 10 3 11 3 13 5 13 6 14 7 14 8 14 9 15 13 10 15 11 16 13 10 16 13 10 16 11 18 11 18 11 19 11]
,,,-80,0,0,0,0,0,0,0,0,0,0,-92,0,6,1723325480175,0,0,0,0,1723325480175,124,[-1 24 -1 27 -1 25 -1 27 -1 26 0 26 -1 25 0 25 0 24 1 24 1 23 1 22 1 23 2 21 2 22 1 20 1 21 0 20 0 18 -1 18 -1 16 -1 15 -1 15 -1 14 -2 13 0 0 0 0 0 0 0 0 0 0 0 0 0 0 0 0 0 0 0 0 0 0 2 0 2 2 1 2 2 3 2 4 2 6 1 8 1 9 1 11 0 11 0 14 -1 15 -2 16 -2 17 -3 18 -4 17 -4 19 -4 18 -4 20 -4 20 -4 21 -4 21 -3 21 -2 24 -2 24 -2 26]
,,,-80,0,0,0,0,0,0,0,0,0,0,-92,0,6,1723325480194,0,0,0,0,1723325480194,124,[-6 -25 -6 -26 -7 -26 -7 -27 -7 -26 -7 -26 -6 -26 -7 -25 -6 -25 -7 -25 -7 -24 -7 -23 -8 -23 -8 -22 -7 -22 -7 -21 -6 -20 -6 -20 -5 -19 -5 -18 -4 -17 -3 -16 -3 -16 -3 -15 -2 -15 0 0 0 0 0 0 0 0 0 0 0 0 0 0 0 0 0 0 0 0 0 0 -3 -1 -3 -2 -3 -3 -3 -4 -4 -5 -4 -6 -5 -7 -4 -9 -5 -10 -5 -12 -4 -14 -3 -16 -3 -17 -2 -17 -2 -18 -2 -19 -2 -20 -2 -20 -3 -21 -2 -21 -3 -21 -3 -22 -3 -23 -4 -24 -4 -24 -5 -26]
,,,-80,0,0,0,0,0,0,0,0,0,0,-92,0,6,1723325480214,0,0,0,0,1723325480214,124,[-10 24 -10 24 -9 24 -10 25 -9 25 -9 25 -9 24 -8 24 -8 23 -7 23 -8 22 -7 22 -6 22 -6 22 -6 22 -6 20 -6 19 -6 19 -5 18 -6 17 -6 16 -6 15 -6 14 -6 13 -6 12 0 0 0 0 0 0 0 0 0 0 0 0 0 0 0 0 0 0 0 0 0 0 1 1 1 2 0 3 0 4 -1 5 -1 6 -1 8 -2 9 -3 13 10 -4 11 -6 13 -7 14 -8 14 -9 14 -10 15 -11 15 -11 16 -10 16 -11 16 -10 18 -11 19 -10 19 -11 20 -11 21 -11 22 -11]
,,,-80,0,0,0,0,0,0,0,0,0,0,-92,0,6,1723325480235,0,0,0,0,1723325480235,124,[-22 -10 -22 -10 -22 -9 -22 -10 -23 -9 -23 -9 -23 -9 -22 -9 -21 -9 -21 -8 -21 -7 -21 -7 -21 -7 -20 -6 -20 -6 -19 -6 -18 -6 -18 -6 -17 -6 -16 -6 -15 -6 -15 -6 -14 -6 -13 -6 -12 -7 0 0 0 0 0 0 0 0 0 0 0 0 0 0 0 0 0 0 0 0 0 0 -2 1 -3 0 -4 0 -5 0 -5 0 -6 -1 -7 -1 -9 -3 -10 -3 -11 -4 -12 -6 -13 -7 -14 -8 -14 -8 -14 -9 -14 -10 -14 -10 -15 -10 -16 -10 -16 -10 -17 -10 -18 -10 -18 -11 -20 -10 -20 -10 -21 -11]
,,,-80,0,0,0,0,0,0,0,0,0,0,-92,0,6,1723325480258,0,0,0,0,1723325480258,124,[26 14 25 14 27 14 26 13 26 14 26 13 26 13 25 13 26 13 25 11 25 13 10 24 13 10 23 13 10 24 13 10 23 13 10 23 13 10 21 9 21 9 19 9 18 9 17 8 17 9 15 9 14 9 13 9 0 0 0 0 0 0 0 0 0 0 0 0 0 0 0 0 0 0 0 0 0 0 2 -2 2 -1 4 -1 5 -1 6 0 7 1 8 2 9 3 11 4 13 5 14 7 14 9 15 13 10 16 11 15 11 16 14 16 13 16 13 18 13 18 13 19 14 20 13 21]
,,,-80,0,0,0,0,0,0,0,0,0,0,-92,0,6,1723325480282,0,0,0,0,1723325480282,124,[-22 14 -23 14 -22 14 -23 15 -22 15 -22 15 -22 15 -21 14 -20 15 -20 15 -20 15 -19 14 -19 15 -18 14 -18 14 -17 13 -17 12 -17 12 -16 11 -15 13 10 -15 9 -14 9 -14 8 -14 8 -14 6 0 0 0 0 0 0 0 0 0 0 0 0 0 0 0 0 0 0 0 0 0 0 0 2 0 2 -2 3 -3 4 -4 4 -4 5 -5 6 -7 7 -8 7 -10 8 -11 8 -13 8 -14 8 -16 8 -16 8 -17 7 -18 8 -18 8 -19 9 -19 9 -20 13 10 -20 13 10 -20 11 -21 12 -22]
,,,-80,0,0,0,0,0,0,0,0,0,0,-92,0,6,1723325480295,0,0,0,0,1723325480295,124,[-20 -18 -20 -19 -20 -19 -21 -19 -20 -19 -20 -19 -19 -19 -19 -18 -19 -18 -20 -17 -19 -16 -18 -15 -19 -15 -18 -15 -18 -15 -17 -14 -17 -14 -16 -15 -14 -14 -14 -14 -13 -13 -12 -12 -12 -12 -11 -12 -9 -12 0 0 0 0 0 0 0 0 0 0 0 0 0 0 0 0 0 0 0 0 0 0 -3 0 -4 0 -4 -1 -5 -1 -6 -2 -7 -3 -8 -4 -9 -6 -9 -7 -11 -8 -12 -10 -12 -11 -12 -12 -12 -13 -12 -14 -12 -15 -12 -16 -12 -16 -14 -16 -14 -17 -14 -17 -15 -17 -16 -18 -17 -17 -18 -17 -18 -19]
,,,-80,0,0,0,0,0,0,0,0,0,0,-92,0,6,1723325480314,0,0,0,0,1723325480314,124,[17 19 17 20 18 19 18 19 18 19 18 19 18 19 17 18 18 18 18 17 18 16 17 15 17 15 17 15 17 15 16 15 15 15 14 14 13 14 12 13 11 13 11 13 13 10 12 9 12 8 12 0 0 0 0 0 0 0 0 0 0 0 0 0 0 0 0 0 0 0 0 0 0 2 -1 3 0 4 0 4 0 5 1 6 2 7 4 8 5 8 6 13 10 8 13 10 9 13 10 11 13 10 12 11 13 13 10 14 13 10 15 13 10 16 11 16 12 16 12 17 12 17 14 18]
,,,-80,0,0,0,0,0,0,0,0,0,0,-92,0,6,1723325480334,0,0,0,0,1723325480334,124,[-24 -13 -25 -14 -24 -12 -25 -13 -25 -13 -25 -13 -24 -13 -23 -12 -23 -12 -24 -11 -23 -10 -23 -9 -23 -10 -22 -9 -22 -9 -21 -9 -20 -9 -19 -9 -18 -9 -18 -9 -16 -8 -16 -9 -15 -8 -14 -8 -13 -9 0 0 0 0 0 0 0 0 0 0 0 0 0 0 0 0 0 0 0 0 0 0 -3 1 -3 0 -5 0 -6 0 -6 -1 -8 -2 -9 -2 -10 -3 -11 -4 -12 -5 -14 -7 -14 -9 -15 -9 -15 -10 -16 -11 -15 -12 -16 -12 -16 -12 -17 -13 -18 -13 -19 -13 -20 -13 -20 -13 -22 -12 -22 -13 -23 -14]
,,,-80,0,0,0,0,0,0,0,0,0,0,-92,0,6,1723325480356,0,0,0,0,1723325480356,124,[6 25 7 26 6 26 7 26 6 26 6 25 6 25 6 25 6 24 7 24 7 23 7 22 7 22 8 22 7 21 7 21 6 20 6 20 5 18 5 18 4 16 3 16 3 15 2 15 1 14 0 0 0 0 0 0 0 0 0 0 0 0 0 0 0 0 0 0 0 0 0 0 2 0 3 1 3 1 3 3 3 4 4 6 4 7 4 9 4 11 4 12 4 14 3 15 3 16 2 17 2 17 1 19 1 19 2 19 2 20 2 21 2 22 3 22 3 23 4 24 4 24 5 25]
,,,-80,0,0,0,0,0,0,0,0,0,0,-92,0,6,1723325480374,0,0,0,0,1723325480374,124,[-7 26 -7 26 -7 26 -6 26 -6 26 -6 26 -6 25 -6 25 -5 25 -4 25 -4 24 -4 23 -4 23 -3 23 -4 23 -4 21 -4 21 -4 20 -4 19 -4 19 -4 17 -4 15 -5 15 -5 15 -6 14 0 0 0 0 0 0 0 0 0 0 0 0 0 0 0 0 0 0 0 0 0 0 2 1 2 2 1 3 1 4 1 5 1 7 1 9 0 13 10 -1 11 -2 13 -3 15 -4 15 -5 16 -6 16 -7 17 -8 17 -8 18 -8 18 -8 19 -8 20 -8 20 -8 21 -8 22 -8 23 -7 24 -7]
,,,-80,0,0,0,0,0,0,0,0,0,0,-92,0,6,1723325480396,0,0,0,0,1723325480396,124,[-21 -13 -22 -14 -20 -13 -22 -13 -22 -12 -22 -13 -21 -12 -21 -12 -20 -11 -21 -11 -21 -10 -20 -9 -21 -10 -19 -9 -20 -9 -19 -8 -18 -9 -17 -9 -16 -9 -16 -8 -14 -8 -14 -8 -13 -8 -12 -8 -11 -8 0 0 0 0 0 0 0 0 0 0 0 0 0 0 0 0 0 0 0 0 0 0 -3 1 -4 0 -4 0 -5 0 -6 -1 -7 -2 -8 -3 -9 -4 -10 -5 -11 -5 -12 -8 -13 -8 -13 -9 -13 -10 -14 -11 -14 -12 -14 -13 -14 -12 -15 -13 -15 -13 -16 -13 -17 -13 -17 -13 -19 -13 -19 -13 -20 -14]
,,,-80,0,0,0,0,0,0,0,0,0,0,-92,0,6,1723325480414,0,0,0,0,1723325480414,124,[23 -14 23 -14 22 -14 23 -15 23 -15 23 -15 22 -15 22 -15 21 -15 20 -16 20 -16 19 -15 19 -15 18 -15 18 -15 17 -14 17 -14 16 -13 16 -12 15 -11 15 -10 14 -9 14 -10 13 -8 13 -7 0 0 0 0 0 0 0 0 0 0 0 0 0 0 0 0 0 0 0 0 0 0 -2 -3 0 -4 2 -5 2 -5 3 -6 4 -7 6 -7 7 -7 8 -8 13 10 -9 12 -9 13 -8 15 -8 16 -8 17 -7 18 -8 18 -8 18 -8 19 -9 20 -9 20 -9 21 -10 20 -10 22 -12 22 -13 23]
,,,-80,0,0,0,0,0,0,0,0,0,0,-92,0,6,1723325480434,0,0,0,0,1723325480434,124,[28 21 29 21 29 20 30 20 30 20 29 20 29 19 28 19 27 18 29 17 28 17 27 15 27 15 26 15 26 14 26 14 24 14 23 14 21 14 21 13 20 13 18 12 17 13 16 12 15 13 0 0 0 0 0 0 0 0 0 0 0 0 0 0 0 0 0 0 0 0 0 0 2 -2 4 -2 5 -1 7 -1 8 0 9 3 11 4 12 5 13 7 15 8 16 13 10 17 13 17 14 18 16 17 18 17 18 18 19 18 19 20 19 21 19 21 20 22 20 22 21 24 21 26 21 27]
,,,-80,0,0,0,0,0,0,0,0,0,0,-92,0,6,1723325480464,0,0,0,0,1723325480464,124,[-4 26 -4 26 -3 26 -3 26 -3 27 -3 26 -3 26 -2 26 -3 25 -2 25 -1 24 -1 24 -1 23 -1 23 -1 23 -1 22 -1 21 -1 21 -2 19 -2 19 -2 17 -3 17 -2 16 -3 15 -4 14 0 0 0 0 0 0 0 0 0 0 0 0 0 0 0 0 0 0 0 0 0 0 2 1 2 2 2 3 2 4 2 5 2 7 1 8 1 13 10 0 11 0 13 -1 15 -2 16 -4 16 -5 17 -5 17 -6 19 -6 18 -6 19 -6 19 -6 20 -6 21 -6 21 -5 23 -5 24 -5 25 -5]
,,,-80,0,0,0,0,0,0,0,0,0,0,-92,0,6,1723325480477,0,0,0,0,1723325480477,124,[-18 19 -19 20 -17 20 -18 21 -17 20 -17 20 -17 20 -17 20 -16 19 -15 19 -15 19 -15 19 -14 19 -13 19 -14 19 -13 17 -13 17 -13 16 -12 15 -12 15 -12 13 -11 13 -11 12 -11 11 -11 13 10 0 0 0 0 0 0 0 0 0 0 0 0 0 0 0 0 0 0 0 0 0 0 1 2 1 3 -1 4 -1 5 -2 6 -3 7 -3 8 -5 9 -6 13 10 -7 11 -10 11 -11 11 -12 12 -14 12 -15 12 -15 11 -16 12 -15 12 -17 13 -16 14 -17 15 -17 15 -17 16 -18 16 -18 18]
,,,-80,0,0,0,0,0,0,0,0,0,0,-92,0,6,1723325480496,0,0,0,0,1723325480496,124,[1 25 1 26 2 26 2 26 2 26 2 26 3 26 3 25 3 25 3 24 3 23 4 23 4 23 4 23 4 23 4 21 4 21 3 20 3 19 3 18 2 17 1 17 1 16 0 15 0 15 0 0 0 0 0 0 0 0 0 0 0 0 0 0 0 0 0 0 0 0 0 0 2 0 3 2 2 2 3 3 3 4 3 6 3 8 3 9 2 11 2 12 1 15 1 16 0 17 -1 17 -2 18 -2 19 -3 20 -2 19 -2 20 -2 21 -1 22 -1 22 -1 23 0 24 0 24 1 26]
,,,-80,0,0,0,0,0,0,0,0,0,0,-92,0,6,1723325480514,0,0,0,0,1723325480514,124,[17 20 17 21 17 21 17 21 18 20 18 20 18 20 17 20 17 19 17 19 17 17 17 17 17 16 16 16 16 17 16 16 15 16 14 15 13 15 12 14 11 13 13 10 13 13 10 13 9 12 8 13 0 0 0 0 0 0 0 0 0 0 0 0 0 0 0 0 0 0 0 0 0 0 2 -1 3 0 4 -1 4 1 5 1 6 3 7 5 8 6 9 8 9 8 13 10 11 13 10 12 13 10 14 13 10 14 9 15 9 16 9 18 13 10 17 11 18 11 18 12 18 12 19 13]
,,,-80,0,0,0,0,0,0,0,0,0,0,-92,0,6,1723325480537,0,0,0,0,1723325480537,124,[-16 -22 -17 -23 -16 -22 -17 -23 -16 -22 -17 -22 -16 -22 -16 -21 -16 -21 -17 -20 -17 -19 -17 -18 -17 -18 -16 -17 -17 -18 -16 -17 -15 -17 -14 -17 -13 -16 -13 -16 -11 -15 -11 -14 -10 -13 -10 -13 -8 -14 0 0 0 0 0 0 0 0 0 0 0 0 0 0 0 0 0 0 0 0 0 0 -4 0 -4 -1 -5 -1 -6 -3 -6 -3 -7 -5 -8 -6 -8 -8 -8 -9 -9 -10 -10 -13 -9 -14 -9 -15 -9 -16 -8 -17 -9 -18 -9 -19 -8 -19 -10 -20 -10 -19 -11 -20 -11 -21 -11 -21 -13 -22 -14 -22 -14 -23]
,,,-80,0,0,0,0,0,0,0,0,0,0,-92,0,6,1723325480554,0,0,0,0,1723325480554,124,[13 -24 13 -24 13 -25 13 -24 13 -24 12 -25 13 -24 11 -24 11 -25 13 10 -24 13 10 -24 13 10 -23 9 -23 8 -23 8 -22 8 -22 8 -21 8 -20 8 -19 8 -18 8 -17 8 -16 8 -15 8 -14 8 -13 0 0 0 0 0 0 0 0 0 0 0 0 0 0 0 0 0 0 0 0 0 0 -3 -3 -2 -4 -1 -5 -1 -6 1 -7 0 -8 1 -10 3 -11 4 -12 5 -13 7 -14 9 -14 13 10 -15 11 -15 12 -15 12 -16 12 -16 13 -17 13 -17 13 -17 14 -18 14 -19 14 -20 14 -20]
,,,-80,0,0,0,0,0,0,0,0,0,0,-92,0,6,1723325480574,0,0,0,0,1723325480574,124,[4 27 4 26 5 27 4 27 5 26 5 27 5 26 6 26 6 25 5 25 5 24 6 23 6 22 7 23 7 22 7 22 6 21 6 20 5 19 4 19 4 17 3 17 3 16 2 15 1 15 0 0 0 0 0 0 0 0 0 0 0 0 0 0 0 0 0 0 0 0 0 0 3 0 3 2 3 2 3 3 3 4 4 6 4 7 4 13 10 4 11 2 12 2 14 1 16 1 17 0 18 0 18 -1 20 0 20 0 21 0 21 0 22 1 22 1 23 1 24 1 24 2 25 2]
,,,-80,0,0,0,0,0,0,0,0,0,0,-92,0,6,1723325480598,0,0,0,0,1723325480598,124,[-7 -27 -7 -26 -7 -27 -7 -27 -7 -27 -7 -27 -7 -26 -8 -26 -8 -26 -9 -25 -9 -24 -9 -23 -9 -23 -9 -23 -9 -22 -9 -22 -7 -21 -8 -21 -7 -20 -6 -19 -6 -18 -5 -18 -5 -17 -4 -16 -3 -16 0 0 0 0 0 0 0 0 0 0 0 0 0 0 0 0 0 0 0 0 0 0 -4 -1 -4 -2 -4 -2 -4 -4 -4 -5 -5 -7 -5 -8 -5 -10 -5 -11 -5 -13 -5 -15 -4 -16 -3 -18 -3 -18 -2 -19 -1 -21 -2 -21 -2 -21 -2 -22 -2 -22 -3 -23 -3 -24 -4 -24 -4 -25 -5 -25 -5 -27]
,,,-80,0,0,0,0,0,0,0,0,0,0,-92,0,6,1723325480615,0,0,0,0,1723325480615,124,[7 25 8 26 8 25 8 26 8 26 8 25 8 25 8 24 9 24 9 23 9 22 13 10 21 13 10 22 13 10 21 9 21 9 20 8 20 8 19 7 18 6 18 5 17 5 16 5 16 3 15 3 14 0 0 0 0 0 0 0 0 0 0 0 0 0 0 0 0 0 0 0 0 0 0 2 0 3 1 3 2 3 2 4 3 4 5 5 7 5 8 5 13 10 5 11 5 13 4 15 4 16 4 17 3 18 2 19 2 20 3 19 3 20 3 21 3 22 4 22 4 23 5 24]
,,,-80,0,0,0,0,0,0,0,0,0,0,-92,0,6,1723325480635,0,0,0,0,1723325480635,124,[8 -27 8 -27 8 -28 8 -27 8 -27 8 -27 8 -27 7 -26 6 -27 5 -26 4 -25 4 -25 4 -24 3 -24 4 -24 4 -23 4 -22 5 -21 5 -21 5 -20 5 -18 4 -17 4 -17 4 -16 5 -15 0 0 0 0 0 0 0 0 0 0 0 0 0 0 0 0 0 0 0 0 0 0 -3 -3 -2 -4 -2 -5 -2 -5 -1 -7 -1 -8 -1 -10 0 -11 2 -12 2 -14 3 -15 5 -16 6 -16 7 -17 8 -17 8 -18 8 -18 9 -19 9 -20 13 10 -21 13 10 -21 13 10 -21 13 10 -22 9 -24]
,,,-80,0,0,0,0,0,0,0,0,0,0,-92,0,6,1723325480657,0,0,0,0,1723325480657,124,[4 -25 4 -25 4 -25 4 -25 3 -25 3 -25 3 -25 2 -24 2 -24 2 -24 1 -23 1 -23 0 -22 0 -22 0 -22 1 -21 1 -20 1 -20 1 -19 1 -18 1 -16 2 -16 2 -16 2 -15 3 -14 0 0 0 0 0 0 0 0 0 0 0 0 0 0 0 0 0 0 0 0 0 0 -3 -2 -3 -3 -2 -4 -2 -5 -2 -6 -2 -7 -1 -9 -1 -10 0 -11 1 -12 2 -14 3 -15 5 -15 5 -16 6 -16 6 -17 6 -17 6 -17 6 -18 6 -19 6 -20 6 -21 6 -21 6 -22 6 -23 5 -23]
,,,-80,0,0,0,0,0,0,0,0,0,0,-92,0,6,1723325480674,0,0,0,0,1723325480674,124,[22 28 22 28 22 28 23 28 23 28 23 27 23 28 22 27 22 26 23 25 23 24 22 22 22 23 23 22 22 23 20 21 20 21 18 20 18 19 17 20 15 18 14 17 13 18 12 17 11 17 0 0 0 0 0 0 0 0 0 0 0 0 0 0 0 0 0 0 0 0 0 0 3 -1 5 0 6 0 7 1 7 3 9 5 9 6 13 10 8 11 11 12 12 13 15 13 18 13 19 13 21 12 21 12 23 12 23 12 23 13 25 14 25 15 26 16 26 16 27 18 27 19 27 20]
,,,-80,0,0,0,0,0,0,0,0,0,0,-92,0,6,1723325480696,0,0,0,0,1723325480696,124,[14 -19 15 -20 14 -20 15 -20 14 -21 14 -21 14 -20 13 -20 12 -20 12 -20 11 -20 11 -19 11 -19 13 10 -19 13 10 -19 13 10 -18 13 10 -18 13 10 -17 9 -16 9 -16 9 -14 8 -13 8 -13 8 -12 9 -11 0 0 0 0 0 0 0 0 0 0 0 0 0 0 0 0 0 0 0 0 0 0 -2 -3 -1 -4 0 -5 0 -5 1 -6 2 -7 3 -8 4 -9 5 -9 6 -10 8 -11 9 -12 13 10 -12 11 -12 12 -11 13 -12 13 -12 13 -12 14 -13 14 -13 15 -14 15 -15 14 -16]
,,,-80,0,0,0,0,0,0,0,0,0,0,-92,0,6,1723325480715,0,0,0,0,1723325480715,124,[-9 25 -10 25 -9 25 -9 26 -9 26 -9 26 -9 25 -8 25 -8 25 -7 24 -7 24 -6 23 -6 23 -5 23 -5 23 -6 22 -6 21 -6 20 -6 19 -6 18 -6 17 -6 16 -6 15 -6 15 -7 13 0 0 0 0 0 0 0 0 0 0 0 0 0 0 0 0 0 0 0 0 0 0 2 1 2 3 1 4 1 5 0 5 0 7 0 9 -2 9 -3 12 -4 12 -5 14 -6 15 -8 16 -8 16 -9 16 -10 16 -10 17 -10 17 -11 19 -11 19 -11 19 -10 20 -11 21 -11 22 -11 23 -10 24]
,,,-80,0,0,0,0,0,0,0,0,0,0,-92,0,6,1723325480734,0,0,0,0,1723325480734,124,[19 13 20 14 19 13 21 14 20 13 21 13 20 13 20 12 19 12 20 11 19 11 18 13 10 19 13 10 18 9 19 13 10 17 13 10 17 9 16 9 15 9 14 9 13 8 12 8 12 8 11 8 13 10 8 0 0 0 0 0 0 0 0 0 0 0 0 0 0 0 0 0 0 0 0 0 0 2 -2 3 -1 3 -1 4 0 5 0 6 2 7 2 8 3 9 4 13 10 5 11 7 11 8 12 9 12 13 10 12 11 12 12 13 13 12 12 14 13 14 13 15 13 15 13 15]
,,,-80,0,0,0,0,0,0,0,0,0,0,-92,0,6,1723325480758,0,0,0,0,1723325480758,124,[22 -15 23 -15 22 -15 22 -17 22 -16 22 -16 22 -16 21 -16 20 -16 20 -17 19 -17 19 -17 18 -16 17 -16 17 -16 17 -15 17 -14 16 -13 16 -12 15 -12 15 -11 14 -10 13 -10 13 -9 13 -8 0 0 0 0 0 0 0 0 0 0 0 0 0 0 0 0 0 0 0 0 0 0 -1 -3 0 -4 1 -5 2 -6 3 -6 4 -7 5 -7 7 -8 8 -8 13 10 -9 12 -9 14 -9 15 -9 16 -9 17 -8 18 -8 18 -8 18 -8 19 -9 20 -9 20 -10 21 -10 21 -11 21 -13 22 -13 23]
,,,-80,0,0,0,0,0,0,0,0,0,0,-92,0,6,1723325480778,0,0,0,0,1723325480778,124,[-25 -12 -25 -12 -25 -12 -25 -12 -25 -11 -25 -12 -25 -12 -25 -11 -25 -11 -25 -10 -24 -9 -24 -8 -23 -8 -24 -8 -22 -8 -22 -8 -21 -8 -20 -8 -19 -8 -18 -8 -17 -8 -17 -8 -16 -8 -15 -8 -14 -8 0 0 0 0 0 0 0 0 0 0 0 0 0 0 0 0 0 0 0 0 0 0 -3 1 -4 1 -5 0 -6 0 -7 0 -8 -1 -9 -2 -10 -4 -11 -5 -13 -6 -14 -7 -15 -9 -16 -10 -16 -10 -15 -11 -17 -13 -16 -12 -17 -13 -18 -12 -18 -13 -19 -13 -20 -13 -20 -14 -22 -13 -23 -13 -23 -14]
,,,-80,0,0,0,0,0,0,0,0,0,0,-92,0,6,1723325480795,0,0,0,0,1723325480795,124,[-9 -27 -9 -26 -9 -27 -10 -26 -10 -26 -10 -26 -10 -26 -10 -25 -10 -26 -11 -25 -11 -23 -11 -22 -11 -22 -11 -22 -10 -22 -10 -22 -10 -20 -9 -21 -8 -19 -7 -19 -7 -17 -7 -17 -6 -17 -5 -15 -4 -15 0 0 0 0 0 0 0 0 0 0 0 0 0 0 0 0 0 0 0 0 0 0 -4 -1 -4 -2 -4 -3 -5 -3 -5 -5 -6 -6 -6 -8 -6 -10 -6 -11 -6 -13 -6 -15 -5 -16 -5 -17 -4 -18 -4 -18 -4 -20 -4 -20 -4 -21 -4 -21 -4 -22 -4 -22 -5 -23 -5 -24 -7 -24 -7 -25 -7 -26]
,,,-80,0,0,0,0,0,0,0,0,0,0,-92,0,6,1723325480825,0,0,0,0,1723325480825,124,[-16 22 -16 23 -15 22 -16 23 -16 23 -16 23 -15 23 -15 22 -13 22 -13 22 -13 22 -12 21 -12 22 -11 20 -12 21 -11 19 -11 19 -11 19 -11 17 -11 16 -10 15 -10 14 -10 13 -10 13 -10 12 0 0 0 0 0 0 0 0 0 0 0 0 0 0 0 0 0 0 0 0 0 0 2 2 1 3 0 3 -1 5 -2 6 -2 7 -3 8 -4 9 -6 11 -7 11 -8 13 -10 13 -11 14 -12 14 -14 14 -14 13 -15 14 -14 14 -16 16 -16 16 -16 16 -16 17 -16 17 -16 19 -16 20 -16 21]
,,,-80,0,0,0,0,0,0,0,0,0,0,-92,0,6,1723325480837,0,0,0,0,1723325480837,124,[-36 -2 -36 -2 -37 -2 -37 -1 -37 -1 -37 0 -37 -1 -35 0 -35 0 -34 2 -34 2 -33 2 -33 3 -32 3 -31 3 -31 2 -29 2 -29 2 -27 1 -26 1 -24 0 -24 0 -22 -1 -21 -1 -20 -2 0 0 0 0 0 0 0 0 0 0 0 0 0 0 0 0 0 0 0 0 0 0 -2 3 -4 3 -6 3 -7 3 -9 3 -10 2 -12 2 -14 2 -15 0 -19 0 -21 -1 -22 -3 -24 -4 -25 -4 -25 -6 -26 -7 -26 -7 -27 -7 -28 -7 -29 -7 -30 -7 -31 -6 -32 -6 -34 -4 -34 -4 -35 -4]
,,,-80,0,0,0,0,0,0,0,0,0,0,-92,0,6,1723325480854,0,0,0,0,1723325480854,124,[27 1 27 1 27 1 27 0 27 0 27 0 27 0 26 0 26 -1 25 -2 25 -2 24 -3 24 -2 24 -2 23 -3 23 -2 21 -2 21 -1 20 -1 19 0 18 0 17 0 16 0 16 1 15 2 0 0 0 0 0 0 0 0 0 0 0 0 0 0 0 0 0 0 0 0 0 0 1 -3 1 -3 3 -3 4 -3 6 -3 7 -3 8 -3 13 10 -2 11 -2 13 -2 15 -1 16 1 17 1 18 2 18 3 19 4 19 4 20 4 21 3 21 4 22 4 23 4 23 3 24 2 25 2 26]
,,,-80,0,0,0,0,0,0,0,0,0,0,-92,0,6,1723325480876,0,0,0,0,1723325480876,124,[-14 -21 -14 -22 -14 -21 -15 -21 -14 -21 -14 -21 -14 -21 -14 -21 -14 -20 -15 -19 -15 -18 -15 -18 -15 -18 -14 -17 -14 -18 -13 -17 -13 -16 -12 -16 -10 -16 -10 -16 -9 -14 -9 -14 -8 -14 -8 -13 -7 -13 0 0 0 0 0 0 0 0 0 0 0 0 0 0 0 0 0 0 0 0 0 0 -3 0 -4 -1 -4 -1 -5 -3 -5 -3 -7 -5 -7 -6 -7 -7 -8 -9 -8 -10 -9 -12 -9 -13 -9 -14 -9 -15 -8 -16 -8 -17 -8 -18 -8 -18 -9 -18 -9 -18 -9 -19 -10 -19 -10 -19 -12 -20 -12 -21 -13 -21]
,,,-80,0,0,0,0,0,0,0,0,0,0,-92,0,6,1723325480894,0,0,0,0,1723325480894,124,[-14 23 -14 24 -13 24 -13 24 -13 24 -13 24 -13 24 -12 24 -12 24 -11 23 -11 23 -10 22 -10 22 -9 22 -10 22 -9 21 -9 20 -9 19 -9 18 -9 17 -9 16 -9 15 -9 14 -9 13 -9 12 0 0 0 0 0 0 0 0 0 0 0 0 0 0 0 0 0 0 0 0 0 0 2 2 1 3 0 4 0 5 0 6 -1 7 -2 9 -3 13 10 -4 11 -6 12 -7 14 -8 14 -10 15 -11 15 -12 15 -12 15 -13 16 -13 16 -13 17 -14 17 -14 18 -14 19 -14 20 -14 21 -14 21 -14]
,,,-80,0,0,0,0,0,0,0,0,0,0,-92,0,6,1723325480914,0,0,0,0,1723325480914,124,[13 20 13 21 13 20 14 20 14 20 14 20 14 20 14 19 14 18 14 18 14 17 13 16 14 17 13 16 13 16 13 16 12 15 12 15 13 10 15 13 10 14 9 13 8 12 8 13 7 12 6 12 0 0 0 0 0 0 0 0 0 0 0 0 0 0 0 0 0 0 0 0 0 0 2 -1 3 0 3 0 4 1 4 2 6 4 6 5 6 6 7 8 7 9 7 11 7 12 7 14 7 14 7 15 6 16 7 17 7 17 8 17 8 18 8 18 9 18 9 19 13 10 19 11]
,,,-80,0,0,0,0,0,0,0,0,0,0,-92,0,6,1723325480940,0,0,0,0,1723325480940,124,[22 -10 23 -10 22 -11 23 -11 23 -11 22 -11 22 -11 21 -11 21 -12 20 -12 20 -12 18 -12 19 -12 18 -12 18 -12 17 -11 17 -11 17 -10 16 -9 15 -9 14 -8 14 -7 14 -7 13 -6 13 -5 0 0 0 0 0 0 0 0 0 0 0 0 0 0 0 0 0 0 0 0 0 0 -1 -3 1 -4 2 -4 3 -5 3 -5 5 -5 6 -6 7 -6 9 -6 13 10 -7 12 -6 13 -6 15 -6 16 -5 16 -5 17 -5 17 -5 18 -5 19 -6 19 -6 20 -6 20 -7 20 -7 21 -8 21 -8 22]
,,,-80,0,0,0,0,0,0,0,0,0,0,-92,0,6,1723325480954,0,0,0,0,1723325480954,124,[-23 -29 -22 -29 -23 -30 -23 -29 -23 -29 -24 -28 -23 -28 -23 -28 -23 -28 -23 -27 -23 -26 -23 -25 -23 -24 -22 -24 -21 -23 -21 -23 -20 -22 -19 -22 -18 -21 -16 -21 -15 -20 -15 -19 -13 -19 -12 -18 -10 -18 0 0 0 0 0 0 0 0 0 0 0 0 0 0 0 0 0 0 0 0 0 0 -5 1 -5 -1 -7 -1 -8 -2 -9 -4 -9 -6 -11 -7 -12 -10 -12 -12 -13 -13 -14 -16 -14 -18 -14 -20 -14 -21 -13 -22 -13 -24 -13 -25 -13 -25 -14 -25 -15 -26 -16 -27 -17 -27 -17 -28 -19 -28 -20 -29 -21 -30]
,,,-80,0,0,0,0,0,0,0,0,0,0,-92,0,6,1723325480975,0,0,0,0,1723325480975,124,[17 -22 17 -23 17 -23 16 -23 17 -23 17 -23 17 -23 16 -22 15 -23 13 -23 13 -22 12 -23 13 -22 12 -21 12 -21 12 -20 12 -19 12 -19 12 -17 11 -17 11 -15 13 10 -15 13 10 -14 9 -13 13 10 -12 0 0 0 0 0 0 0 0 0 0 0 0 0 0 0 0 0 0 0 0 0 0 -2 -3 -1 -4 0 -5 0 -6 1 -7 2 -8 3 -8 4 -10 6 -11 7 -12 8 -13 13 10 -13 11 -13 13 -14 14 -14 15 -14 15 -14 15 -14 16 -15 16 -15 17 -16 17 -17 16 -18 17 -19]
,,,-80,0,0,0,0,0,0,0,0,0,0,-92,0,6,1723325480994,0,0,0,0,1723325480994,124,[-9 -24 -9 -24 -9 -25 -9 -24 -9 -24 -10 -24 -9 -24 -10 -23 -10 -23 -11 -23 -11 -21 -10 -20 -10 -20 -11 -20 -10 -20 -9 -19 -9 -19 -8 -18 -7 -18 -7 -17 -6 -16 -6 -15 -6 -15 -5 -14 -3 -14 0 0 0 0 0 0 0 0 0 0 0 0 0 0 0 0 0 0 0 0 0 0 -3 -1 -4 -2 -4 -2 -4 -3 -5 -4 -5 -6 -5 -7 -6 -9 -6 -10 -6 -12 -6 -14 -5 -15 -5 -16 -4 -16 -4 -17 -4 -18 -4 -18 -4 -19 -4 -20 -4 -20 -4 -21 -6 -21 -6 -22 -7 -22 -7 -22 -7 -24]
,,,-80,0,0,0,0,0,0,0,0,0,0,-92,0,6,1723325481016,0,0,0,0,1723325481016,124,[-5 26 -5 28 -4 27 -4 28 -4 27 -4 27 -4 27 -3 26 -3 26 -2 26 -2 25 -2 24 -1 25 -1 24 -1 24 -1 22 -1 22 -2 21 -2 20 -2 19 -3 17 -3 17 -3 16 -3 15 -4 15 0 0 0 0 0 0 0 0 0 0 0 0 0 0 0 0 0 0 0 0 0 0 2 1 2 2 2 3 2 4 2 5 1 7 1 9 0 13 10 -1 12 -1 13 -2 15 -3 16 -5 16 -6 17 -7 18 -7 18 -7 19 -7 19 -7 20 -7 21 -8 22 -7 22 -7 23 -6 24 -6 25 -6]
,,,-80,0,0,0,0,0,0,0,0,0,0,-92,0,6,1723325481035,0,0,0,0,1723325481035,124,[-24 13 -25 14 -23 14 -25 14 -24 14 -24 14 -24 14 -23 14 -22 14 -22 14 -21 14 -20 14 -20 14 -19 14 -19 14 -18 13 -18 12 -18 12 -17 13 10 -17 13 10 -16 9 -15 8 -15 8 -15 7 -15 6 0 0 0 0 0 0 0 0 0 0 0 0 0 0 0 0 0 0 0 0 0 0 0 2 -1 3 -2 4 -3 4 -4 5 -5 6 -6 6 -8 7 -9 8 -11 8 -13 8 -15 8 -16 8 -17 8 -18 8 -18 7 -19 7 -19 8 -21 8 -21 8 -22 9 -22 13 10 -22 9 -23 11 -23]
,,,-80,0,0,0,0,0,0,0,0,0,0,-92,0,6,1723325481054,0,0,0,0,1723325481054,124,[-24 -6 -25 -7 -25 -6 -25 -6 -25 -6 -25 -5 -25 -5 -24 -5 -24 -5 -24 -4 -23 -4 -23 -3 -23 -3 -22 -3 -22 -3 -21 -3 -21 -3 -20 -3 -18 -3 -18 -4 -17 -4 -16 -4 -15 -4 -14 -4 -13 -5 0 0 0 0 0 0 0 0 0 0 0 0 0 0 0 0 0 0 0 0 0 0 -2 2 -3 1 -5 1 -6 1 -6 1 -7 0 -9 0 -10 -1 -11 -1 -13 -2 -14 -3 -15 -5 -16 -6 -16 -6 -17 -7 -17 -8 -17 -8 -17 -8 -19 -8 -19 -8 -20 -8 -20 -8 -20 -8 -22 -8 -23 -7 -23 -7]
,,,-80,0,0,0,0,0,0,0,0,0,0,-92,0,6,1723325481074,0,0,0,0,1723325481074,124,[5 23 4 24 5 23 5 24 5 24 5 24 5 23 5 23 6 23 6 22 6 21 6 21 7 21 6 20 6 20 6 19 5 19 5 18 4 17 3 16 3 16 2 15 2 14 1 14 1 13 0 0 0 0 0 0 0 0 0 0 0 0 0 0 0 0 0 0 0 0 0 0 2 0 3 1 3 2 3 3 3 4 4 5 4 7 4 8 4 13 10 4 11 4 13 3 14 3 15 2 16 1 17 1 17 1 18 1 18 1 18 1 19 1 20 2 20 2 21 3 22 4 22 4]
,,,-80,0,0,0,0,0,0,0,0,0,0,-92,0,6,1723325481096,0,0,0,0,1723325481096,124,[-20 -15 -20 -16 -20 -15 -21 -15 -21 -15 -21 -15 -21 -14 -20 -14 -20 -14 -20 -14 -20 -13 -20 -12 -20 -11 -19 -11 -19 -11 -18 -10 -17 -11 -17 -11 -16 -11 -15 -11 -14 -10 -13 -10 -13 -10 -12 -9 -10 -10 0 0 0 0 0 0 0 0 0 0 0 0 0 0 0 0 0 0 0 0 0 0 -3 1 -4 0 -4 0 -5 -1 -6 -1 -7 -3 -8 -3 -9 -5 -10 -5 -11 -7 -12 -9 -12 -10 -13 -11 -12 -12 -13 -13 -13 -14 -13 -14 -13 -14 -14 -14 -15 -14 -15 -15 -16 -15 -16 -16 -17 -15 -18 -15 -19 -16]
,,,-80,0,0,0,0,0,0,0,0,0,0,-92,0,6,1723325481114,0,0,0,0,1723325481114,124,[16 -23 17 -23 16 -23 16 -24 16 -24 15 -24 15 -24 14 -23 14 -24 14 -23 13 -22 12 -22 12 -22 11 -22 11 -22 11 -21 11 -20 13 10 -20 13 10 -18 13 10 -18 9 -16 9 -15 13 10 -14 13 10 -13 13 10 -13 0 0 0 0 0 0 0 0 0 0 0 0 0 0 0 0 0 0 0 0 0 0 -2 -3 -1 -5 -1 -5 0 -6 1 -7 2 -8 3 -9 4 -10 5 -11 8 -12 9 -12 11 -13 12 -13 13 -14 14 -13 14 -14 15 -13 15 -15 16 -15 16 -17 16 -17 16 -18 16 -18]
,,,-80,0,0,0,0,0,0,0,0,0,0,-92,0,6,1723325481134,0,0,0,0,1723325481134,124,[6 23 6 24 6 23 7 23 7 23 7 23 7 23 7 23 8 22 7 21 7 21 7 20 8 20 8 20 8 19 8 19 7 18 6 17 6 16 5 16 5 15 4 15 4 14 2 14 2 13 0 0 0 0 0 0 0 0 0 0 0 0 0 0 0 0 0 0 0 0 0 0 2 0 3 1 3 2 3 3 3 4 4 6 4 7 4 8 4 13 10 3 11 3 13 2 14 2 15 2 16 1 17 0 17 1 18 1 18 1 18 2 19 2 20 2 20 3 21 3 22 3 22 4]
,,,-80,0,0,0,0,0,0,0,0,0,0,-92,0,6,1723325481158,0,0,0,0,1723325481158,124,[-24 -27 -25 -27 -24 -28 -26 -27 -25 -27 -25 -27 -25 -27 -25 -26 -24 -26 -25 -24 -25 -23 -25 -22 -25 -23 -24 -21 -24 -21 -22 -20 -22 -20 -20 -20 -19 -19 -18 -19 -18 -18 -16 -18 -15 -17 -14 -17 -12 -17 0 0 0 0 0 0 0 0 0 0 0 0 0 0 0 0 0 0 0 0 0 0 -4 0 -6 -1 -7 -1 -8 -2 -9 -3 -9 -6 -11 -7 -11 -10 -13 -11 -13 -13 -14 -16 -14 -18 -15 -20 -15 -21 -14 -22 -14 -23 -14 -24 -14 -24 -15 -25 -16 -25 -16 -27 -18 -26 -17 -27 -20 -27 -21 -27 -21 -28]
,,,-80,0,0,0,0,0,0,0,0,0,0,-92,0,6,1723325481176,0,0,0,0,1723325481176,124,[24 2 24 2 24 2 25 2 24 2 24 1 24 2 24 2 23 1 23 0 22 0 22 -1 22 0 21 0 21 0 20 1 19 0 19 1 18 1 17 1 16 2 15 2 15 2 14 2 13 3 0 0 0 0 0 0 0 0 0 0 0 0 0 0 0 0 0 0 0 0 0 0 1 -3 2 -3 3 -3 4 -3 5 -3 6 -3 7 -2 9 -1 13 10 -1 12 -1 13 0 14 1 15 1 16 2 17 3 17 4 17 4 17 4 19 4 19 4 20 4 20 4 20 4 22 3 22 3 24]
,,,-80,0,0,0,0,0,0,0,0,0,0,-92,0,6,1723325481194,0,0,0,0,1723325481194,124,[-24 8 -25 8 -23 8 -24 8 -24 8 -24 8 -23 8 -23 8 -22 8 -22 9 -22 9 -21 9 -21 9 -20 9 -20 8 -20 8 -19 8 -18 7 -17 6 -17 5 -16 5 -16 4 -15 4 -14 3 -14 2 0 0 0 0 0 0 0 0 0 0 0 0 0 0 0 0 0 0 0 0 0 0 0 2 -1 3 -3 3 -4 4 -4 4 -5 4 -7 4 -9 5 -10 5 -12 5 -12 5 -15 5 -16 4 -17 4 -18 3 -18 3 -18 3 -19 3 -20 3 -20 4 -21 4 -21 4 -21 5 -22 6 -23 6 -23 6]
,,,-80,0,0,0,0,0,0,0,0,0,0,-92,0,6,1723325481214,0,0,0,0,1723325481214,124,[36 2 37 1 36 1 38 1 37 1 37 0 37 0 35 0 34 -1 35 -1 34 -2 32 -3 33 -3 31 -2 32 -2 30 -1 30 -2 28 -1 27 0 26 0 24 1 23 1 22 1 21 2 20 3 0 0 0 0 0 0 0 0 0 0 0 0 0 0 0 0 0 0 0 0 0 0 1 -4 3 -4 5 -4 7 -4 8 -4 9 -4 11 -3 14 -3 15 -1 18 -1 20 -1 21 1 23 3 24 3 25 4 25 5 26 5 27 5 29 5 29 5 30 5 31 5 31 5 34 3 35 3 36 3]
,,,-80,0,0,0,0,0,0,0,0,0,0,-92,0,6,1723325481235,0,0,0,0,1723325481235,124,[-21 14 -21 13 -21 14 -20 14 -21 14 -21 15 -21 14 -20 14 -19 14 -18 14 -18 15 -18 15 -17 15 -17 15 -16 14 -17 14 -15 13 -15 12 -15 11 -15 11 -14 9 -14 9 -13 8 -13 8 -13 7 0 0 0 0 0 0 0 0 0 0 0 0 0 0 0 0 0 0 0 0 0 0 0 2 -1 3 -2 3 -3 4 -3 5 -4 5 -6 6 -7 6 -8 7 -10 8 -12 7 -13 7 -15 7 -16 7 -16 7 -17 7 -17 7 -18 7 -18 8 -18 9 -19 9 -19 9 -20 13 10 -20 11 -21 12 -21]
,,,-80,0,0,0,0,0,0,0,0,0,0,-92,0,6,1723325481254,0,0,0,0,1723325481254,124,[5 -27 5 -28 5 -28 5 -29 5 -28 4 -28 5 -28 4 -28 3 -27 2 -27 2 -27 1 -25 2 -26 1 -25 1 -25 1 -24 2 -23 2 -22 3 -21 3 -20 3 -19 2 -18 3 -18 3 -16 4 -16 0 0 0 0 0 0 0 0 0 0 0 0 0 0 0 0 0 0 0 0 0 0 -3 -2 -3 -4 -3 -5 -2 -6 -2 -7 -2 -9 -1 -10 -1 -12 0 -13 2 -14 2 -16 3 -17 4 -18 5 -18 6 -18 7 -20 7 -20 7 -20 8 -21 8 -21 8 -22 8 -23 6 -23 6 -25 6 -26 6 -27]
,,,-80,0,0,0,0,0,0,0,0,0,0,-92,0,6,1723325481289,0,0,0,0,1723325481289,124,[4 26 5 27 5 27 5 27 5 27 5 27 5 27 5 26 6 26 6 25 6 24 7 23 7 24 6 23 7 23 6 22 5 22 5 21 4 20 4 19 3 18 2 17 2 16 1 16 0 15 0 0 0 0 0 0 0 0 0 0 0 0 0 0 0 0 0 0 0 0 0 0 3 1 3 1 3 2 3 3 3 4 4 6 4 8 4 13 10 4 11 4 12 3 15 3 16 2 17 1 18 1 19 0 20 0 21 0 20 1 21 0 22 1 23 1 23 2 24 3 25 3 25 4]
,,,-80,0,0,0,0,0,0,0,0,0,0,-92,0,6,1723325481296,0,0,0,0,1723325481296,124,[15 -23 15 -23 15 -24 15 -23 15 -24 15 -24 15 -23 13 -23 13 -23 12 -23 11 -23 11 -23 11 -22 13 10 -22 13 10 -22 13 10 -21 9 -20 13 10 -20 13 10 -18 9 -18 9 -16 9 -15 9 -15 9 -14 9 -13 0 0 0 0 0 0 0 0 0 0 0 0 0 0 0 0 0 0 0 0 0 0 -3 -3 -2 -4 0 -6 0 -6 1 -7 1 -8 2 -9 4 -10 5 -11 7 -13 8 -13 13 10 -14 11 -14 12 -15 13 -14 14 -15 14 -14 14 -15 15 -16 16 -16 15 -17 16 -18 15 -18]
,,,-80,0,0,0,0,0,0,0,0,0,0,-92,0,6,1723325481314,0,0,0,0,1723325481314,124,[21 -14 21 -14 20 -14 20 -15 21 -14 20 -15 20 -14 19 -14 19 -15 18 -15 18 -15 17 -15 17 -15 16 -15 16 -14 15 -14 15 -13 15 -12 14 -11 14 -11 13 -10 13 -9 12 -9 12 -8 12 -7 0 0 0 0 0 0 0 0 0 0 0 0 0 0 0 0 0 0 0 0 0 0 -1 -3 -1 -4 1 -4 2 -5 2 -5 3 -6 5 -7 6 -7 8 -8 9 -8 11 -8 12 -8 14 -8 15 -8 16 -8 16 -8 17 -7 17 -8 18 -9 18 -9 19 -9 19 -10 19 -10 20 -11 20 -12 21 -12]
,,,-80,0,0,0,0,0,0,0,0,0,0,-92,0,6,1723325481336,0,0,0,0,1723325481336,124,[23 -2 25 -2 23 -3 25 -3 25 -3 25 -3 25 -3 23 -3 23 -3 23 -4 22 -5 21 -5 22 -4 20 -4 21 -4 19 -4 20 -4 19 -3 18 -3 18 -2 16 -2 15 -1 15 -1 14 -1 14 0 0 0 0 0 0 0 0 0 0 0 0 0 0 0 0 0 0 0 0 0 0 0 0 -3 1 -3 2 -3 3 -4 4 -4 6 -4 7 -4 9 -4 13 10 -3 11 -3 13 -3 14 -1 16 -1 16 0 17 0 17 0 18 1 18 1 20 1 20 1 20 1 21 0 21 0 23 -1 23 -1 24]
,,,-80,0,0,0,0,0,0,0,0,0,0,-92,0,6,1723325481356,0,0,0,0,1723325481356,124,[-11 24 -11 25 -10 25 -10 26 -10 26 -10 26 -9 26 -8 25 -8 24 -7 25 -7 24 -7 23 -6 23 -6 23 -6 23 -6 22 -6 21 -6 21 -6 19 -6 19 -6 17 -6 16 -6 15 -7 15 -7 13 0 0 0 0 0 0 0 0 0 0 0 0 0 0 0 0 0 0 0 0 0 0 2 2 2 3 1 4 0 5 0 6 0 8 -1 9 -2 13 10 -3 11 -4 13 -5 14 -7 15 -8 16 -10 16 -10 16 -11 17 -12 17 -11 17 -11 19 -12 19 -12 20 -12 21 -12 21 -11 22 -11 23 -11]
,,,-80,0,0,0,0,0,0,0,0,0,0,-92,0,6,1723325481380,0,0,0,0,1723325481380,124,[-23 -11 -24 -12 -23 -11 -23 -11 -23 -10 -24 -10 -23 -10 -23 -10 -22 -9 -23 -9 -22 -8 -22 -8 -23 -8 -21 -7 -21 -8 -20 -7 -20 -7 -19 -7 -17 -7 -17 -8 -16 -7 -15 -7 -14 -7 -14 -7 -13 -7 0 0 0 0 0 0 0 0 0 0 0 0 0 0 0 0 0 0 0 0 0 0 -2 1 -3 1 -4 0 -6 0 -6 0 -8 -1 -9 -2 -10 -3 -11 -4 -12 -4 -14 -5 -14 -7 -15 -8 -15 -9 -16 -10 -16 -11 -16 -11 -16 -11 -18 -11 -18 -11 -19 -11 -19 -12 -19 -11 -21 -12 -22 -12 -22 -12]
,,,-80,0,0,0,0,0,0,0,0,0,0,-92,0,6,1723325481394,0,0,0,0,1723325481394,124,[30 21 31 20 29 21 30 19 30 19 31 19 30 19 31 19 30 18 30 17 29 16 29 15 29 15 29 14 28 14 27 14 25 14 24 13 23 13 22 14 21 13 19 13 17 13 17 13 15 13 0 0 0 0 0 0 0 0 0 0 0 0 0 0 0 0 0 0 0 0 0 0 2 -2 4 -2 6 -1 7 -1 9 0 13 10 2 12 3 13 5 15 7 17 8 17 11 17 13 19 14 20 16 19 17 19 19 19 18 20 19 21 18 22 19 23 20 25 21 24 21 26 21 28 22 28]
,,,-80,0,0,0,0,0,0,0,0,0,0,-92,0,6,1723325481416,0,0,0,0,1723325481416,124,[-38 2 -38 1 -37 2 -38 3 -37 3 -38 4 -37 4 -36 4 -36 4 -35 5 -34 5 -33 6 -34 6 -32 6 -32 5 -31 4 -30 5 -29 4 -27 4 -27 4 -25 2 -24 2 -23 1 -22 0 -21 -1 0 0 0 0 0 0 0 0 0 0 0 0 0 0 0 0 0 0 0 0 0 0 -2 3 -3 4 -5 3 -7 4 -9 3 -10 4 -12 4 -14 3 -16 3 -20 2 -21 1 -23 1 -24 -1 -26 -2 -27 -3 -27 -4 -28 -4 -28 -4 -31 -3 -31 -2 -32 -3 -33 -2 -33 -2 -35 -1 -36 0 -36 -1]
,,,-80,0,0,0,0,0,0,0,0,0,0,-92,0,6,1723325481434,0,0,0,0,1723325481434,124,[-8 -36 -8 -37 -8 -36 -9 -37 -9 -36 -10 -36 -9 -36 -9 -35 -10 -35 -10 -35 -10 -33 -11 -32 -11 -32 -11 -31 -10 -32 -9 -30 -9 -30 -9 -29 -7 -27 -7 -27 -6 -24 -5 -24 -4 -23 -3 -22 -2 -22 0 0 0 0 0 0 0 0 0 0 0 0 0 0 0 0 0 0 0 0 0 0 -4 -1 -5 -3 -6 -4 -6 -5 -6 -7 -7 -9 -8 -11 -7 -14 -7 -15 -7 -18 -6 -21 -6 -23 -4 -25 -4 -25 -2 -26 -3 -28 -3 -29 -2 -29 -3 -30 -4 -31 -4 -32 -4 -32 -4 -33 -5 -34 -6 -35 -6 -37]
,,,-80,0,0,0,0,0,0,0,0,0,0,-92,0,6,1723325481456,0,0,0,0,1723325481456,124,[16 17 17 18 17 17 17 17 17 17 17 16 18 16 17 16 17 15 17 15 17 14 17 13 17 13 17 13 17 13 16 13 15 12 14 12 13 12 13 11 12 11 11 13 10 13 10 13 10 13 10 13 10 9 13 10 0 0 0 0 0 0 0 0 0 0 0 0 0 0 0 0 0 0 0 0 0 0 2 -1 3 0 3 -1 5 0 5 1 6 3 7 4 7 5 8 7 9 8 9 13 10 13 10 11 13 10 12 13 10 13 13 10 14 9 15 13 10 15 13 10 15 11 16 11]
,,,-80,0,0,0,0,0,0,0,0,0,0,-92,0,6,1723325481476,0,0,0,0,1723325481476,124,[-24 -7 -26 -7 -24 -6 -26 -6 -26 -6 -25 -6 -25 -6 -24 -5 -24 -5 -24 -5 -23 -4 -23 -4 -23 -3 -22 -3 -22 -3 -21 -3 -21 -4 -20 -4 -19 -4 -18 -4 -17 -4 -16 -4 -16 -5 -14 -5 -14 -5 0 0 0 0 0 0 0 0 0 0 0 0 0 0 0 0 0 0 0 0 0 0 -2 2 -3 1 -4 1 -5 1 -6 1 -7 0 -9 0 -10 -1 -11 -1 -13 -2 -14 -4 -15 -5 -16 -6 -16 -6 -17 -7 -17 -7 -18 -8 -17 -8 -19 -8 -19 -8 -20 -9 -21 -8 -20 -8 -23 -8 -23 -8 -24 -8]
,,,-80,0,0,0,0,0,0,0,0,0,0,-92,0,6,1723325481494,0,0,0,0,1723325481494,124,[-32 18 -33 18 -31 19 -33 19 -32 19 -32 19 -32 18 -30 19 -30 19 -29 20 -28 19 -27 19 -27 19 -26 19 -26 19 -25 18 -25 17 -25 16 -23 15 -23 14 -21 12 -21 11 -20 13 10 -20 9 -19 8 0 0 0 0 0 0 0 0 0 0 0 0 0 0 0 0 0 0 0 0 0 0 0 3 -1 5 -2 5 -3 6 -5 7 -7 8 -8 13 10 -11 13 10 -13 13 10 -15 11 -17 12 -20 11 -22 13 10 -23 13 10 -24 13 10 -26 13 10 -26 13 10 -26 11 -28 11 -28 11 -29 12 -29]
,,,-80,0,0,0,0,0,0,0,0,0,0,-92,0,6,1723325481514,0,0,0,0,1723325481514,124,[-1 -26 -1 -26 0 -26 -1 -26 -1 -26 -2 -26 -1 -26 -2 -25 -2 -25 -2 -25 -2 -24 -3 -23 -3 -23 -4 -22 -3 -22 -3 -22 -3 -21 -2 -20 -2 -20 -2 -19 -1 -17 0 -17 0 -16 0 -15 1 -14 0 0 0 0 0 0 0 0 0 0 0 0 0 0 0 0 0 0 0 0 0 0 -4 -2 -3 -3 -3 -4 -3 -4 -3 -6 -3 -7 -3 -9 -3 -10 -3 -12 -2 -13 -1 -15 0 -16 1 -17 1 -17 2 -17 2 -18 2 -19 2 -20 2 -20 2 -20 2 -22 1 -22 2 -23 2 -24 1 -24 1 -25]
,,,-80,0,0,0,0,0,0,0,0,0,0,-92,0,6,1723325481536,0,0,0,0,1723325481536,124,[26 -24 26 -23 26 -24 25 -25 26 -25 25 -25 25 -25 23 -24 23 -25 22 -26 21 -25 20 -24 20 -24 20 -24 20 -24 20 -23 18 -22 18 -21 18 -20 17 -19 17 -17 16 -16 16 -15 15 -14 15 -13 0 0 0 0 0 0 0 0 0 0 0 0 0 0 0 0 0 0 0 0 0 0 -2 -4 -1 -5 1 -6 2 -7 3 -8 4 -9 5 -10 8 -11 13 10 -12 12 -13 13 -13 16 -14 18 -13 19 -14 20 -13 21 -14 21 -14 22 -15 23 -15 24 -16 25 -16 25 -17 25 -18 25 -20 26 -21 26]
,,,-80,0,0,0,0,0,0,0,0,0,0,-92,0,6,1723325481557,0,0,0,0,1723325481557,124,[-14 21 -15 21 -13 21 -14 21 -14 21 -13 21 -13 21 -13 21 -12 21 -11 21 -11 21 -10 20 -10 20 -10 20 -10 20 -10 19 -9 18 -10 17 -9 16 -10 16 -9 14 -9 14 -8 13 -9 12 -9 11 0 0 0 0 0 0 0 0 0 0 0 0 0 0 0 0 0 0 0 0 0 0 1 2 1 3 0 4 0 5 -1 5 -2 7 -3 8 -4 9 -5 13 10 -6 11 -7 12 -9 13 -10 13 -11 13 -12 13 -13 13 -13 14 -13 14 -13 15 -14 15 -14 16 -14 16 -14 17 -14 18 -14 19 -15]
,,,-80,0,0,0,0,0,0,0,0,0,0,-92,0,6,1723325481574,0,0,0,0,1723325481574,124,[-24 -10 -25 -11 -23 -10 -25 -10 -24 -9 -24 -9 -24 -9 -23 -9 -23 -8 -24 -7 -23 -7 -23 -6 -23 -6 -22 -6 -22 -7 -21 -6 -20 -6 -19 -7 -18 -6 -18 -6 -16 -7 -15 -6 -15 -6 -14 -6 -13 -7 0 0 0 0 0 0 0 0 0 0 0 0 0 0 0 0 0 0 0 0 0 0 -3 1 -4 1 -5 1 -6 1 -6 0 -8 -1 -9 -1 -11 -3 -11 -4 -12 -4 -14 -5 -14 -7 -15 -7 -16 -8 -16 -9 -16 -10 -17 -11 -16 -11 -18 -11 -18 -11 -19 -11 -20 -11 -20 -11 -21 -10 -22 -11 -23 -11]
,,,-80,0,0,0,0,0,0,0,0,0,0,-92,0,6,1723325481596,0,0,0,0,1723325481596,124,[27 -3 28 -3 27 -4 28 -4 28 -3 27 -4 28 -3 26 -4 26 -5 26 -6 25 -6 24 -7 24 -6 23 -7 23 -6 23 -5 22 -6 21 -4 20 -4 19 -3 18 -3 17 -2 17 -2 16 -2 15 -1 0 0 0 0 0 0 0 0 0 0 0 0 0 0 0 0 0 0 0 0 0 0 0 -4 1 -4 3 -4 4 -4 5 -4 7 -4 8 -4 13 10 -3 12 -4 13 -3 15 -3 17 -1 18 -1 19 0 19 0 20 1 20 1 20 1 22 0 22 1 23 1 24 1 24 0 26 -1 25 -2 27]
,,,-80,0,0,0,0,0,0,0,0,0,0,-92,0,6,1723325481614,0,0,0,0,1723325481614,124,[-3 -26 -2 -26 -2 -26 -3 -26 -3 -26 -3 -26 -2 -25 -3 -25 -3 -25 -4 -24 -5 -23 -5 -23 -5 -22 -5 -22 -5 -22 -4 -21 -4 -20 -3 -20 -2 -19 -2 -19 -2 -17 -2 -16 -2 -16 -1 -15 0 -15 0 0 0 0 0 0 0 0 0 0 0 0 0 0 0 0 0 0 0 0 0 0 -4 -2 -3 -2 -4 -3 -4 -4 -4 -5 -4 -7 -4 -8 -3 -10 -3 -11 -3 -13 -2 -15 -1 -16 -1 -17 0 -18 1 -18 1 -19 1 -19 1 -20 1 -21 1 -20 1 -21 0 -22 0 -23 -1 -23 -1 -24 -1 -26]
,,,-80,0,0,0,0,0,0,0,0,0,0,-92,0,6,1723325481635,0,0,0,0,1723325481635,124,[-10 23 -10 24 -9 24 -9 24 -9 24 -10 23 -9 23 -8 23 -8 23 -6 23 -6 22 -6 21 -6 22 -5 22 -5 21 -5 20 -6 19 -6 19 -6 18 -6 17 -6 15 -6 15 -5 14 -6 13 -6 12 0 0 0 0 0 0 0 0 0 0 0 0 0 0 0 0 0 0 0 0 0 0 2 1 1 3 1 4 0 4 0 5 -1 7 -2 8 -2 9 -3 11 -4 12 -5 13 -7 14 -8 14 -8 15 -9 15 -10 16 -10 16 -10 16 -10 17 -11 18 -11 18 -10 19 -10 20 -10 21 -10 22 -10 22]
,,,-80,0,0,0,0,0,0,0,0,0,0,-92,0,6,1723325481655,0,0,0,0,1723325481655,124,[8 23 8 23 9 24 9 23 9 23 9 23 9 23 9 22 9 22 13 10 21 13 10 20 9 20 13 10 20 9 19 9 19 9 19 8 18 8 18 7 17 6 16 6 15 5 15 5 14 3 14 2 13 0 0 0 0 0 0 0 0 0 0 0 0 0 0 0 0 0 0 0 0 0 0 3 0 3 1 3 1 3 2 4 3 4 5 5 7 5 8 5 9 6 11 5 13 5 14 4 15 4 16 3 17 3 18 3 18 3 18 4 19 4 19 4 20 5 20 5 21 7 21 7]
,,,-80,0,0,0,0,0,0,0,0,0,0,-92,0,6,1723325481676,0,0,0,0,1723325481676,124,[-3 -25 -4 -25 -5 -26 -4 -25 -5 -25 -5 -25 -5 -25 -5 -25 -5 -25 -6 -24 -6 -23 -6 -22 -7 -22 -6 -22 -7 -22 -6 -21 -6 -21 -5 -20 -5 -19 -5 -19 -4 -17 -3 -17 -3 -16 -2 -15 -1 -15 0 0 0 0 0 0 0 0 0 0 0 0 0 0 0 0 0 0 0 0 0 0 -3 -2 -3 -3 -4 -3 -4 -5 -4 -6 -4 -7 -4 -9 -4 -10 -3 -12 -3 -13 -2 -15 -1 -16 -1 -17 0 -18 0 -18 0 -19 0 -19 0 -20 1 -20 0 -21 0 -22 0 -22 -1 -23 -1 -23 -2 -24 -2 -25]
,,,-80,0,0,0,0,0,0,0,0,0,0,-92,0,6,1723325481699,0,0,0,0,1723325481699,124,[-35 13 -34 13 -35 13 -34 13 -35 14 -34 14 -34 14 -32 14 -33 14 -32 15 -31 15 -30 15 -30 14 -29 15 -28 14 -29 13 -26 12 -26 11 -25 13 10 -25 13 10 -23 8 -23 8 -21 7 -21 6 -20 4 0 0 0 0 0 0 0 0 0 0 0 0 0 0 0 0 0 0 0 0 0 0 0 3 -2 4 -3 5 -4 5 -7 7 -7 7 -10 8 -12 7 -14 9 -17 9 -20 8 -21 8 -24 7 -24 6 -25 6 -28 6 -27 5 -28 6 -29 6 -30 7 -31 7 -31 8 -33 9 -34 13 10 -33]
,,,-80,0,0,0,0,0,0,0,0,0,0,-92,0,6,1723325481714,0,0,0,0,1723325481714,124,[-1 24 -1 25 0 25 0 25 0 25 0 25 1 24 1 24 1 23 1 23 1 23 1 21 2 21 2 21 2 21 1 21 1 20 1 19 1 18 0 17 -1 16 -1 15 -1 15 -2 14 -2 13 0 0 0 0 0 0 0 0 0 0 0 0 0 0 0 0 0 0 0 0 0 0 2 1 3 2 2 2 2 4 2 4 2 6 2 8 2 9 2 11 1 12 0 14 -1 15 -1 15 -2 16 -3 17 -4 17 -3 18 -4 19 -3 19 -3 20 -3 20 -2 21 -3 22 -3 22 -2 23 -2 24]
,,,-80,0,0,0,0,0,0,0,0,0,0,-92,0,6,1723325481734,0,0,0,0,1723325481734,124,[-23 11 -24 11 -23 11 -23 11 -23 11 -23 11 -22 11 -22 11 -21 11 -21 11 -20 11 -20 12 -20 12 -19 12 -19 11 -18 13 10 -18 13 10 -17 9 -16 9 -17 8 -16 7 -15 6 -14 6 -14 5 -14 4 0 0 0 0 0 0 0 0 0 0 0 0 0 0 0 0 0 0 0 0 0 0 0 2 -1 3 -2 3 -3 4 -4 5 -5 5 -6 6 -8 6 -9 6 -11 7 -13 7 -14 6 -16 6 -17 6 -17 6 -18 5 -18 5 -19 6 -19 6 -20 6 -20 6 -21 7 -21 7 -22 8 -22 9]
,,,-80,0,0,0,0,0,0,0,0,0,0,-92,0,6,1723325481756,0,0,0,0,1723325481756,124,[7 -27 7 -28 7 -27 7 -28 7 -27 6 -28 7 -28 6 -27 5 -26 4 -26 4 -26 3 -25 4 -25 3 -25 3 -25 3 -23 3 -23 4 -22 4 -21 4 -20 5 -18 4 -18 4 -17 4 -16 5 -15 0 0 0 0 0 0 0 0 0 0 0 0 0 0 0 0 0 0 0 0 0 0 -3 -2 -3 -4 -2 -5 -2 -6 -2 -7 -2 -9 -1 -10 0 -12 1 -13 2 -14 3 -16 4 -17 6 -17 6 -18 8 -18 8 -19 8 -20 8 -20 9 -21 9 -21 9 -22 9 -23 8 -23 8 -24 8 -26 8 -27]
,,,-80,0,0,0,0,0,0,0,0,0,0,-92,0,6,1723325481775,0,0,0,0,1723325481775,124,[7 -24 7 -25 6 -25 7 -25 6 -25 6 -25 6 -25 5 -24 5 -24 4 -24 4 -23 4 -23 3 -23 3 -22 3 -22 3 -21 2 -20 3 -20 3 -19 3 -18 3 -17 3 -16 3 -16 4 -14 4 -14 0 0 0 0 0 0 0 0 0 0 0 0 0 0 0 0 0 0 0 0 0 0 -3 -2 -2 -4 -2 -4 -2 -5 -1 -6 -1 -8 0 -9 1 -10 2 -12 3 -12 4 -14 5 -15 7 -15 7 -15 8 -16 8 -16 8 -17 8 -17 9 -18 9 -19 9 -19 9 -20 8 -21 9 -22 9 -22 8 -24]
,,,-80,0,0,0,0,0,0,0,0,0,0,-92,0,6,1723325481797,0,0,0,0,1723325481797,124,[23 -15 25 -16 23 -16 24 -17 24 -16 23 -16 24 -17 23 -16 21 -17 21 -18 21 -17 19 -17 20 -17 19 -17 19 -17 18 -15 18 -15 17 -14 17 -13 16 -12 15 -11 14 -11 14 -10 13 -10 14 -8 0 0 0 0 0 0 0 0 0 0 0 0 0 0 0 0 0 0 0 0 0 0 -1 -4 0 -4 1 -5 2 -6 3 -6 4 -7 6 -7 8 -8 9 -8 11 -9 13 -9 14 -9 16 -9 17 -8 19 -8 18 -8 19 -9 19 -8 21 -10 21 -10 21 -10 22 -10 22 -11 23 -13 23 -14 24 -14]
,,,-80,0,0,0,0,0,0,0,0,0,0,-92,0,6,1723325481814,0,0,0,0,1723325481814,124,[-15 -21 -16 -21 -16 -21 -15 -21 -16 -21 -17 -20 -16 -19 -16 -19 -16 -20 -16 -19 -16 -18 -16 -17 -16 -17 -16 -16 -16 -17 -15 -16 -14 -15 -14 -15 -13 -15 -12 -14 -11 -14 -10 -14 -10 -13 -8 -13 -8 -13 0 0 0 0 0 0 0 0 0 0 0 0 0 0 0 0 0 0 0 0 0 0 -4 0 -4 -1 -4 -1 -5 -2 -6 -4 -7 -5 -7 -6 -8 -7 -8 -9 -9 -10 -9 -12 -9 -13 -9 -14 -8 -15 -8 -16 -8 -18 -9 -17 -8 -18 -9 -18 -10 -18 -11 -19 -11 -19 -11 -20 -12 -20 -13 -20 -14 -21]
,,,-80,0,0,0,0,0,0,0,0,0,0,-92,0,6,1723325481837,0,0,0,0,1723325481837,124,[-8 -25 -8 -25 -8 -25 -8 -25 -9 -24 -9 -24 -8 -24 -9 -23 -9 -23 -10 -23 -10 -22 -10 -21 -10 -21 -10 -20 -10 -20 -9 -20 -9 -19 -8 -19 -7 -18 -7 -17 -7 -16 -6 -16 -5 -15 -5 -14 -3 -14 0 0 0 0 0 0 0 0 0 0 0 0 0 0 0 0 0 0 0 0 0 0 -3 -1 -4 -2 -4 -3 -4 -4 -5 -5 -5 -7 -5 -8 -5 -9 -5 -10 -5 -12 -5 -14 -4 -15 -4 -16 -3 -17 -3 -18 -3 -19 -3 -19 -3 -20 -3 -20 -4 -21 -4 -21 -4 -22 -4 -23 -6 -23 -6 -23 -6 -25]
,,,-80,0,0,0,0,0,0,0,0,0,0,-92,0,6,1723325481854,0,0,0,0,1723325481854,124,[-24 9 -24 9 -24 9 -24 9 -24 9 -24 9 -23 9 -22 9 -23 9 -22 9 -22 13 10 -21 13 10 -21 9 -20 11 -19 13 10 -20 9 -19 9 -18 8 -17 7 -17 7 -16 6 -16 5 -15 5 -14 4 -14 3 0 0 0 0 0 0 0 0 0 0 0 0 0 0 0 0 0 0 0 0 0 0 0 2 -2 3 -3 3 -4 3 -5 4 -6 4 -7 5 -9 5 -10 5 -12 5 -14 5 -15 4 -16 4 -17 4 -18 3 -19 3 -18 3 -19 3 -20 3 -20 4 -21 4 -21 5 -22 5 -23 6 -23]
,,,-80,0,0,0,0,0,0,0,0,0,0,-92,0,6,1723325481874,0,0,0,0,1723325481874,124,[-14 -25 -14 -27 -14 -26 -14 -26 -14 -25 -15 -25 -14 -25 -15 -24 -15 -24 -15 -23 -15 -23 -14 -21 -15 -21 -15 -21 -15 -21 -14 -20 -13 -19 -13 -19 -12 -18 -11 -18 -10 -16 -10 -16 -9 -16 -8 -15 -7 -15 0 0 0 0 0 0 0 0 0 0 0 0 0 0 0 0 0 0 0 0 0 0 -4 -1 -5 -2 -5 -3 -5 -4 -6 -4 -7 -7 -7 -8 -7 -10 -7 -11 -8 -13 -7 -15 -7 -16 -7 -17 -7 -18 -6 -19 -6 -21 -6 -21 -7 -21 -7 -22 -8 -21 -9 -22 -9 -23 -9 -24 -10 -24 -11 -25 -12 -26]
,,,-80,0,0,0,0,0,0,0,0,0,0,-92,0,6,1723325481898,0,0,0,0,1723325481898,124,[23 -8 24 -8 23 -8 25 -9 23 -8 23 -9 23 -8 22 -9 22 -9 22 -10 21 -10 20 -10 21 -9 19 -10 20 -10 18 -9 19 -9 18 -7 17 -7 16 -7 15 -5 15 -5 14 -4 14 -4 14 -3 0 0 0 0 0 0 0 0 0 0 0 0 0 0 0 0 0 0 0 0 0 0 -1 -3 0 -4 2 -4 3 -5 4 -5 5 -5 6 -5 8 -5 13 10 -5 11 -6 13 -5 14 -5 15 -4 17 -4 17 -3 17 -3 18 -3 18 -3 20 -4 20 -4 20 -4 21 -5 21 -5 22 -6 23 -6 24]
,,,-80,0,0,0,0,0,0,0,0,0,0,-92,0,6,1723325481914,0,0,0,0,1723325481914,124,[-4 24 -4 25 -4 24 -4 24 -3 24 -3 25 -2 24 -2 24 -2 23 -1 23 -1 23 -1 22 0 22 -1 21 0 21 -1 20 -1 20 -1 19 -2 18 -2 17 -2 16 -2 15 -2 14 -2 14 -4 13 0 0 0 0 0 0 0 0 0 0 0 0 0 0 0 0 0 0 0 0 0 0 2 1 2 2 2 3 2 4 1 5 1 7 1 8 1 13 10 0 11 -1 12 -2 13 -2 15 -4 15 -5 16 -5 16 -6 17 -6 18 -6 18 -6 19 -6 19 -6 20 -6 20 -5 21 -5 22 -5 23 -5]
,,,-80,0,0,0,0,0,0,0,0,0,0,-92,0,6,1723325481934,0,0,0,0,1723325481934,124,[-18 18 -18 18 -17 18 -18 19 -17 18 -17 19 -17 18 -16 18 -16 18 -15 18 -15 18 -14 17 -14 18 -13 17 -13 17 -13 16 -12 16 -12 15 -12 14 -12 14 -11 12 -11 11 -11 11 -11 13 10 -11 9 0 0 0 0 0 0 0 0 0 0 0 0 0 0 0 0 0 0 0 0 0 0 1 2 0 3 -1 4 -2 5 -2 5 -3 6 -4 8 -6 8 -7 9 -9 9 -10 13 10 -12 13 10 -12 13 10 -14 13 10 -14 13 10 -15 11 -16 11 -15 11 -16 12 -16 12 -17 13 -17 13 -17 14]
,,,-80,0,0,0,0,0,0,0,0,0,0,-92,0,6,1723325481954,0,0,0,0,1723325481954,124,[24 6 24 5 24 6 24 5 25 4 25 4 24 4 23 4 24 4 23 4 22 3 22 3 21 2 22 2 21 2 21 2 20 3 19 3 18 2 17 3 16 3 15 3 15 4 13 3 12 4 0 0 0 0 0 0 0 0 0 0 0 0 0 0 0 0 0 0 0 0 0 0 1 -3 2 -2 3 -3 4 -3 5 -2 7 -1 8 -1 9 0 11 1 12 2 13 3 14 4 15 5 15 5 16 6 16 7 16 7 17 7 18 7 19 7 19 7 20 7 20 8 21 7 22 7 23 7]
,,,-80,0,0,0,0,0,0,0,0,0,0,-92,0,6,1723325481982,0,0,0,0,1723325481982,124,[25 11 25 11 25 11 25 13 10 25 13 10 25 13 10 25 13 10 25 13 10 25 9 24 8 24 8 23 7 23 7 23 7 23 7 22 7 20 7 20 7 19 7 18 7 17 7 16 7 15 7 14 7 13 7 0 0 0 0 0 0 0 0 0 0 0 0 0 0 0 0 0 0 0 0 0 0 1 -3 3 -2 4 -2 5 -2 6 -1 7 0 9 1 13 10 2 11 3 13 4 14 5 14 6 16 7 16 9 16 9 16 11 17 11 18 11 18 11 19 11 20 11 21 11 21 12]
,,,-80,0,0,0,0,0,0,0,0,0,0,-92,0,6,1723325481996,0,0,0,0,1723325481996,124,[13 21 14 21 14 20 14 20 14 20 14 20 14 20 14 19 14 19 14 18 13 17 13 17 14 17 13 16 13 16 12 16 12 16 11 16 13 10 15 13 10 14 9 13 8 13 8 13 6 12 6 12 0 0 0 0 0 0 0 0 0 0 0 0 0 0 0 0 0 0 0 0 0 0 2 -1 3 0 4 0 4 1 5 2 6 4 6 5 6 7 7 8 7 9 8 11 7 12 7 13 7 14 7 15 7 16 7 17 8 17 8 17 8 17 9 18 13 10 18 13 10 19 11 19]
,,,-80,0,0,0,0,0,0,0,0,0,0,-92,0,6,1723325482018,0,0,0,0,1723325482018,124,[-12 -23 -12 -23 -12 -23 -12 -23 -12 -22 -13 -22 -12 -23 -13 -22 -13 -22 -13 -21 -13 -20 -13 -19 -13 -19 -13 -18 -13 -18 -12 -18 -11 -17 -10 -17 -9 -16 -9 -16 -8 -15 -8 -15 -8 -14 -7 -14 -5 -13 0 0 0 0 0 0 0 0 0 0 0 0 0 0 0 0 0 0 0 0 0 0 -3 -1 -4 -1 -4 -2 -5 -3 -5 -4 -6 -5 -6 -7 -6 -8 -7 -10 -7 -11 -8 -13 -7 -15 -7 -15 -6 -16 -6 -17 -6 -18 -6 -18 -7 -18 -7 -19 -7 -19 -8 -20 -8 -20 -9 -21 -9 -22 -10 -22 -10 -23]
,,,-80,0,0,0,0,0,0,0,0,0,0,-92,0,6,1723325482034,0,0,0,0,1723325482034,124,[24 27 25 27 24 28 26 28 25 28 26 26 25 26 24 25 25 25 25 25 25 23 23 22 24 21 24 21 23 21 22 21 22 20 20 20 20 19 18 18 16 17 16 17 14 18 13 16 12 16 0 0 0 0 0 0 0 0 0 0 0 0 0 0 0 0 0 0 0 0 0 0 3 -1 4 0 6 0 7 1 8 2 9 5 13 10 7 11 9 12 11 13 13 14 16 13 18 14 19 14 21 14 21 13 23 14 24 14 24 15 24 17 25 17 26 18 25 18 27 20 28 21 27 22]
,,,-80,0,0,0,0,0,0,0,0,0,0,-92,0,6,1723325482056,0,0,0,0,1723325482056,124,[-6 -24 -7 -25 -7 -25 -7 -25 -7 -25 -7 -25 -7 -24 -7 -23 -7 -24 -8 -23 -8 -22 -8 -21 -8 -21 -8 -21 -8 -21 -8 -20 -7 -19 -7 -19 -5 -18 -6 -18 -5 -16 -4 -16 -4 -15 -3 -15 -2 -14 0 0 0 0 0 0 0 0 0 0 0 0 0 0 0 0 0 0 0 0 0 0 -3 -1 -4 -2 -4 -3 -4 -4 -4 -5 -5 -7 -5 -8 -5 -10 -5 -10 -5 -12 -5 -14 -3 -16 -3 -17 -3 -17 -2 -17 -2 -18 -2 -19 -2 -20 -3 -20 -3 -20 -3 -21 -3 -22 -3 -22 -4 -23 -4 -23 -5 -25]
,,,-80,0,0,0,0,0,0,0,0,0,0,-92,0,6,1723325482074,0,0,0,0,1723325482074,124,[7 -24 7 -25 6 -25 6 -25 7 -25 7 -25 7 -25 6 -24 5 -25 3 -24 3 -24 2 -22 3 -22 3 -22 2 -22 3 -21 3 -21 4 -20 4 -19 3 -18 3 -17 3 -16 3 -16 3 -15 4 -14 0 0 0 0 0 0 0 0 0 0 0 0 0 0 0 0 0 0 0 0 0 0 -3 -3 -2 -4 -2 -4 -2 -5 -1 -6 -1 -8 0 -9 1 -10 2 -11 2 -13 3 -14 4 -15 5 -15 6 -16 7 -16 8 -17 7 -17 8 -18 8 -18 9 -18 9 -19 9 -20 8 -21 7 -22 7 -22 8 -24]
,,,-80,0,0,0,0,0,0,0,0,0,0,-92,0,6,1723325482097,0,0,0,0,1723325482097,124,[-26 -1 -27 -1 -26 -2 -26 -1 -26 -1 -26 -1 -25 -1 -25 0 -24 0 -24 0 -24 1 -23 1 -23 1 -22 1 -22 1 -22 1 -21 0 -20 0 -19 0 -18 0 -17 -1 -16 -1 -16 -1 -15 -2 -14 -2 0 0 0 0 0 0 0 0 0 0 0 0 0 0 0 0 0 0 0 0 0 0 -2 2 -3 2 -4 2 -5 2 -6 2 -7 2 -8 2 -10 1 -11 1 -13 0 -15 -1 -15 -2 -17 -2 -17 -3 -18 -4 -18 -4 -19 -4 -19 -5 -21 -4 -21 -4 -22 -4 -22 -3 -22 -4 -24 -3 -24 -3 -25 -3]
,,,-80,0,0,0,0,0,0,0,0,0,0,-92,0,6,1723325482115,0,0,0,0,1723325482115,124,[23 7 23 8 23 7 24 7 24 6 25 5 24 6 23 5 23 5 23 5 22 4 22 4 21 3 21 3 21 3 20 4 19 3 19 3 18 3 17 3 16 3 15 4 14 5 13 4 13 5 0 0 0 0 0 0 0 0 0 0 0 0 0 0 0 0 0 0 0 0 0 0 2 -2 2 -2 3 -2 4 -2 5 -1 7 0 8 0 9 1 13 10 2 12 3 13 4 13 6 14 6 14 7 15 8 15 9 15 9 16 9 17 8 18 8 18 8 19 8 20 9 21 8 22 8 22]
,,,-80,0,0,0,0,0,0,0,0,0,0,-92,0,6,1723325482136,0,0,0,0,1723325482136,124,[33 16 33 16 33 15 34 14 33 15 33 14 33 14 32 13 32 13 32 12 31 11 31 13 10 31 13 10 30 13 10 29 13 10 28 13 10 27 13 10 26 13 10 25 9 24 13 10 22 9 21 13 10 19 13 10 18 9 17 13 10 0 0 0 0 0 0 0 0 0 0 0 0 0 0 0 0 0 0 0 0 0 0 2 -3 4 -2 6 -2 7 -2 8 -1 13 10 0 12 1 13 3 15 5 17 6 18 8 19 13 10 20 12 21 13 21 14 21 15 21 15 22 15 24 15 25]
,,,-80,0,0,0,0,0,0,0,0,0,0,-92,0,6,1723325482154,0,0,0,0,1723325482154,124,[-7 -24 -7 -25 -7 -25 -7 -25 -8 -25 -8 -25 -7 -25 -8 -24 -7 -24 -8 -24 -8 -22 -8 -21 -8 -21 -8 -21 -8 -21 -8 -20 -7 -20 -6 -19 -6 -18 -5 -18 -5 -16 -4 -16 -4 -15 -3 -15 -2 -15 0 0 0 0 0 0 0 0 0 0 0 0 0 0 0 0 0 0 0 0 0 0 -3 -1 -4 -2 -3 -3 -5 -4 -5 -5 -5 -6 -5 -7 -5 -9 -6 -11 -5 -12 -5 -14 -5 -16 -4 -16 -4 -17 -3 -18 -3 -19 -3 -20 -3 -19 -3 -21 -4 -21 -4 -21 -4 -22 -4 -23 -5 -23 -6 -24 -6 -25]
,,,-80,0,0,0,0,0,0,0,0,0,0,-92,0,6,1723325482174,0,0,0,0,1723325482174,124,[-14 21 -15 21 -14 21 -14 21 -14 21 -14 21 -14 21 -14 21 -13 20 -12 20 -12 20 -11 19 -12 19 -10 19 -11 19 -11 18 -10 17 -10 16 -10 15 -10 15 -10 13 -10 13 -9 12 -10 11 -10 13 10 0 0 0 0 0 0 0 0 0 0 0 0 0 0 0 0 0 0 0 0 0 0 1 2 1 3 0 4 -1 5 -1 6 -1 7 -3 8 -3 9 -5 11 -6 11 -7 12 -9 13 -10 13 -11 13 -12 13 -12 13 -13 14 -13 13 -13 14 -14 15 -15 15 -14 17 -14 17 -14 18 -15 19 -15]
,,,-80,0,0,0,0,0,0,0,0,0,0,-92,0,6,1723325482199,0,0,0,0,1723325482199,124,[4 24 5 25 5 24 5 24 5 24 6 24 5 24 6 23 6 23 6 23 6 21 6 21 7 21 6 20 6 21 6 19 5 19 4 18 4 17 4 17 2 16 2 15 2 15 1 14 0 13 0 0 0 0 0 0 0 0 0 0 0 0 0 0 0 0 0 0 0 0 0 0 3 0 3 1 3 2 3 3 4 4 4 6 4 7 4 9 4 13 10 4 11 4 13 3 15 3 15 2 16 1 17 1 17 1 19 1 19 1 19 1 20 2 20 2 21 2 21 3 22 4 23 4]
,,,-80,0,0,0,0,0,0,0,0,0,0,-92,0,6,1723325482214,0,0,0,0,1723325482214,124,[-18 -21 -19 -22 -19 -21 -20 -22 -19 -21 -19 -21 -19 -21 -19 -21 -19 -20 -20 -19 -19 -18 -19 -17 -19 -18 -18 -17 -18 -17 -17 -16 -17 -16 -16 -16 -15 -15 -14 -15 -13 -15 -12 -13 -12 -13 -11 -13 -10 -13 0 0 0 0 0 0 0 0 0 0 0 0 0 0 0 0 0 0 0 0 0 0 -4 0 -4 -1 -5 -1 -6 -2 -6 -3 -8 -5 -9 -6 -9 -7 -10 -9 -10 -10 -11 -12 -11 -14 -12 -15 -11 -16 -11 -17 -11 -18 -11 -19 -11 -18 -12 -20 -13 -19 -13 -20 -14 -20 -15 -20 -16 -21 -17 -21 -18 -22]
,,,-80,0,0,0,0,0,0,0,0,0,0,-92,0,6,1723325482236,0,0,0,0,1723325482236,124,[24 0 25 0 25 0 25 -1 25 -1 25 -1 25 -2 24 -2 24 -2 23 -3 23 -3 22 -3 22 -3 21 -3 21 -3 21 -3 20 -2 19 -2 18 -2 17 -2 16 -1 16 -1 15 -1 14 0 14 1 0 0 0 0 0 0 0 0 0 0 0 0 0 0 0 0 0 0 0 0 0 0 1 -3 1 -3 3 -3 4 -3 5 -3 6 -3 8 -3 9 -2 13 10 -2 12 -1 14 0 15 1 16 1 16 2 17 3 17 3 17 3 18 3 19 2 20 3 20 3 21 2 21 3 23 2 23 1 24]
,,,-80,0,0,0,0,0,0,0,0,0,0,-92,0,6,1723325482254,0,0,0,0,1723325482254,124,[-24 8 -25 8 -24 8 -25 9 -24 9 -24 9 -24 9 -23 9 -22 9 -22 9 -21 13 10 -21 13 10 -21 13 10 -20 13 10 -20 13 10 -19 9 -18 9 -18 8 -17 7 -17 7 -16 6 -15 6 -15 5 -14 4 -14 4 0 0 0 0 0 0 0 0 0 0 0 0 0 0 0 0 0 0 0 0 0 0 -1 2 -2 3 -3 3 -4 3 -5 4 -6 4 -8 4 -9 4 -10 5 -12 5 -14 4 -15 4 -16 4 -17 4 -18 3 -19 2 -19 2 -19 2 -20 3 -21 4 -21 4 -22 4 -22 5 -23]
,,,-80,0,0,0,0,0,0,0,0,0,0,-92,0,6,1723325482274,0,0,0,0,1723325482274,124,[13 21 14 21 13 21 13 20 14 20 14 20 14 20 14 20 13 19 14 19 13 18 13 17 14 17 14 16 13 17 12 16 12 15 12 15 11 15 13 10 14 9 13 8 13 8 12 7 12 6 12 0 0 0 0 0 0 0 0 0 0 0 0 0 0 0 0 0 0 0 0 0 0 2 -1 3 0 3 1 4 2 5 2 5 4 6 5 6 7 6 8 7 9 7 11 7 13 7 14 7 15 7 15 6 16 7 17 7 17 8 18 8 18 8 19 9 19 9 19 11 20 11 20 12]
,,,-80,0,0,0,0,0,0,0,0,0,0,-92,0,6,1723325482300,0,0,0,0,1723325482300,124,[23 -9 24 -10 23 -10 23 -10 23 -11 23 -10 23 -10 22 -10 21 -10 21 -11 20 -11 20 -11 19 -11 19 -11 19 -11 18 -10 17 -10 17 -9 16 -8 16 -8 15 -7 15 -7 14 -6 13 -6 13 -4 0 0 0 0 0 0 0 0 0 0 0 0 0 0 0 0 0 0 0 0 0 0 0 -3 0 -4 2 -4 3 -5 4 -5 5 -5 6 -5 8 -6 9 -6 11 -7 13 -6 14 -5 15 -5 16 -5 17 -4 17 -4 18 -4 18 -4 19 -5 20 -5 20 -6 21 -6 21 -7 22 -7 23 -8 23 -8]
,,,-80,0,0,0,0,0,0,0,0,0,0,-92,0,6,1723325482321,0,0,0,0,1723325482321,124,[-10 26 -11 26 -10 26 -10 26 -9 26 -9 26 -10 26 -8 25 -9 25 -8 25 -8 24 -8 23 -7 23 -6 23 -6 23 -7 22 -6 21 -7 20 -7 19 -7 19 -7 16 -7 16 -7 15 -7 14 -8 13 0 0 0 0 0 0 0 0 0 0 0 0 0 0 0 0 0 0 0 0 0 0 2 2 2 3 1 4 1 5 0 6 0 8 -1 9 -2 13 10 -2 12 -4 13 -5 15 -7 15 -8 16 -9 16 -9 16 -10 17 -11 18 -11 18 -11 19 -11 20 -12 20 -11 21 -11 22 -11 23 -11 23 -11]
,,,-80,0,0,0,0,0,0,0,0,0,0,-92,0,6,1723325482334,0,0,0,0,1723325482334,124,[13 10 -23 13 10 -23 13 10 -24 13 10 -24 9 -24 9 -24 9 -24 8 -23 8 -23 7 -23 7 -23 6 -22 6 -22 6 -22 6 -21 6 -20 6 -20 5 -19 6 -18 6 -18 5 -16 6 -15 6 -14 6 -14 6 -13 0 0 0 0 0 0 0 0 0 0 0 0 0 0 0 0 0 0 0 0 0 0 -3 -3 -2 -4 -2 -5 -1 -6 0 -6 0 -7 0 -9 1 -10 3 -11 4 -12 5 -14 7 -14 8 -15 8 -15 9 -15 13 10 -16 13 10 -16 13 10 -16 13 10 -18 11 -17 11 -18 13 10]
,,,-80,0,0,0,0,0,0,0,0,0,0,-92,0,6,1723325482357,0,0,0,0,1723325482357,124,[1 -25 1 -26 1 -25 0 -26 0 -25 0 -26 0 -25 -1 -25 -1 -24 -1 -25 -1 -24 -2 -23 -2 -23 -2 -22 -2 -22 -2 -21 -1 -21 -1 -20 -1 -19 0 -18 0 -17 0 -16 0 -15 1 -15 2 -14 0 0 0 0 0 0 0 0 0 0 0 0 0 0 0 0 0 0 0 0 0 0 -3 -2 -3 -3 -3 -4 -3 -5 -3 -6 -3 -8 -3 -9 -2 -10 -1 -12 -1 -13 0 -15 1 -16 2 -16 2 -17 3 -17 3 -18 4 -19 4 -18 3 -20 4 -20 3 -21 3 -21 3 -22 3 -23 2 -24 2 -25]
,,,-80,0,0,0,0,0,0,0,0,0,0,-92,0,6,1723325482378,0,0,0,0,1723325482378,124,[-22 12 -23 11 -22 12 -22 13 -23 13 -22 12 -22 12 -21 12 -20 12 -20 13 -19 13 -18 13 -19 12 -18 13 -18 13 -18 11 -17 11 -17 13 10 -16 13 10 -16 9 -14 8 -14 8 -14 7 -13 6 -13 5 0 0 0 0 0 0 0 0 0 0 0 0 0 0 0 0 0 0 0 0 0 0 0 2 -1 3 -2 3 -3 4 -4 4 -5 5 -6 5 -8 6 -9 6 -11 7 -12 7 -14 7 -15 6 -16 6 -17 6 -17 6 -18 6 -18 6 -19 6 -20 7 -21 7 -20 7 -21 8 -21 9 -22 13]
,,,-80,0,0,0,0,0,0,0,0,0,0,-92,0,6,1723325482396,0,0,0,0,1723325482396,124,[-35 13 -36 12 -35 13 -35 13 -36 13 -36 13 -35 13 -33 13 -33 13 -33 15 -32 15 -30 14 -30 14 -29 15 -29 14 -28 13 -27 13 -26 12 -25 13 10 -25 13 10 -23 8 -23 7 -22 8 -20 7 -20 5 0 0 0 0 0 0 0 0 0 0 0 0 0 0 0 0 0 0 0 0 0 0 -1 4 -2 4 -3 5 -6 5 -7 6 -8 7 -10 8 -12 7 -15 8 -18 8 -20 7 -21 8 -24 6 -25 6 -26 5 -27 5 -27 5 -28 4 -30 5 -30 6 -31 6 -32 7 -32 7 -33 13 10 -34]
,,,-80,0,0,0,0,0,0,0,0,0,0,-92,0,6,1723325482416,0,0,0,0,1723325482416,124,[-20 30 -20 30 -20 32 -19 31 -19 31 -19 31 -19 31 -17 30 -18 31 -16 31 -15 30 -14 28 -14 28 -13 30 -13 28 -14 28 -12 26 -13 25 -13 24 -13 23 -12 21 -13 20 -12 18 -12 17 -12 15 0 0 0 0 0 0 0 0 0 0 0 0 0 0 0 0 0 0 0 0 0 0 1 4 1 5 0 5 -1 6 -2 8 -3 13 10 -5 12 -6 13 -8 15 -10 16 -12 17 -14 18 -15 18 -17 19 -18 17 -19 20 -19 19 -20 20 -20 20 -20 22 -22 22 -21 23 -22 25 -21 25 -22 27 -22]
,,,-80,0,0,0,0,0,0,0,0,0,0,-92,0,6,1723325482434,0,0,0,0,1723325482434,124,[22 -9 23 -10 22 -10 23 -11 23 -10 23 -11 22 -10 21 -10 21 -11 20 -12 20 -11 19 -11 19 -11 18 -11 18 -11 18 -10 17 -10 17 -10 16 -8 16 -8 15 -7 14 -7 14 -7 13 -6 13 -5 0 0 0 0 0 0 0 0 0 0 0 0 0 0 0 0 0 0 0 0 0 0 -1 -3 1 -4 2 -4 3 -4 3 -5 5 -5 6 -6 8 -6 9 -6 11 -6 12 -6 13 -5 15 -5 16 -5 17 -5 17 -4 17 -5 18 -5 19 -5 19 -6 20 -6 20 -6 20 -7 21 -8 22 -8 22 -8]
,,,-80,0,0,0,0,0,0,0,0,0,0,-92,0,6,1723325482454,0,0,0,0,1723325482454,124,[3 24 3 25 4 24 4 25 3 24 3 25 3 24 4 24 4 23 5 23 5 22 5 21 4 21 5 20 5 21 4 20 4 20 3 18 2 18 2 17 1 16 1 15 2 15 0 14 0 14 0 0 0 0 0 0 0 0 0 0 0 0 0 0 0 0 0 0 0 0 0 0 2 0 3 1 3 2 3 3 3 4 3 6 3 7 3 9 3 13 10 3 11 3 13 2 15 1 16 1 16 0 17 0 18 0 19 0 18 0 19 0 20 0 20 0 21 1 21 2 23 2 23 2]
,,,-80,0,0,0,0,0,0,0,0,0,0,-92,0,6,1723325482474,0,0,0,0,1723325482474,124,[-9 23 -9 24 -8 23 -9 24 -8 23 -8 24 -8 23 -7 23 -8 22 -7 22 -6 21 -6 21 -6 21 -5 21 -5 21 -5 19 -5 19 -5 18 -6 17 -5 17 -6 15 -6 14 -6 14 -6 13 -7 12 0 0 0 0 0 0 0 0 0 0 0 0 0 0 0 0 0 0 0 0 0 0 2 1 1 3 1 4 0 4 0 5 0 7 0 8 -2 9 -2 13 10 -4 12 -5 13 -6 14 -7 14 -8 15 -9 15 -9 15 -9 16 -10 16 -10 17 -10 18 -10 18 -10 19 -10 19 -10 20 -10 21 -10]
,,,-80,0,0,0,0,0,0,0,0,0,0,-92,0,6,1723325482501,0,0,0,0,1723325482501,124,[20 12 20 13 21 13 21 13 21 13 21 12 21 12 20 12 21 11 20 13 10 20 13 10 19 9 19 9 19 9 19 9 19 9 17 9 17 9 16 8 15 9 14 8 13 8 12 8 11 8 13 10 8 0 0 0 0 0 0 0 0 0 0 0 0 0 0 0 0 0 0 0 0 0 0 2 -2 2 -2 4 -2 4 -1 6 0 6 1 8 1 8 3 9 4 11 5 12 6 12 8 13 9 13 13 10 13 13 10 13 12 13 12 14 12 15 12 15 13 16 13 16 13 17 13 18]
,,,-80,0,0,0,0,0,0,0,0,0,0,-92,0,6,1723325482514,0,0,0,0,1723325482514,124,[8 -24 8 -24 8 -24 8 -24 8 -24 7 -25 7 -24 6 -24 7 -24 6 -24 5 -23 5 -22 4 -22 4 -22 4 -21 4 -20 4 -20 4 -19 4 -18 4 -18 5 -16 5 -16 4 -15 5 -14 6 -13 0 0 0 0 0 0 0 0 0 0 0 0 0 0 0 0 0 0 0 0 0 0 -3 -2 -2 -3 -2 -4 -1 -5 -1 -6 -1 -8 0 -9 1 -10 2 -11 3 -13 4 -14 6 -15 6 -15 8 -15 8 -15 9 -16 9 -16 9 -17 9 -18 9 -18 9 -19 9 -19 13 10 -20 13 10 -21 9 -22]
,,,-80,0,0,0,0,0,0,0,0,0,0,-92,0,6,1723325482535,0,0,0,0,1723325482535,124,[24 4 24 4 24 3 24 3 24 3 24 3 24 3 23 3 23 3 23 2 22 1 21 1 21 1 22 1 21 2 20 2 19 2 19 2 18 2 17 2 16 2 15 3 14 3 13 3 13 4 0 0 0 0 0 0 0 0 0 0 0 0 0 0 0 0 0 0 0 0 0 0 1 -3 2 -3 3 -3 4 -3 5 -3 6 -2 8 -2 9 -1 11 -1 12 -1 13 1 14 2 15 2 16 3 16 4 17 5 17 5 17 5 18 5 19 5 20 5 21 5 20 5 22 4 23 4 23 5]
,,,-80,0,0,0,0,0,0,0,0,0,0,-92,0,6,1723325482556,0,0,0,0,1723325482556,124,[31 16 31 16 32 17 32 16 32 16 32 16 32 16 31 15 31 15 31 14 30 12 29 11 29 11 29 11 28 11 28 11 26 11 25 11 24 11 22 11 21 13 10 20 11 19 13 10 18 13 10 16 11 0 0 0 0 0 0 0 0 0 0 0 0 0 0 0 0 0 0 0 0 0 0 3 -3 4 -2 5 -2 7 -2 9 -1 13 10 0 12 2 13 3 15 5 17 6 18 9 19 11 20 12 21 13 20 14 21 16 21 16 22 16 23 16 23 17 24 17 25 17 26 18 28 17]
,,,-80,0,0,0,0,0,0,0,0,0,0,-92,0,6,1723325482577,0,0,0,0,1723325482577,124,[11 -22 11 -22 12 -23 11 -22 11 -23 11 -23 11 -23 13 10 -22 13 10 -23 8 -22 8 -22 7 -21 7 -21 7 -21 7 -21 7 -20 7 -19 6 -18 7 -17 7 -16 7 -15 7 -15 6 -14 6 -13 7 -12 0 0 0 0 0 0 0 0 0 0 0 0 0 0 0 0 0 0 0 0 0 0 -2 -3 -2 -4 -1 -5 -1 -5 0 -6 0 -8 1 -9 3 -10 3 -11 4 -12 5 -13 7 -14 8 -14 9 -14 13 10 -14 13 10 -15 11 -15 11 -16 12 -16 12 -17 12 -17 12 -18 12 -18 12 -20]
,,,-80,0,0,0,0,0,0,0,0,0,0,-92,0,6,1723325482595,0,0,0,0,1723325482595,124,[31 16 31 16 32 16 32 16 33 15 32 15 32 15 31 13 31 14 31 12 31 11 29 13 10 29 13 10 29 13 10 29 13 10 28 13 10 27 13 10 26 13 10 24 9 23 13 10 21 9 20 13 10 20 9 18 9 17 9 0 0 0 0 0 0 0 0 0 0 0 0 0 0 0 0 0 0 0 0 0 0 2 -3 4 -2 6 -2 7 -2 8 0 9 1 12 3 13 4 14 5 16 7 18 9 19 11 20 12 20 13 20 15 20 17 21 16 21 17 23 17 23 17 25 18 25]
,,,-80,0,0,0,0,0,0,0,0,0,0,-92,0,6,1723325482614,0,0,0,0,1723325482614,124,[5 27 5 27 5 27 5 27 5 27 5 27 6 27 5 26 6 26 6 25 6 25 6 23 6 24 6 23 6 23 6 22 5 21 5 21 4 20 4 19 3 18 2 17 2 16 1 16 0 15 0 0 0 0 0 0 0 0 0 0 0 0 0 0 0 0 0 0 0 0 0 0 3 0 3 1 3 2 4 3 4 4 5 6 5 8 5 9 5 11 4 12 4 15 3 16 3 17 2 18 1 19 1 20 1 20 1 21 1 21 1 22 1 23 2 23 2 24 3 24 4 26 5 26]
,,,-80,0,0,0,0,0,0,0,0,0,0,-92,0,6,1723325482634,0,0,0,0,1723325482634,124,[17 -18 17 -18 17 -19 17 -19 17 -19 16 -19 16 -19 15 -18 15 -19 14 -19 14 -18 13 -18 13 -18 13 -18 12 -18 13 -17 13 -16 11 -16 12 -15 11 -14 13 10 -13 11 -12 13 10 -11 13 10 -10 13 10 -9 0 0 0 0 0 0 0 0 0 0 0 0 0 0 0 0 0 0 0 0 0 0 -2 -3 -1 -4 -1 -5 0 -5 1 -6 2 -7 3 -8 5 -9 6 -10 7 -10 9 -11 13 10 -11 12 -11 12 -11 13 -11 14 -11 14 -11 15 -12 15 -13 15 -13 16 -13 16 -14 17 -14 17]
,,,-80,0,0,0,0,0,0,0,0,0,0,-92,0,6,1723325482656,0,0,0,0,1723325482656,124,[-25 -6 -25 -6 -25 -5 -25 -5 -25 -4 -25 -5 -25 -5 -25 -5 -24 -4 -24 -3 -23 -3 -23 -2 -23 -2 -22 -2 -22 -2 -21 -2 -20 -3 -20 -3 -18 -3 -18 -3 -17 -3 -16 -3 -16 -3 -15 -4 -14 -5 0 0 0 0 0 0 0 0 0 0 0 0 0 0 0 0 0 0 0 0 0 0 -2 2 -3 2 -4 2 -6 1 -6 1 -7 0 -9 0 -10 -1 -11 -2 -13 -2 -14 -3 -15 -4 -16 -5 -16 -6 -17 -6 -17 -8 -18 -8 -17 -8 -19 -8 -19 -7 -21 -8 -21 -8 -21 -8 -22 -7 -23 -7 -24 -7]
,,,-80,0,0,0,0,0,0,0,0,0,0,-92,0,6,1723325482674,0,0,0,0,1723325482674,124,[19 14 20 15 19 15 20 14 20 15 20 14 20 14 19 13 19 13 19 13 18 12 18 12 18 11 18 11 18 11 18 11 17 11 16 13 10 15 13 10 14 13 10 13 9 12 13 10 11 13 10 13 10 13 10 9 13 10 0 0 0 0 0 0 0 0 0 0 0 0 0 0 0 0 0 0 0 0 0 0 2 -2 3 -1 3 -1 4 0 5 0 7 2 8 3 8 3 9 5 13 10 6 11 8 11 9 12 13 10 12 11 12 11 12 13 12 13 13 14 13 13 14 14 15 15]
,,,-80,0,0,0,0,0,0,0,0,0,0,-92,0,6,1723325482695,0,0,0,0,1723325482695,124,[-14 21 -14 22 -13 21 -13 22 -13 22 -13 22 -13 21 -12 21 -12 21 -11 20 -11 21 -10 19 -10 20 -9 19 -9 20 -9 18 -9 18 -9 17 -9 16 -9 15 -9 14 -9 13 -8 12 -9 12 -9 11 0 0 0 0 0 0 0 0 0 0 0 0 0 0 0 0 0 0 0 0 0 0 2 2 1 3 0 3 0 4 -1 5 -1 7 -2 8 -3 9 -4 13 10 -6 11 -7 12 -9 13 -10 13 -10 13 -12 14 -12 13 -12 14 -12 14 -13 15 -13 16 -13 16 -13 17 -13 16 -13 18 -14 19 -14]
,,,-80,0,0,0,0,0,0,0,0,0,0,-92,0,6,1723325482715,0,0,0,0,1723325482715,124,[21 13 21 13 21 13 21 12 22 12 22 12 21 12 21 12 20 11 20 11 20 11 19 13 10 20 9 19 9 19 9 18 9 17 9 16 9 16 9 15 9 13 8 13 8 12 9 11 8 13 10 8 0 0 0 0 0 0 0 0 0 0 0 0 0 0 0 0 0 0 0 0 0 0 2 -2 3 -1 3 -1 4 -1 5 0 7 1 8 2 9 3 13 10 3 11 5 12 7 12 8 13 9 13 13 10 13 13 10 13 11 14 12 14 12 15 12 16 12 16 13 17 13 17 13 18]
,,,-80,0,0,0,0,0,0,0,0,0,0,-92,0,6,1723325482736,0,0,0,0,1723325482736,124,[12 -22 12 -22 13 -22 13 -22 12 -22 12 -22 13 -22 11 -22 11 -22 11 -21 13 10 -21 9 -20 9 -21 8 -20 8 -20 9 -19 9 -19 9 -18 8 -17 8 -16 8 -15 8 -14 8 -13 8 -12 9 -11 0 0 0 0 0 0 0 0 0 0 0 0 0 0 0 0 0 0 0 0 0 0 -2 -3 -1 -4 -1 -5 -1 -5 0 -6 1 -8 1 -9 2 -10 3 -11 5 -12 6 -12 8 -13 9 -13 13 10 -14 11 -14 11 -15 11 -14 12 -15 12 -16 12 -16 13 -17 13 -18 14 -18 13 -18 14 -19]
,,,-80,0,0,0,0,0,0,0,0,0,0,-92,0,6,1723325482754,0,0,0,0,1723325482754,124,[11 25 11 25 12 25 12 24 13 25 13 24 13 24 13 23 13 23 13 23 13 22 12 21 13 21 13 20 13 20 12 20 11 19 11 19 13 10 18 9 17 8 16 7 16 7 15 6 15 4 15 0 0 0 0 0 0 0 0 0 0 0 0 0 0 0 0 0 0 0 0 0 0 3 -1 4 1 4 1 4 2 5 3 6 5 6 6 7 8 7 13 10 7 11 7 13 7 15 6 16 6 17 6 18 6 19 6 20 6 20 6 20 7 21 8 22 8 22 8 23 13 10 23 13]
,,,-80,0,0,0,0,0,0,0,0,0,0,-92,0,6,1723325482774,0,0,0,0,1723325482774,124,[22 -10 23 -11 21 -11 22 -11 22 -12 22 -12 22 -12 21 -12 20 -12 20 -12 19 -12 18 -12 18 -12 17 -12 18 -12 17 -12 17 -11 16 -10 16 -10 15 -10 14 -8 13 -7 13 -7 13 -6 12 -5 0 0 0 0 0 0 0 0 0 0 0 0 0 0 0 0 0 0 0 0 0 0 -1 -3 0 -4 1 -4 2 -5 3 -5 4 -6 6 -6 7 -6 9 -6 13 10 -7 12 -7 13 -6 15 -6 16 -5 16 -5 16 -5 17 -5 17 -5 19 -6 19 -6 20 -7 20 -7 20 -7 21 -8 22 -8 22]
,,,-80,0,0,0,0,0,0,0,0,0,0,-92,0,6,1723325482795,0,0,0,0,1723325482795,124,[22 9 23 9 22 8 24 8 23 8 23 8 22 8 22 8 22 7 22 6 22 6 21 5 21 6 20 5 21 5 20 5 19 6 18 6 17 6 16 6 15 6 14 6 14 6 13 6 12 6 0 0 0 0 0 0 0 0 0 0 0 0 0 0 0 0 0 0 0 0 0 0 1 -3 3 -2 4 -2 5 -2 5 -1 7 0 8 0 9 1 13 10 2 11 2 13 4 13 5 14 6 15 7 15 8 15 9 15 9 16 9 17 9 17 9 18 9 19 9 19 13 10 20 9 21 9]
,,,-80,0,0,0,0,0,0,0,0,0,0,-92,0,6,1723325482818,0,0,0,0,1723325482818,124,[22 9 23 9 23 8 24 8 23 8 23 7 23 7 22 7 23 7 23 6 22 5 21 5 21 5 21 5 20 5 20 5 19 5 18 5 17 5 17 5 15 5 15 5 14 5 13 5 12 5 0 0 0 0 0 0 0 0 0 0 0 0 0 0 0 0 0 0 0 0 0 0 1 -2 2 -2 3 -2 5 -2 5 -1 6 0 8 1 9 1 13 10 2 12 3 13 5 13 6 14 7 14 8 15 8 15 9 15 13 10 16 9 17 9 17 13 10 18 13 10 19 13 10 19 11 20]
,,,-80,0,0,0,0,0,0,0,0,0,0,-92,0,6,1723325482837,0,0,0,0,1723325482837,124,[-9 26 -9 26 -8 26 -8 26 -8 26 -8 26 -7 26 -7 26 -7 25 -6 25 -6 24 -6 23 -5 24 -5 24 -5 24 -5 22 -5 21 -6 21 -6 20 -5 19 -6 17 -6 16 -6 16 -6 14 -7 13 0 0 0 0 0 0 0 0 0 0 0 0 0 0 0 0 0 0 0 0 0 0 2 2 2 3 1 4 1 4 1 6 0 8 0 9 -1 13 10 -2 12 -3 13 -4 15 -6 15 -6 16 -7 17 -8 17 -9 18 -10 18 -9 18 -10 19 -10 20 -10 21 -10 21 -10 22 -9 23 -9 23 -9]
,,,-80,0,0,0,0,0,0,0,0,0,0,-92,0,6,1723325482854,0,0,0,0,1723325482854,124,[-22 13 10 -24 11 -22 11 -24 11 -22 12 -22 12 -22 12 -21 12 -21 11 -21 11 -20 11 -20 11 -19 12 -18 12 -19 12 -18 11 -18 13 10 -17 13 10 -16 9 -16 9 -15 7 -15 7 -15 6 -14 5 -14 4 0 0 0 0 0 0 0 0 0 0 0 0 0 0 0 0 0 0 0 0 0 0 0 3 -1 3 -2 3 -3 4 -4 4 -5 5 -6 6 -8 6 -9 6 -11 7 -13 6 -14 6 -16 6 -16 5 -17 6 -18 5 -19 5 -18 5 -20 6 -20 6 -21 7 -21 7 -21 7 -22 8 -22]
,,,-80,0,0,0,0,0,0,0,0,0,0,-92,0,6,1723325482874,0,0,0,0,1723325482874,124,[17 17 17 18 17 17 17 17 17 17 18 17 17 17 17 16 17 16 17 15 17 15 16 14 17 14 16 14 16 13 15 13 14 13 14 13 13 13 12 12 11 12 13 10 11 13 10 11 9 11 7 11 0 0 0 0 0 0 0 0 0 0 0 0 0 0 0 0 0 0 0 0 0 0 2 -1 3 -1 3 -1 5 0 5 1 6 2 7 4 8 5 8 6 9 7 13 10 9 13 10 13 10 11 11 13 10 12 11 13 13 10 14 11 15 11 15 12 15 12 15 12 16 13 16 13]
,,,-80,0,0,0,0,0,0,0,0,0,0,-92,0,6,1723325482894,0,0,0,0,1723325482894,124,[17 -22 17 -22 17 -22 17 -22 17 -22 17 -23 16 -22 15 -22 15 -22 14 -23 13 -22 13 -21 12 -22 12 -21 12 -21 12 -20 12 -19 12 -19 11 -17 11 -17 11 -15 11 -15 13 10 -14 13 10 -13 13 10 -11 0 0 0 0 0 0 0 0 0 0 0 0 0 0 0 0 0 0 0 0 0 0 -2 -3 -2 -4 0 -5 0 -6 1 -7 2 -8 3 -9 4 -10 6 -11 7 -12 9 -13 13 10 -13 12 -14 13 -14 14 -14 15 -14 15 -14 15 -15 16 -15 16 -16 16 -17 17 -17 17 -18 17 -19]
,,,-80,0,0,0,0,0,0,0,0,0,0,-92,0,6,1723325482918,0,0,0,0,1723325482918,124,[8 22 9 24 9 23 9 23 9 22 13 10 22 13 10 22 13 10 21 13 10 21 13 10 21 9 20 9 20 13 10 19 13 10 19 13 10 19 9 18 9 18 8 17 7 16 7 16 6 14 5 14 5 14 4 13 3 13 0 0 0 0 0 0 0 0 0 0 0 0 0 0 0 0 0 0 0 0 0 0 3 -1 3 1 3 1 3 2 4 3 4 5 5 6 5 8 5 13 10 5 13 10 5 13 4 14 4 15 4 16 4 17 3 18 3 18 4 18 4 19 4 19 4 20]
,,,-80,0,0,0,0,0,0,0,0,0,0,-92,0,6,1723325482935,0,0,0,0,1723325482935,124,[13 10 -22 11 -23 13 10 -23 13 10 -24 11 -23 13 10 -23 13 10 -23 9 -22 9 -22 8 -23 7 -22 7 -21 7 -22 6 -21 7 -21 7 -20 7 -20 7 -19 7 -17 7 -17 7 -15 7 -14 7 -14 7 -13 7 -12 0 0 0 0 0 0 0 0 0 0 0 0 0 0 0 0 0 0 0 0 0 0 -3 -3 -2 -4 -2 -4 -1 -5 0 -7 0 -8 0 -9 2 -10 2 -11 3 -12 5 -14 6 -14 7 -15 8 -15 9 -15 13 10 -15 13 10 -16 9 -16 11 -17 11 -17 11 -18 11 -19 11]
,,,-80,0,0,0,0,0,0,0,0,0,0,-92,0,6,1723325482970,0,0,0,0,1723325482970,124,[19 -20 18 -21 18 -21 19 -21 19 -21 18 -22 18 -21 17 -21 16 -21 16 -22 15 -21 15 -21 15 -21 14 -20 13 -21 13 -19 13 -19 13 -18 12 -17 12 -16 12 -15 11 -14 11 -13 11 -12 11 -11 0 0 0 0 0 0 0 0 0 0 0 0 0 0 0 0 0 0 0 0 0 0 -2 -3 -1 -4 0 -5 1 -6 1 -7 2 -8 4 -9 5 -9 7 -10 8 -11 13 10 -12 12 -12 13 -13 14 -12 15 -13 16 -13 16 -13 16 -13 17 -14 18 -15 18 -15 19 -16 18 -16 19 -18 19 -18 20]
,,,-80,0,0,0,0,0,0,0,0,0,0,-92,0,6,1723325482982,0,0,0,0,1723325482982,124,[-15 -21 -15 -21 -16 -21 -15 -20 -16 -20 -16 -20 -16 -20 -17 -19 -16 -19 -16 -18 -16 -18 -16 -17 -16 -17 -16 -16 -16 -16 -16 -15 -14 -15 -14 -15 -13 -15 -12 -14 -12 -14 -10 -13 -10 -13 -9 -12 -8 -12 0 0 0 0 0 0 0 0 0 0 0 0 0 0 0 0 0 0 0 0 0 0 -4 0 -4 -1 -4 -2 -5 -2 -5 -3 -6 -5 -7 -6 -7 -7 -8 -8 -8 -10 -8 -12 -8 -14 -8 -15 -9 -16 -8 -16 -9 -17 -8 -17 -9 -18 -9 -18 -10 -18 -10 -19 -11 -20 -11 -20 -12 -20 -12 -21 -13 -22]
,,,-80,0,0,0,0,0,0,0,0,0,0,-92,0,6,1723325482995,0,0,0,0,1723325482995,124,[31 18 31 18 31 18 32 17 32 17 31 17 32 17 31 16 31 15 31 14 30 13 30 12 30 12 29 12 28 12 28 12 26 12 25 12 24 11 23 11 21 11 20 11 19 11 18 11 16 11 0 0 0 0 0 0 0 0 0 0 0 0 0 0 0 0 0 0 0 0 0 0 3 -3 4 -2 6 -2 8 -1 9 0 13 10 2 12 3 13 4 14 6 16 7 17 9 18 12 19 13 21 14 20 16 20 17 20 17 21 18 22 17 23 18 24 18 25 19 26 20 28 18 29 19 29]
,,,-80,0,0,0,0,0,0,0,0,0,0,-92,0,6,1723325483018,0,0,0,0,1723325483018,124,[23 8 23 8 23 7 23 7 24 7 24 6 24 6 23 6 23 6 23 5 22 4 22 4 22 4 21 4 21 4 20 4 19 4 18 4 18 4 17 4 15 4 15 5 14 5 13 5 12 5 0 0 0 0 0 0 0 0 0 0 0 0 0 0 0 0 0 0 0 0 0 0 1 -3 2 -2 3 -2 4 -2 6 -2 6 -1 8 0 9 1 13 10 2 12 2 13 4 13 5 14 6 15 7 15 7 16 8 16 8 16 8 17 8 18 9 18 9 19 9 20 9 21 8 22 8 23]
,,,-80,0,0,0,0,0,0,0,0,0,0,-92,0,6,1723325483037,0,0,0,0,1723325483037,124,[-23 -9 -24 -9 -23 -9 -24 -9 -24 -8 -24 -8 -23 -8 -24 -8 -23 -8 -23 -6 -23 -6 -22 -6 -22 -6 -21 -5 -22 -5 -20 -5 -19 -6 -19 -6 -18 -6 -17 -6 -16 -6 -15 -6 -15 -6 -14 -6 -12 -7 0 0 0 0 0 0 0 0 0 0 0 0 0 0 0 0 0 0 0 0 0 0 -2 1 -3 1 -5 1 -5 1 -6 0 -7 -1 -8 -1 -10 -2 -11 -3 -12 -4 -14 -5 -14 -6 -15 -7 -15 -8 -16 -9 -16 -9 -16 -10 -17 -10 -18 -10 -18 -10 -19 -10 -19 -10 -19 -10 -21 -9 -21 -10 -23 -10]
,,,-80,0,0,0,0,0,0,0,0,0,0,-92,0,6,1723325483057,0,0,0,0,1723325483057,124,[22 -11 23 -11 22 -11 22 -11 22 -11 22 -11 22 -11 21 -11 20 -11 20 -12 19 -11 18 -12 18 -12 18 -11 18 -12 18 -11 17 -10 16 -10 16 -9 15 -9 14 -8 14 -7 14 -7 13 -6 13 -5 0 0 0 0 0 0 0 0 0 0 0 0 0 0 0 0 0 0 0 0 0 0 -1 -3 1 -4 1 -4 2 -5 3 -5 4 -6 5 -6 7 -6 9 -6 13 10 -7 12 -7 13 -6 15 -6 15 -6 16 -5 17 -5 17 -5 17 -5 19 -6 19 -6 20 -7 20 -7 20 -8 21 -8 21 -8 22]
,,,-80,0,0,0,0,0,0,0,0,0,0,-92,0,6,1723325483075,0,0,0,0,1723325483075,124,[11 -26 11 -25 11 -26 11 -25 13 10 -26 11 -26 13 10 -25 9 -25 9 -25 8 -25 8 -24 8 -24 7 -23 7 -24 7 -23 7 -23 6 -21 7 -21 7 -20 7 -19 7 -17 7 -16 7 -15 7 -15 7 -14 0 0 0 0 0 0 0 0 0 0 0 0 0 0 0 0 0 0 0 0 0 0 -3 -3 -2 -4 -2 -5 -1 -6 -1 -7 0 -8 1 -10 2 -11 3 -12 4 -14 6 -15 7 -16 9 -16 9 -16 13 10 -16 11 -17 11 -18 11 -18 11 -18 12 -19 12 -20 12 -21 13 -22 12 -22 12]
,,,-80,0,0,0,0,0,0,0,0,0,0,-92,0,6,1723325483094,0,0,0,0,1723325483094,124,[-25 2 -26 2 -26 2 -26 3 -25 3 -26 3 -25 3 -24 3 -24 3 -24 3 -23 4 -22 4 -22 4 -22 5 -21 4 -21 4 -20 4 -20 3 -19 2 -18 2 -17 2 -16 1 -16 1 -15 0 -14 0 0 0 0 0 0 0 0 0 0 0 0 0 0 0 0 0 0 0 0 0 0 0 -1 2 -2 3 -4 3 -5 2 -5 3 -6 3 -8 3 -9 3 -11 3 -13 2 -14 1 -15 1 -16 1 -18 0 -18 -1 -19 -1 -19 -1 -20 -2 -21 -1 -21 -1 -21 -1 -21 0 -22 -1 -23 1 -24 1 -24 1]
,,,-80,0,0,0,0,0,0,0,0,0,0,-92,0,6,1723325483114,0,0,0,0,1723325483114,124,[7 -24 7 -25 7 -24 6 -25 6 -24 6 -25 6 -24 6 -24 5 -24 4 -24 4 -23 3 -22 4 -23 3 -22 3 -22 3 -20 4 -20 4 -19 4 -18 4 -18 4 -16 4 -15 4 -15 5 -14 5 -13 0 0 0 0 0 0 0 0 0 0 0 0 0 0 0 0 0 0 0 0 0 0 -3 -2 -3 -3 -2 -4 -2 -5 -1 -6 -2 -8 -1 -9 0 -10 1 -11 2 -13 2 -15 4 -15 5 -15 6 -16 7 -16 7 -17 7 -17 8 -17 8 -18 8 -19 8 -19 8 -20 8 -20 8 -22 7 -22 8 -23]
,,,-80,0,0,0,0,0,0,0,0,0,0,-92,0,6,1723325483134,0,0,0,0,1723325483134,124,[4 -28 4 -29 4 -29 3 -28 3 -28 3 -29 3 -28 2 -28 2 -27 1 -28 1 -27 1 -26 1 -25 0 -25 -1 -25 0 -24 0 -23 0 -22 1 -21 1 -20 1 -19 2 -18 2 -17 3 -16 3 -16 0 0 0 0 0 0 0 0 0 0 0 0 0 0 0 0 0 0 0 0 0 0 -3 -3 -3 -4 -2 -5 -3 -6 -2 -7 -2 -8 -2 -9 -1 -12 0 -13 1 -14 2 -16 4 -17 4 -18 5 -18 6 -19 6 -20 7 -20 6 -21 6 -22 7 -22 6 -23 6 -24 6 -24 6 -25 6 -26 6 -27]
,,,-80,0,0,0,0,0,0,0,0,0,0,-92,0,6,1723325483157,0,0,0,0,1723325483157,124,[13 19 14 21 14 19 15 20 14 20 15 19 15 19 14 19 14 18 15 17 15 17 15 16 15 16 14 15 15 16 14 15 13 15 12 15 11 14 13 10 13 9 13 8 12 9 12 8 11 6 12 0 0 0 0 0 0 0 0 0 0 0 0 0 0 0 0 0 0 0 0 0 0 2 -1 3 0 3 0 4 1 5 2 6 3 6 5 6 6 7 8 7 9 8 11 7 12 8 13 8 14 7 15 7 16 8 17 7 16 8 17 8 18 9 18 13 10 18 13 10 19 11 19 11]
,,,-80,0,0,0,0,0,0,0,0,0,0,-92,0,6,1723325483178,0,0,0,0,1723325483178,124,[-4 -27 -4 -27 -4 -27 -5 -27 -5 -27 -5 -26 -5 -26 -5 -25 -5 -25 -6 -25 -6 -24 -6 -23 -7 -23 -7 -23 -6 -23 -6 -22 -6 -21 -6 -21 -5 -19 -4 -19 -4 -18 -3 -17 -3 -17 -2 -15 -1 -15 0 0 0 0 0 0 0 0 0 0 0 0 0 0 0 0 0 0 0 0 0 0 -4 -2 -3 -2 -4 -3 -4 -5 -4 -5 -4 -7 -4 -9 -4 -10 -4 -12 -3 -13 -3 -16 -2 -16 -1 -18 0 -18 0 -18 0 -20 1 -20 1 -20 0 -21 0 -21 0 -23 -1 -23 -1 -24 -1 -25 -1 -25 -2 -26]
,,,-80,0,0,0,0,0,0,0,0,0,0,-92,0,6,1723325483197,0,0,0,0,1723325483197,124,[-36 -7 -37 -7 -35 -8 -37 -7 -37 -6 -36 -6 -36 -6 -35 -6 -34 -6 -35 -5 -34 -3 -33 -3 -33 -3 -31 -3 -31 -4 -30 -3 -29 -4 -28 -4 -26 -5 -26 -5 -24 -5 -23 -6 -21 -6 -20 -6 -19 -6 0 0 0 0 0 0 0 0 0 0 0 0 0 0 0 0 0 0 0 0 0 0 -2 3 -4 3 -6 3 -8 3 -9 3 -10 2 -12 2 -14 0 -16 0 -19 -1 -22 -3 -22 -4 -24 -5 -24 -7 -26 -8 -25 -9 -26 -10 -26 -10 -29 -9 -29 -9 -30 -9 -31 -8 -31 -9 -34 -9 -34 -8 -35 -8]
,,,-80,0,0,0,0,0,0,0,0,0,0,-92,0,6,1723325483216,0,0,0,0,1723325483216,124,[-1 -25 -1 -26 -1 -25 -1 -26 -2 -26 -2 -26 -2 -25 -2 -24 -3 -24 -4 -24 -3 -23 -4 -22 -4 -23 -4 -21 -4 -22 -4 -21 -3 -20 -3 -20 -2 -19 -2 -18 -2 -17 -1 -16 -1 -16 0 -15 0 -14 0 0 0 0 0 0 0 0 0 0 0 0 0 0 0 0 0 0 0 0 0 0 -3 -1 -3 -2 -3 -4 -3 -5 -3 -6 -3 -7 -4 -8 -3 -10 -3 -11 -2 -13 -2 -15 -1 -15 0 -16 1 -17 1 -18 2 -18 2 -19 2 -19 2 -20 2 -21 1 -21 1 -22 0 -22 1 -23 0 -24 0 -26]
,,,-80,0,0,0,0,0,0,0,0,0,0,-92,0,6,1723325483234,0,0,0,0,1723325483234,124,[34 13 34 13 34 13 34 13 35 12 35 11 34 12 33 11 33 12 32 11 33 9 32 9 31 8 31 8 30 8 29 8 28 8 26 8 25 8 24 9 23 8 22 8 20 9 19 8 17 9 0 0 0 0 0 0 0 0 0 0 0 0 0 0 0 0 0 0 0 0 0 0 2 -4 4 -3 5 -3 7 -3 9 -2 13 10 0 12 0 14 2 16 4 18 4 19 7 20 9 21 13 10 22 12 22 12 22 13 23 14 24 14 24 14 26 14 27 15 28 14 29 15 30 14 32 14]
,,,-80,0,0,0,0,0,0,0,0,0,0,-92,0,6,1723325483255,0,0,0,0,1723325483255,124,[15 -19 16 -20 15 -20 16 -20 16 -20 15 -20 15 -20 14 -20 14 -20 13 -20 12 -20 11 -19 12 -19 11 -18 12 -19 11 -18 11 -17 11 -16 13 10 -15 13 10 -15 13 10 -13 13 10 -12 13 10 -12 9 -11 9 -10 0 0 0 0 0 0 0 0 0 0 0 0 0 0 0 0 0 0 0 0 0 0 -2 -3 -1 -4 0 -4 0 -5 1 -6 2 -7 3 -8 4 -9 5 -10 7 -11 8 -12 9 -12 11 -12 11 -12 12 -12 13 -12 13 -12 13 -13 15 -14 15 -14 15 -15 15 -15 15 -16 15]
,,,-80,0,0,0,0,0,0,0,0,0,0,-92,0,6,1723325483308,0,0,0,0,1723325483308,124,[17 -18 17 -19 17 -18 17 -19 16 -19 16 -20 16 -19 15 -19 15 -19 14 -19 13 -19 13 -18 13 -19 12 -18 12 -18 12 -17 12 -17 11 -16 11 -15 11 -14 13 10 -13 13 10 -12 13 10 -12 9 -11 13 10 -10 0 0 0 0 0 0 0 0 0 0 0 0 0 0 0 0 0 0 0 0 0 0 -2 -3 -1 -4 0 -4 1 -5 1 -6 2 -7 3 -8 4 -9 6 -10 7 -10 9 -11 13 10 -11 12 -11 13 -11 14 -11 14 -11 14 -11 15 -11 15 -13 16 -13 16 -13 16 -15 16 -14 17]
,,,-80,0,0,0,0,0,0,0,0,0,0,-92,0,6,1723325483319,0,0,0,0,1723325483319,124,[24 -5 24 -6 24 -5 25 -6 24 -6 24 -6 24 -7 23 -7 22 -7 22 -7 21 -7 21 -7 21 -8 20 -8 20 -8 19 -7 19 -7 18 -7 17 -6 17 -6 15 -4 15 -4 14 -4 13 -3 13 -3 0 0 0 0 0 0 0 0 0 0 0 0 0 0 0 0 0 0 0 0 0 0 0 -3 1 -4 2 -4 3 -4 4 -4 6 -4 7 -5 8 -5 13 10 -4 11 -4 13 -4 14 -2 16 -2 17 -1 17 -1 18 -1 18 -1 18 -1 19 -1 21 -2 21 -2 21 -2 21 -3 23 -3 23 -4 24]
,,,-80,0,0,0,0,0,0,0,0,0,0,-92,0,6,1723325483337,0,0,0,0,1723325483337,124,[21 -29 23 -31 22 -30 22 -32 22 -31 22 -31 21 -30 21 -30 19 -30 18 -30 18 -30 16 -29 17 -28 16 -28 16 -28 16 -26 16 -26 16 -25 15 -23 15 -22 14 -20 14 -18 13 -18 14 -17 14 -15 0 0 0 0 0 0 0 0 0 0 0 0 0 0 0 0 0 0 0 0 0 0 -3 -4 -2 -6 -1 -6 0 -8 1 -10 2 -12 4 -13 5 -14 7 -15 9 -16 11 -18 14 -18 15 -18 17 -19 18 -19 19 -19 19 -20 19 -20 21 -21 22 -22 22 -23 21 -23 22 -24 22 -26 23 -27 23 -29]
,,,-80,0,0,0,0,0,0,0,0,0,0,-92,0,6,1723325483356,0,0,0,0,1723325483356,124,[3 -25 4 -26 3 -25 3 -26 3 -26 2 -26 2 -25 2 -25 2 -25 1 -25 0 -24 0 -23 0 -23 0 -23 0 -23 0 -21 0 -21 0 -21 1 -19 1 -18 1 -17 1 -16 1 -16 2 -15 3 -14 0 0 0 0 0 0 0 0 0 0 0 0 0 0 0 0 0 0 0 0 0 0 -3 -2 -3 -3 -2 -4 -2 -5 -2 -6 -2 -8 -2 -9 -1 -10 0 -11 0 -13 1 -14 2 -15 3 -16 4 -17 5 -17 5 -18 5 -18 6 -18 5 -19 6 -19 6 -20 6 -21 5 -22 4 -23 4 -23 4 -24]
,,,-80,0,0,0,0,0,0,0,0,0,0,-92,0,6,1723325483374,0,0,0,0,1723325483374,124,[-20 16 -21 16 -19 16 -19 16 -19 17 -19 17 -19 17 -18 17 -18 16 -17 16 -17 16 -16 15 -16 16 -15 16 -15 15 -15 15 -14 14 -14 13 -14 12 -14 12 -13 11 -13 13 10 -12 9 -12 8 -12 7 0 0 0 0 0 0 0 0 0 0 0 0 0 0 0 0 0 0 0 0 0 0 1 2 0 3 -1 4 -2 4 -3 5 -3 6 -5 7 -6 8 -7 8 -9 9 -11 9 -12 9 -14 9 -15 9 -15 9 -16 9 -17 9 -17 9 -17 13 10 -18 11 -18 11 -18 12 -18 12 -19 13 -20 14]
,,,-80,0,0,0,0,0,0,0,0,0,0,-92,0,6,1723325483396,0,0,0,0,1723325483396,124,[-14 -22 -14 -22 -14 -22 -14 -22 -15 -21 -15 -21 -14 -22 -15 -20 -14 -21 -15 -20 -15 -19 -15 -18 -15 -18 -14 -17 -14 -18 -14 -17 -13 -16 -12 -17 -11 -16 -11 -15 -10 -14 -9 -14 -9 -14 -8 -13 -7 -13 0 0 0 0 0 0 0 0 0 0 0 0 0 0 0 0 0 0 0 0 0 0 -3 -1 -4 -1 -4 -2 -5 -3 -6 -4 -7 -5 -7 -6 -8 -8 -8 -9 -8 -10 -8 -13 -8 -14 -8 -15 -8 -16 -7 -16 -7 -18 -7 -18 -7 -18 -9 -19 -9 -19 -9 -19 -10 -20 -10 -21 -11 -21 -12 -21 -12 -22]
,,,-80,0,0,0,0,0,0,0,0,0,0,-92,0,6,1723325483414,0,0,0,0,1723325483414,124,[24 4 25 4 24 4 25 3 24 3 25 3 25 3 24 3 23 2 23 1 23 1 22 1 22 1 21 1 22 1 20 1 20 1 19 2 18 2 17 2 16 3 15 2 14 3 14 3 13 3 0 0 0 0 0 0 0 0 0 0 0 0 0 0 0 0 0 0 0 0 0 0 1 -3 2 -3 3 -3 4 -3 5 -3 6 -2 8 -2 9 -1 13 10 -1 12 0 14 1 15 2 15 3 16 3 17 5 17 5 17 6 18 5 19 5 19 5 20 5 21 5 20 6 22 5 23 5 24]
,,,-80,0,0,0,0,0,0,0,0,0,0,-92,0,6,1723325483434,0,0,0,0,1723325483434,124,[-25 -4 -26 -4 -25 -3 -26 -3 -26 -3 -26 -2 -25 -3 -25 -2 -24 -2 -25 -2 -24 -1 -23 -1 -23 -1 -22 0 -22 -1 -22 -1 -21 -1 -20 -1 -19 -2 -18 -2 -17 -2 -16 -2 -15 -3 -15 -2 -14 -3 0 0 0 0 0 0 0 0 0 0 0 0 0 0 0 0 0 0 0 0 0 0 -2 2 -3 2 -4 2 -6 2 -6 2 -8 1 -9 1 -10 0 -11 0 -13 -1 -15 -2 -16 -3 -17 -4 -17 -4 -18 -5 -18 -6 -19 -6 -19 -6 -20 -6 -20 -6 -21 -6 -21 -6 -22 -6 -23 -5 -23 -5 -24 -6]
,,,-80,0,0,0,0,0,0,0,0,0,0,-92,0,6,1723325483454,0,0,0,0,1723325483454,124,[-20 16 -20 16 -19 16 -19 17 -19 17 -20 16 -19 16 -18 16 -18 17 -17 17 -17 16 -16 16 -16 16 -15 16 -15 15 -15 15 -14 14 -15 13 -14 12 -14 12 -14 13 10 -13 13 10 -12 9 -12 9 -11 7 0 0 0 0 0 0 0 0 0 0 0 0 0 0 0 0 0 0 0 0 0 0 1 2 0 3 -1 4 -2 4 -3 5 -3 6 -5 7 -6 8 -8 8 -9 9 -10 13 10 -12 13 10 -13 13 10 -14 13 10 -15 9 -17 9 -17 9 -17 13 10 -17 13 10 -17 13 10 -18 11 -19]
,,,-80,0,0,0,0,0,0,0,0,0,0,-92,0,6,1723325483474,0,0,0,0,1723325483474,124,[7 -24 6 -24 7 -25 6 -25 6 -25 6 -25 6 -25 5 -24 5 -25 4 -24 4 -23 3 -23 3 -22 2 -23 2 -22 3 -21 3 -20 3 -20 3 -19 3 -18 3 -16 3 -16 3 -15 4 -14 4 -13 0 0 0 0 0 0 0 0 0 0 0 0 0 0 0 0 0 0 0 0 0 0 -3 -3 -2 -4 -2 -4 -2 -6 -1 -6 -1 -8 0 -9 1 -10 1 -12 2 -13 3 -14 5 -15 6 -15 7 -16 8 -16 8 -17 8 -17 8 -18 9 -18 9 -19 9 -19 9 -20 9 -21 8 -22 8 -22 8 -23]
,,,-80,0,0,0,0,0,0,0,0,0,0,-92,0,6,1723325483494,0,0,0,0,1723325483494,124,[-22 -15 -21 -14 -22 -15 -22 -14 -22 -14 -22 -14 -22 -14 -21 -13 -21 -13 -21 -13 -21 -11 -20 -11 -20 -10 -21 -10 -20 -10 -20 -10 -18 -10 -18 -9 -16 -9 -16 -9 -15 -9 -14 -9 -13 -9 -12 -9 -11 -9 0 0 0 0 0 0 0 0 0 0 0 0 0 0 0 0 0 0 0 0 0 0 -3 1 -4 0 -5 0 -5 0 -6 -1 -7 -2 -9 -3 -9 -4 -11 -5 -11 -7 -12 -9 -13 -10 -13 -11 -13 -12 -13 -12 -14 -14 -13 -14 -14 -14 -15 -14 -16 -14 -16 -15 -17 -15 -18 -16 -18 -15 -19 -15 -19 -16]
,,,-80,0,0,0,0,0,0,0,0,0,0,-92,0,6,1723325483514,0,0,0,0,1723325483514,124,[21 -12 22 -13 22 -13 22 -14 22 -14 22 -14 21 -14 20 -14 20 -13 20 -13 19 -13 19 -13 18 -14 17 -14 17 -13 17 -12 16 -12 16 -12 15 -11 15 -10 13 -9 13 -8 13 -8 12 -7 12 -6 0 0 0 0 0 0 0 0 0 0 0 0 0 0 0 0 0 0 0 0 0 0 -1 -3 0 -4 1 -4 2 -5 3 -6 4 -6 5 -7 7 -7 8 -7 13 10 -8 12 -7 13 -7 15 -7 16 -6 16 -6 17 -7 17 -6 17 -6 18 -7 19 -8 19 -8 20 -9 20 -9 21 -9 22 -10 22]
,,,-80,0,0,0,0,0,0,0,0,0,0,-92,0,6,1723325483534,0,0,0,0,1723325483534,124,[-1 -25 -1 -26 -1 -25 -1 -26 -2 -25 -2 -26 -1 -26 -2 -25 -2 -25 -3 -24 -3 -24 -4 -23 -4 -23 -4 -22 -4 -23 -3 -21 -3 -21 -2 -20 -2 -19 -1 -19 -1 -18 -1 -16 -1 -16 0 -15 1 -14 0 0 0 0 0 0 0 0 0 0 0 0 0 0 0 0 0 0 0 0 0 0 -3 -2 -3 -3 -3 -4 -4 -5 -3 -6 -3 -7 -3 -9 -3 -10 -3 -12 -2 -13 -2 -14 0 -16 0 -16 1 -17 2 -18 2 -19 2 -20 2 -19 2 -20 2 -20 2 -22 2 -22 2 -22 0 -23 0 -24 0 -25]
,,,-80,0,0,0,0,0,0,0,0,0,0,-92,0,6,1723325483554,0,0,0,0,1723325483554,124,[-4 -25 -4 -26 -4 -25 -4 -26 -4 -26 -4 -26 -4 -25 -5 -25 -5 -24 -6 -24 -6 -23 -7 -22 -6 -22 -7 -21 -6 -22 -6 -21 -5 -20 -4 -21 -4 -19 -3 -18 -3 -17 -3 -16 -3 -16 -2 -15 -1 -14 0 0 0 0 0 0 0 0 0 0 0 0 0 0 0 0 0 0 0 0 0 0 -4 -1 -4 -3 -3 -3 -4 -5 -4 -5 -4 -7 -4 -9 -4 -10 -3 -11 -3 -13 -3 -15 -2 -16 -1 -17 -1 -17 0 -18 0 -19 1 -19 0 -20 0 -21 0 -21 0 -22 0 -22 -1 -23 -2 -23 -2 -24 -2 -25]
,,,-80,0,0,0,0,0,0,0,0,0,0,-92,0,6,1723325483578,0,0,0,0,1723325483578,124,[-16 18 -17 19 -16 19 -16 20 -16 20 -16 20 -15 20 -14 19 -14 19 -14 19 -14 19 -13 18 -13 19 -12 18 -12 18 -12 17 -11 17 -11 16 -11 14 -10 14 -10 13 -10 12 -10 11 -9 13 10 -10 9 0 0 0 0 0 0 0 0 0 0 0 0 0 0 0 0 0 0 0 0 0 0 1 2 1 3 0 3 -1 4 -2 5 -3 6 -4 7 -5 8 -6 9 -7 13 10 -9 11 -11 11 -12 11 -13 11 -14 11 -14 11 -15 12 -14 12 -16 13 -16 14 -16 14 -16 15 -16 15 -16 16 -17 17]
,,,-80,0,0,0,0,0,0,0,0,0,0,-92,0,6,1723325483596,0,0,0,0,1723325483596,124,[19 -15 21 -15 20 -15 20 -16 20 -15 20 -15 20 -16 19 -15 18 -16 17 -16 17 -16 16 -16 16 -16 16 -15 16 -16 15 -14 15 -14 15 -13 14 -12 13 -11 13 -10 12 -10 11 -9 11 -9 11 -8 0 0 0 0 0 0 0 0 0 0 0 0 0 0 0 0 0 0 0 0 0 0 -2 -3 -1 -4 1 -4 2 -5 3 -6 4 -6 4 -7 6 -7 7 -7 9 -8 13 10 -9 12 -9 13 -9 14 -9 15 -8 16 -8 16 -8 16 -8 18 -9 18 -9 19 -10 19 -10 18 -11 19 -12 19 -13 20]
,,,-80,0,0,0,0,0,0,0,0,0,0,-92,0,6,1723325483615,0,0,0,0,1723325483615,124,[9 -24 9 -24 13 10 -24 9 -24 9 -24 8 -24 9 -24 7 -24 7 -24 7 -23 6 -23 5 -22 6 -22 5 -22 5 -22 5 -21 5 -20 5 -19 5 -18 5 -18 5 -16 5 -15 5 -15 5 -14 6 -13 0 0 0 0 0 0 0 0 0 0 0 0 0 0 0 0 0 0 0 0 0 0 -3 -3 -2 -4 -2 -5 -1 -6 -1 -6 0 -8 0 -9 1 -10 2 -11 4 -12 5 -13 6 -14 7 -14 8 -15 9 -15 9 -16 9 -16 13 10 -17 13 10 -17 13 10 -18 13 10 -18 13 10 -19 11 -20]
,,,-80,0,0,0,0,0,0,0,0,0,0,-92,0,6,1723325483637,0,0,0,0,1723325483637,124,[8 -24 9 -25 8 -24 8 -25 8 -24 9 -25 8 -24 7 -24 7 -24 6 -24 5 -23 5 -22 5 -23 4 -22 4 -22 5 -21 5 -21 5 -19 5 -18 5 -18 5 -16 5 -15 5 -15 5 -14 5 -13 0 0 0 0 0 0 0 0 0 0 0 0 0 0 0 0 0 0 0 0 0 0 -3 -3 -2 -4 -2 -4 -2 -6 -1 -6 -1 -8 0 -9 1 -10 2 -12 3 -12 4 -14 5 -15 7 -15 7 -15 8 -16 9 -17 9 -17 9 -17 13 10 -18 13 10 -18 13 10 -19 13 10 -20 9 -20 9 -21]
,,,-80,0,0,0,0,0,0,0,0,0,0,-92,0,6,1723325483656,0,0,0,0,1723325483656,124,[24 -2 25 -2 25 -2 25 -2 25 -2 25 -2 25 -2 24 -2 23 -3 23 -4 22 -4 22 -4 22 -4 21 -3 21 -3 20 -3 19 -2 19 -2 18 -2 17 -1 16 -1 15 -1 14 -1 14 0 13 1 0 0 0 0 0 0 0 0 0 0 0 0 0 0 0 0 0 0 0 0 0 0 0 -3 1 -3 2 -4 4 -4 5 -4 6 -3 7 -3 9 -3 13 10 -3 11 -3 13 -3 14 -1 15 -1 16 0 17 0 17 1 18 1 18 1 19 1 20 1 20 1 21 1 21 0 23 -1 23 -1 24]
,,,-80,0,0,0,0,0,0,0,0,0,0,-92,0,6,1723325483675,0,0,0,0,1723325483675,124,[-25 4 -26 4 -25 5 -26 5 -25 5 -25 5 -25 4 -24 5 -24 5 -24 6 -23 5 -22 6 -22 6 -21 6 -21 6 -20 6 -19 5 -19 5 -18 4 -18 4 -16 3 -16 3 -15 2 -14 2 -14 1 0 0 0 0 0 0 0 0 0 0 0 0 0 0 0 0 0 0 0 0 0 0 -1 2 -2 3 -4 2 -5 3 -6 3 -7 3 -8 3 -10 3 -11 3 -13 3 -14 2 -15 1 -17 1 -18 1 -18 0 -19 0 -19 -1 -19 0 -20 0 -21 0 -21 0 -22 1 -22 1 -23 2 -24 2 -25 2]
,,,-80,0,0,0,0,0,0,0,0,0,0,-92,0,6,1723325483695,0,0,0,0,1723325483695,124,[1 -28 1 -29 1 -28 1 -29 1 -28 1 -29 1 -28 0 -28 0 -27 -1 -27 -1 -26 -2 -25 -2 -26 -2 -24 -1 -25 -1 -23 -1 -23 -1 -22 0 -21 0 -20 1 -19 1 -17 0 -17 1 -16 2 -16 0 0 0 0 0 0 0 0 0 0 0 0 0 0 0 0 0 0 0 0 0 0 -4 -2 -4 -3 -3 -4 -3 -5 -3 -6 -3 -8 -3 -10 -2 -11 -2 -13 -1 -14 0 -16 1 -17 2 -18 3 -19 4 -20 4 -20 5 -21 4 -21 4 -22 5 -22 5 -23 4 -24 4 -24 2 -25 2 -27 3 -28]
,,,-80,0,0,0,0,0,0,0,0,0,0,-92,0,6,1723325483718,0,0,0,0,1723325483718,124,[-17 -19 -17 -19 -17 -19 -18 -18 -18 -18 -18 -19 -18 -19 -17 -18 -18 -18 -17 -17 -17 -16 -17 -16 -18 -15 -17 -15 -16 -15 -16 -14 -15 -14 -14 -14 -13 -14 -13 -13 -11 -12 -11 -12 -10 -12 -10 -11 -9 -12 0 0 0 0 0 0 0 0 0 0 0 0 0 0 0 0 0 0 0 0 0 0 -3 0 -4 -1 -5 -1 -5 -2 -6 -2 -7 -4 -8 -5 -9 -6 -9 -7 -10 -9 -10 -11 -11 -12 -11 -13 -11 -14 -10 -15 -11 -16 -11 -16 -11 -17 -11 -17 -12 -17 -13 -18 -13 -18 -14 -18 -15 -18 -15 -19 -16 -20]
,,,-80,0,0,0,0,0,0,0,0,0,0,-92,0,6,1723325483740,0,0,0,0,1723325483740,124,[20 12 22 13 21 12 22 12 21 12 21 12 21 12 21 12 20 11 20 13 10 20 9 20 9 20 9 19 9 19 9 18 9 18 9 17 9 15 9 15 9 13 8 13 8 12 8 11 8 13 10 8 0 0 0 0 0 0 0 0 0 0 0 0 0 0 0 0 0 0 0 0 0 0 2 -2 2 -2 3 -2 5 -1 6 -1 7 1 8 2 9 3 13 10 4 11 5 12 6 12 8 13 8 13 13 10 13 13 10 13 11 14 12 14 12 15 12 15 12 16 13 16 13 17 13 19]
,,,-80,0,0,0,0,0,0,0,0,0,0,-92,0,6,1723325483758,0,0,0,0,1723325483758,124,[9 22 9 23 13 10 22 13 10 23 13 10 22 13 10 22 13 10 22 13 10 21 13 10 21 13 10 20 13 10 19 13 10 19 11 18 11 18 13 10 18 13 10 17 9 17 9 17 8 16 8 15 6 14 6 14 5 13 4 13 3 12 0 0 0 0 0 0 0 0 0 0 0 0 0 0 0 0 0 0 0 0 0 0 3 0 3 0 3 1 4 2 4 3 4 5 5 6 5 7 5 9 5 11 5 13 5 14 4 14 5 15 4 16 4 17 4 18 4 18 5 18 5 19]
,,,-80,0,0,0,0,0,0,0,0,0,0,-92,0,6,1723325483774,0,0,0,0,1723325483774,124,[-19 21 -19 21 -19 22 -19 21 -18 22 -18 23 -17 22 -16 21 -17 21 -16 21 -16 20 -15 20 -14 20 -14 21 -14 19 -14 19 -13 18 -12 18 -12 16 -12 16 -12 14 -11 13 -12 12 -12 11 -11 13 10 0 0 0 0 0 0 0 0 0 0 0 0 0 0 0 0 0 0 0 0 0 0 1 2 1 3 -1 4 -2 5 -2 6 -3 7 -4 9 -5 9 -7 13 10 -9 11 -10 12 -12 12 -14 12 -14 12 -15 12 -16 13 -16 13 -17 14 -17 14 -18 15 -17 15 -18 16 -18 17 -19 17 -19 19]
,,,-80,0,0,0,0,0,0,0,0,0,0,-92,0,6,1723325483796,0,0,0,0,1723325483796,124,[-15 20 -15 20 -15 20 -14 20 -15 20 -15 20 -15 20 -14 20 -13 20 -12 20 -12 20 -11 19 -11 19 -11 19 -10 19 -11 18 -10 17 -11 16 -10 15 -10 15 -10 13 -10 13 -9 12 -9 11 -9 13 10 0 0 0 0 0 0 0 0 0 0 0 0 0 0 0 0 0 0 0 0 0 0 1 2 1 3 -1 4 -1 4 -1 6 -2 7 -3 8 -4 9 -5 9 -7 11 -8 12 -9 12 -10 12 -11 12 -12 12 -13 13 -14 13 -14 13 -14 14 -15 14 -15 15 -15 15 -15 17 -15 18 -15 18 -15]
,,,-80,0,0,0,0,0,0,0,0,0,0,-92,0,6,1723325483821,0,0,0,0,1723325483821,124,[-28 2 -29 1 -28 2 -29 2 -28 3 -28 3 -28 3 -27 3 -27 3 -27 3 -26 4 -25 4 -25 5 -24 5 -24 5 -23 4 -22 4 -22 4 -20 3 -20 3 -18 2 -18 1 -17 1 -16 1 -16 0 0 0 0 0 0 0 0 0 0 0 0 0 0 0 0 0 0 0 0 0 0 0 -2 2 -3 3 -4 3 -5 3 -7 3 -8 3 -9 3 -11 2 -12 2 -15 2 -16 0 -17 0 -19 -1 -20 -2 -20 -3 -21 -3 -21 -3 -21 -3 -23 -3 -23 -2 -24 -2 -25 -2 -25 -2 -26 -1 -26 -1 -27 0]
,,,-80,0,0,0,0,0,0,0,0,0,0,-92,0,6,1723325483838,0,0,0,0,1723325483838,124,[2 24 2 26 2 24 2 25 2 25 3 24 3 24 3 24 3 23 4 23 4 22 4 21 4 22 4 21 4 21 3 20 3 20 2 19 2 17 2 17 1 16 1 15 1 14 0 14 -1 13 0 0 0 0 0 0 0 0 0 0 0 0 0 0 0 0 0 0 0 0 0 0 2 0 3 2 2 2 3 3 3 4 3 6 3 8 3 9 3 13 10 2 12 2 13 1 15 0 15 0 16 -1 17 -1 17 -1 18 -1 18 -1 19 -1 19 -1 20 0 21 0 21 1 22 1 23 1]
,,,-80,0,0,0,0,0,0,0,0,0,0,-92,0,6,1723325483856,0,0,0,0,1723325483856,124,[20 -19 20 -19 19 -19 20 -20 20 -19 20 -20 20 -19 19 -19 18 -19 17 -20 17 -20 16 -19 16 -19 15 -18 15 -19 15 -17 14 -16 14 -16 14 -14 14 -14 12 -13 12 -12 12 -11 12 -11 12 -10 0 0 0 0 0 0 0 0 0 0 0 0 0 0 0 0 0 0 0 0 0 0 -2 -4 -1 -5 0 -5 1 -6 2 -7 3 -8 4 -9 6 -9 8 -10 9 -11 13 10 -11 12 -11 14 -12 15 -12 16 -11 16 -11 17 -11 16 -12 18 -13 18 -13 19 -13 19 -14 19 -15 19 -17 20 -17 20]
,,,-80,0,0,0,0,0,0,0,0,0,0,-92,0,6,1723325483875,0,0,0,0,1723325483875,124,[36 -1 38 -1 37 -2 37 -4 37 -4 37 -4 37 -4 36 -5 35 -5 34 -4 33 -6 32 -6 32 -6 31 -7 31 -6 30 -6 29 -5 27 -5 26 -5 25 -4 24 -4 22 -2 22 -2 21 -1 20 -1 0 0 0 0 0 0 0 0 0 0 0 0 0 0 0 0 0 0 0 0 0 0 0 -5 3 -5 4 -5 6 -5 8 -5 9 -5 12 -4 14 -4 16 -4 18 -3 21 -1 22 0 24 1 25 2 26 3 26 3 27 3 28 4 29 3 30 2 31 2 32 2 32 2 34 1 35 1 35 1]
,,,-80,0,0,0,0,0,0,0,0,0,0,-92,0,6,1723325483951,0,0,0,0,1723325483951,124,[19 18 20 20 20 19 21 19 21 19 20 18 20 18 20 17 19 17 20 16 20 15 19 15 20 15 19 14 19 15 18 13 17 14 16 13 15 12 14 13 13 12 12 12 12 12 13 10 11 9 11 0 0 0 0 0 0 0 0 0 0 0 0 0 0 0 0 0 0 0 0 0 0 2 -2 3 -1 4 -1 5 0 6 1 7 3 8 4 9 5 13 10 7 13 10 8 11 13 10 12 12 12 13 12 14 12 15 12 16 12 17 12 16 13 17 14 17 14 18 15 18 15 18 17 19]
,,,-80,0,0,0,0,0,0,0,0,0,0,-92,0,6,1723325483963,0,0,0,0,1723325483963,124,[-16 22 -17 23 -16 23 -16 23 -16 22 -16 22 -16 22 -15 23 -14 22 -14 22 -13 21 -12 21 -13 22 -12 21 -12 21 -11 20 -11 19 -12 18 -11 17 -11 16 -10 15 -10 14 -10 13 -10 12 -10 11 0 0 0 0 0 0 0 0 0 0 0 0 0 0 0 0 0 0 0 0 0 0 1 2 1 4 0 4 -1 5 -1 6 -2 8 -3 9 -5 13 10 -6 11 -8 12 -9 13 -10 14 -11 14 -13 14 -14 14 -15 14 -15 16 -15 15 -16 16 -16 16 -17 17 -16 18 -16 18 -17 19 -17 20 -17]
