type,role,mac,rssi,rate,sig_mode,mcs,bandwidth,smoothing,not_sounding,aggregation,stbc,fec_coding,sgi,noise_floor,ampdu_cnt,channel,local_time,ant,sig_len,rx_state,real_time_set,real_timestamp,len,CSI_DATA
,,,-80,0,0,0,0,0,0,0,0,0,0,-92,0,6,1722359565864,0,0,0,0,1722359565864,124,[11 18 12 18 13 14 14 13 15 12 16 13 10 18 8 19 7 20 5 23 4 24 4 25 4 27 5 27 5 28 7 28 8 28 13 10 27 11 25 12 23 13 21 14 20 13 18 14 15 14 14 14 0 0 0 0 0 0 0 0 0 0 0 0 0 0 0 0 0 0 0 0 0 0 7 34 3 35 2 33 0 34 -1 32 -3 34 -5 33 -5 32 -5 31 -5 30 -4 30 -4 30 -3 29 -3 28 -2 28 -1 26 0 27 1 24 2 25 4 24 5 23 7 23 8 22 11 23 11 22]
,,,-80,0,0,0,0,0,0,0,0,0,0,-92,0,6,1722359565886,0,0,0,0,1722359565886,124,[-4 -20 -4 -19 -5 -18 -6 -16 -7 -16 -8 -15 -9 -14 -11 -14 -12 -13 -14 -13 -15 -13 -16 -13 -16 -14 -16 -15 -16 -16 -16 -17 -15 -17 -13 -18 -11 -18 -11 -18 -8 -17 -8 -16 -7 -16 -6 -15 -5 -14 0 0 0 0 0 0 0 0 0 0 0 0 0 0 0 0 0 0 0 0 0 0 -2 -26 1 -26 2 -26 3 -25 5 -25 5 -24 6 -24 7 -24 7 -23 6 -24 6 -23 5 -23 6 -23 5 -23 5 -22 5 -22 4 -22 3 -22 2 -21 1 -21 1 -22 0 -22 -2 -22 -3 -22 -4 -22 -3 -23]
,,,-80,0,0,0,0,0,0,0,0,0,0,-92,0,6,1722359565901,0,0,0,0,1722359565901,124,[-24 -18 -24 -17 -23 -15 -23 -15 -23 -13 -23 -13 -23 -10 -23 -9 -23 -8 -25 -7 -25 -7 -26 -7 -26 -7 -26 -7 -27 -8 -27 -9 -25 -10 -25 -11 -22 -12 -21 -13 -19 -14 -17 -13 -16 -14 -14 -13 -12 -13 0 0 0 0 0 0 0 0 0 0 0 0 0 0 0 0 0 0 0 0 0 0 -24 -13 -22 -15 -21 -16 -21 -16 -20 -17 -21 -18 -20 -19 -20 -19 -19 -20 -20 -20 -21 -21 -20 -20 -20 -21 -20 -21 -20 -20 -20 -21 -20 -20 -21 -19 -22 -20 -22 -19 -23 -18 -24 -18 -25 -17 -27 -17 -26 -18 -27 -18]
,,,-80,0,0,0,0,0,0,0,0,0,0,-92,0,6,1722359565925,0,0,0,0,1722359565925,124,[-18 9 -17 9 -16 9 -15 9 -14 9 -14 13 10 -13 13 10 -12 11 -11 11 -11 12 -11 12 -11 12 -11 13 -11 13 -11 13 -12 13 -13 12 -13 12 -13 13 10 -13 9 -13 7 -13 7 -13 5 -12 4 -12 3 0 0 0 0 0 0 0 0 0 0 0 0 0 0 0 0 0 0 0 0 0 0 -15 9 -15 7 -16 7 -16 6 -16 6 -17 5 -18 5 -18 5 -18 5 -18 4 -19 4 -18 4 -19 4 -18 3 -18 4 -18 4 -18 5 -18 5 -18 6 -17 7 -17 8 -17 8 -17 9 -18 9 -18]
,,,-80,0,0,0,0,0,0,0,0,0,0,-92,0,6,1722359565941,0,0,0,0,1722359565941,124,[-17 7 -17 7 -15 7 -15 7 -13 8 -12 7 -11 8 -10 9 -10 9 -9 13 10 -9 13 10 -9 13 10 -9 11 -9 12 -9 12 -10 12 -10 12 -11 11 -11 13 10 -11 9 -11 8 -11 6 -11 5 -11 5 -10 3 0 0 0 0 0 0 0 0 0 0 0 0 0 0 0 0 0 0 0 0 0 0 -16 9 -17 7 -17 6 -18 5 -18 5 -18 5 -19 4 -19 3 -18 3 -19 3 -20 2 -19 3 -19 3 -18 3 -18 3 -18 4 -18 4 -18 5 -18 5 -17 6 -17 6 -17 7 -17 8 -18 8]
,,,-80,0,0,0,0,0,0,0,0,0,0,-92,0,6,1722359565961,0,0,0,0,1722359565961,124,[-14 13 -14 12 -12 11 -11 11 -10 11 -9 13 10 -8 13 10 -6 13 10 -5 13 10 -5 11 -4 11 -3 11 -3 12 -3 12 -3 13 -4 12 -4 13 -4 12 -5 11 -5 11 -6 9 -6 8 -6 8 -6 7 -6 6 0 0 0 0 0 0 0 0 0 0 0 0 0 0 0 0 0 0 0 0 0 0 -12 14 -13 13 -14 12 -14 12 -14 11 -15 11 -16 11 -16 11 -16 11 -16 13 10 -17 13 10 -16 13 10 -16 13 10 -15 13 10 -15 11 -15 11 -15 11 -14 11 -14 12 -14 13 -14 13 -13]
,,,-80,0,0,0,0,0,0,0,0,0,0,-92,0,6,1722359566007,0,0,0,0,1722359566007,124,[-10 24 -11 25 -9 21 -9 21 -7 20 -6 19 -5 18 -4 17 -3 16 -1 17 -1 16 0 17 0 18 1 16 1 18 0 16 0 17 -1 17 -1 16 -2 15 -3 14 -3 12 -3 12 -4 11 -4 13 10 0 0 0 0 0 0 0 0 0 0 0 0 0 0 0 0 0 0 0 0 0 0 -4 20 -5 20 -6 19 -7 20 -7 19 -9 21 -9 20 -10 21 -10 20 -10 19 -11 21 -11 21 -11 21 -11 21 -10 22 -9 21 -10 23 -9 22 -9 24 -8 24 -7 25 -7 26 -7 26 -8 27 -8 28 -9]
,,,-80,0,0,0,0,0,0,0,0,0,0,-92,0,6,1722359566031,0,0,0,0,1722359566031,124,[-14 -23 -13 -22 -12 -20 -11 -20 -12 -18 -12 -17 -12 -16 -12 -14 -12 -13 -13 -13 -14 -12 -14 -11 -15 -11 -14 -11 -14 -11 -14 -12 -13 -12 -13 -12 -11 -12 -10 -12 -9 -12 -8 -11 -6 -11 -5 -10 -4 -10 0 0 0 0 0 0 0 0 0 0 0 0 0 0 0 0 0 0 0 0 0 0 -11 -14 -9 -15 -10 -15 -9 -16 -9 -16 -9 -18 -9 -18 -8 -19 -8 -19 -8 -19 -8 -20 -9 -20 -9 -20 -9 -20 -10 -20 -10 -20 -11 -20 -11 -20 -13 -21 -13 -20 -14 -21 -15 -21 -15 -21 -16 -23 -16 -23 -16 -23]
,,,-80,0,0,0,0,0,0,0,0,0,0,-92,0,6,1722359566086,0,0,0,0,1722359566086,124,[22 9 21 9 20 8 18 8 18 6 17 6 16 5 16 4 15 3 15 2 15 2 15 1 15 1 15 1 15 1 15 1 14 2 14 2 13 2 12 3 11 4 13 10 4 9 4 8 4 7 4 0 0 0 0 0 0 0 0 0 0 0 0 0 0 0 0 0 0 0 0 0 0 13 2 13 3 13 3 14 4 14 5 14 5 14 6 15 6 14 7 15 7 16 7 16 6 16 7 16 6 16 6 17 6 17 6 18 6 19 6 20 5 20 5 22 5 22 4 24 5 24 6 24]
,,,-80,0,0,0,0,0,0,0,0,0,0,-92,0,6,1722359566103,0,0,0,0,1722359566103,124,[-21 -8 -21 -8 -19 -7 -18 -7 -17 -6 -16 -5 -16 -4 -15 -3 -15 -2 -15 -2 -15 -1 -15 -1 -15 0 -15 0 -15 0 -15 -1 -15 -1 -14 -2 -13 -3 -13 -3 -12 -4 -11 -4 -10 -5 -9 -5 -8 -5 0 0 0 0 0 0 0 0 0 0 0 0 0 0 0 0 0 0 0 0 0 0 -14 -3 -14 -4 -13 -5 -14 -5 -14 -6 -14 -6 -14 -7 -15 -7 -14 -7 -15 -7 -15 -8 -15 -7 -15 -7 -15 -7 -15 -7 -16 -7 -17 -6 -17 -6 -18 -5 -19 -5 -19 -5 -20 -5 -21 -4 -22 -5 -23 -5 -23 -6]
,,,-80,0,0,0,0,0,0,0,0,0,0,-92,0,6,1722359566121,0,0,0,0,1722359566121,124,[-21 19 -20 18 -18 16 -17 15 -16 16 -15 15 -13 15 -12 16 -10 16 -10 17 -9 16 -9 17 -9 18 -9 18 -10 18 -10 18 -11 17 -12 16 -11 14 -12 13 -12 11 -12 13 10 -11 9 -11 7 -11 6 0 0 0 0 0 0 0 0 0 0 0 0 0 0 0 0 0 0 0 0 0 0 -11 13 -12 12 -13 11 -13 11 -13 11 -14 11 -15 12 -15 11 -16 12 -16 12 -16 13 -16 13 -16 13 -16 13 -16 14 -16 14 -16 15 -16 16 -16 17 -16 19 -16 20 -16 20 -17 22 -18 22 -19 22 -20]
,,,-80,0,0,0,0,0,0,0,0,0,0,-92,0,6,1722359566141,0,0,0,0,1722359566141,124,[-27 -4 -27 -4 -25 -3 -24 -3 -23 -1 -22 -1 -21 0 -20 2 -20 2 -21 4 -20 4 -20 4 -21 5 -21 5 -22 4 -21 4 -22 3 -21 2 -19 1 -20 0 -17 -2 -17 -2 -16 -3 -14 -3 -13 -4 0 0 0 0 0 0 0 0 0 0 0 0 0 0 0 0 0 0 0 0 0 0 -19 0 -19 -2 -19 -2 -20 -3 -19 -3 -21 -4 -20 -4 -21 -5 -21 -5 -21 -5 -22 -6 -22 -6 -22 -5 -22 -5 -22 -4 -23 -4 -24 -3 -24 -3 -25 -2 -25 -1 -27 -1 -27 0 -28 -1 -30 -1 -30 -2 -30 -2]
,,,-80,0,0,0,0,0,0,0,0,0,0,-92,0,6,1722359566165,0,0,0,0,1722359566165,124,[19 4 19 4 18 2 17 2 17 1 16 0 15 -1 15 -2 15 -3 15 -4 15 -4 15 -4 15 -5 15 -4 16 -4 16 -4 16 -4 16 -3 15 -2 15 -1 14 0 14 1 13 1 12 2 11 2 0 0 0 0 0 0 0 0 0 0 0 0 0 0 0 0 0 0 0 0 0 0 14 0 14 1 14 1 15 2 14 2 16 3 15 3 16 3 16 4 17 4 17 4 17 4 17 4 17 4 17 4 17 4 18 4 18 3 19 4 19 3 20 2 20 3 21 2 21 3 22 3 22 2]
,,,-80,0,0,0,0,0,0,0,0,0,0,-92,0,6,1722359566182,0,0,0,0,1722359566182,124,[-10 -18 -10 -18 -10 -16 -10 -16 -11 -15 -12 -14 -12 -13 -13 -12 -14 -12 -15 -11 -15 -11 -16 -11 -16 -11 -16 -11 -16 -12 -16 -13 -15 -13 -14 -14 -13 -14 -12 -14 -10 -14 -9 -14 -8 -13 -7 -13 -6 -13 0 0 0 0 0 0 0 0 0 0 0 0 0 0 0 0 0 0 0 0 0 0 -8 -14 -7 -14 -7 -15 -7 -15 -6 -15 -6 -16 -6 -17 -6 -18 -5 -18 -6 -18 -6 -18 -6 -18 -7 -18 -6 -19 -7 -19 -7 -19 -7 -19 -8 -19 -8 -19 -9 -19 -9 -19 -10 -20 -11 -19 -11 -20 -11 -20 -11 -20]
,,,-80,0,0,0,0,0,0,0,0,0,0,-92,0,6,1722359566202,0,0,0,0,1722359566202,124,[-15 -12 -15 -12 -14 -10 -14 -9 -14 -7 -15 -7 -15 -6 -16 -4 -16 -4 -17 -4 -17 -3 -18 -3 -18 -3 -18 -3 -19 -4 -18 -5 -18 -6 -17 -6 -16 -7 -15 -7 -13 -8 -12 -8 -12 -8 -10 -8 -9 -8 0 0 0 0 0 0 0 0 0 0 0 0 0 0 0 0 0 0 0 0 0 0 -11 -8 -11 -9 -11 -9 -11 -10 -11 -10 -12 -11 -12 -11 -12 -12 -12 -12 -13 -13 -12 -14 -12 -14 -13 -14 -13 -14 -13 -14 -13 -14 -14 -14 -13 -13 -15 -14 -15 -13 -16 -13 -17 -13 -17 -13 -17 -14 -17 -14 -17 -14]
,,,-80,0,0,0,0,0,0,0,0,0,0,-92,0,6,1722359566222,0,0,0,0,1722359566222,124,[-19 3 -19 3 -17 3 -16 3 -15 4 -14 5 -14 6 -13 6 -13 7 -13 8 -12 8 -13 9 -13 9 -13 8 -13 8 -13 8 -14 7 -13 6 -13 5 -12 4 -11 2 -10 2 -9 2 -8 2 -8 2 0 0 0 0 0 0 0 0 0 0 0 0 0 0 0 0 0 0 0 0 0 0 -12 5 -13 4 -13 3 -14 3 -14 3 -14 3 -15 3 -16 3 -15 3 -16 3 -17 4 -17 4 -18 3 -18 3 -18 4 -19 3 -19 3 -19 4 -20 4 -19 5 -20 5 -20 5 -21 6 -22 6 -22 5 -22 5]
,,,-80,0,0,0,0,0,0,0,0,0,0,-92,0,6,1722359566241,0,0,0,0,1722359566241,124,[-2 21 -2 19 -1 18 -1 16 -1 15 0 14 1 13 2 12 3 11 4 11 5 11 5 13 10 5 11 5 13 10 6 13 10 5 11 5 13 10 4 13 10 3 9 2 9 2 8 2 7 2 6 2 6 2 6 0 0 0 0 0 0 0 0 0 0 0 0 0 0 0 0 0 0 0 0 0 0 4 13 3 14 3 14 2 14 2 14 2 16 1 16 1 17 0 17 1 17 1 18 1 19 1 19 1 19 1 19 1 20 1 20 2 20 2 21 2 22 2 22 2 23 2 23 3]
,,,-80,0,0,0,0,0,0,0,0,0,0,-92,0,6,1722359566261,0,0,0,0,1722359566261,124,[24 13 24 12 22 11 21 13 10 20 8 19 7 18 5 17 3 18 2 18 1 17 1 18 0 18 0 18 -1 18 -1 17 0 17 1 16 1 15 2 14 2 12 3 11 3 11 3 9 3 8 3 0 0 0 0 0 0 0 0 0 0 0 0 0 0 0 0 0 0 0 0 0 0 17 3 17 5 17 5 18 6 19 7 19 7 19 8 19 9 20 9 20 13 10 21 13 10 21 13 10 21 11 22 11 22 13 10 23 13 10 24 13 10 25 9 25 13 10 26 9 26 9 28 9]
,,,-80,0,0,0,0,0,0,0,0,0,0,-92,0,6,1722359566282,0,0,0,0,1722359566282,124,[-12 -15 -11 -15 -10 -13 -11 -13 -11 -11 -10 -10 -10 -9 -11 -8 -11 -7 -12 -6 -12 -6 -12 -6 -13 -6 -13 -6 -13 -7 -12 -7 -12 -7 -11 -8 -10 -8 -9 -8 -8 -8 -7 -7 -6 -7 -5 -6 -4 -6 0 0 0 0 0 0 0 0 0 0 0 0 0 0 0 0 0 0 0 0 0 0 -12 -9 -11 -10 -11 -10 -11 -12 -10 -11 -11 -13 -10 -13 -10 -14 -10 -14 -10 -14 -10 -15 -10 -15 -11 -15 -11 -15 -11 -15 -12 -14 -12 -15 -12 -15 -13 -16 -13 -15 -14 -15 -14 -15 -15 -15 -15 -16 -14 -16 -15 -17]
,,,-80,0,0,0,0,0,0,0,0,0,0,-92,0,6,1722359566302,0,0,0,0,1722359566302,124,[24 14 22 14 20 12 19 11 17 9 17 7 17 6 16 4 16 3 16 2 16 1 16 1 17 1 17 0 17 1 16 2 15 3 14 3 13 4 12 4 13 10 5 9 5 7 5 5 4 4 4 0 0 0 0 0 0 0 0 0 0 0 0 0 0 0 0 0 0 0 0 0 0 20 5 20 6 19 7 20 7 19 8 20 13 10 21 13 10 21 11 21 11 21 12 22 13 21 12 22 13 22 12 22 12 23 11 23 11 24 11 25 11 26 13 10 26 13 10 28 13 10 27 13]
,,,-80,0,0,0,0,0,0,0,0,0,0,-92,0,6,1722359566322,0,0,0,0,1722359566322,124,[-21 -24 -19 -23 -17 -21 -16 -20 -15 -19 -14 -17 -14 -15 -14 -13 -14 -13 -15 -12 -14 -11 -14 -10 -14 -9 -14 -10 -13 -9 -13 -10 -12 -10 -11 -10 -9 -10 -8 -9 -6 -9 -5 -8 -4 -8 -2 -6 -2 -6 0 0 0 0 0 0 0 0 0 0 0 0 0 0 0 0 0 0 0 0 0 0 -16 -14 -14 -15 -14 -16 -14 -16 -14 -16 -14 -16 -14 -17 -13 -18 -14 -17 -14 -19 -15 -19 -15 -18 -16 -18 -16 -17 -17 -17 -19 -17 -19 -17 -20 -17 -21 -17 -22 -17 -23 -18 -24 -18 -25 -19 -26 -21 -26 -21 -26 -23]
,,,-80,0,0,0,0,0,0,0,0,0,0,-92,0,6,1722359566341,0,0,0,0,1722359566341,124,[6 -23 7 -22 6 -21 6 -20 5 -18 5 -17 4 -16 3 -16 2 -15 1 -15 1 -14 0 -14 1 -14 0 -14 0 -14 0 -13 1 -13 1 -12 1 -11 2 -10 3 -9 3 -8 3 -7 3 -6 3 -6 0 0 0 0 0 0 0 0 0 0 0 0 0 0 0 0 0 0 0 0 0 0 3 -16 4 -16 5 -15 5 -15 5 -15 6 -15 6 -15 6 -16 6 -16 6 -16 5 -17 5 -17 5 -17 4 -18 4 -18 4 -19 4 -20 4 -20 3 -21 3 -21 2 -22 2 -23 2 -23 2 -25 3 -25 4 -26]
,,,-80,0,0,0,0,0,0,0,0,0,0,-92,0,6,1722359566361,0,0,0,0,1722359566361,124,[13 -13 13 -13 12 -12 11 -12 13 10 -11 9 -11 8 -11 7 -11 7 -11 6 -12 5 -11 5 -11 5 -12 5 -12 5 -11 5 -11 5 -11 6 -10 6 -9 6 -8 6 -7 6 -6 6 -5 5 -5 5 -4 0 0 0 0 0 0 0 0 0 0 0 0 0 0 0 0 0 0 0 0 0 0 8 -13 9 -12 9 -11 13 10 -11 13 10 -11 11 -11 11 -11 11 -12 12 -11 12 -11 13 -12 13 -12 12 -12 13 -12 13 -13 13 -13 13 -14 13 -14 13 -14 14 -15 13 -15 13 -15 14 -15 14 -16 14]
,,,-80,0,0,0,0,0,0,0,0,0,0,-92,0,6,1722359566381,0,0,0,0,1722359566381,124,[-3 -22 -2 -20 -3 -19 -3 -17 -3 -17 -4 -16 -5 -15 -5 -14 -6 -14 -7 -13 -7 -12 -8 -12 -8 -12 -8 -12 -8 -11 -7 -12 -7 -12 -6 -12 -5 -12 -4 -12 -3 -11 -2 -10 -1 -9 0 -8 1 -7 0 0 0 0 0 0 0 0 0 0 0 0 0 0 0 0 0 0 0 0 0 0 -6 -18 -4 -18 -3 -19 -3 -19 -2 -19 -2 -20 -1 -20 0 -21 0 -21 0 -22 0 -22 -1 -22 0 -22 -1 -22 -1 -22 -1 -23 -2 -22 -2 -23 -2 -24 -2 -24 -3 -24 -3 -24 -3 -24 -4 -24 -4 -24 -4 -24]
,,,-80,0,0,0,0,0,0,0,0,0,0,-92,0,6,1722359566413,0,0,0,0,1722359566413,124,[-3 -22 -3 -21 -3 -20 -3 -19 -3 -17 -4 -16 -4 -15 -5 -15 -5 -14 -6 -14 -6 -14 -6 -13 -6 -13 -6 -13 -6 -13 -5 -13 -4 -13 -4 -12 -2 -11 -2 -11 -1 -10 0 -8 0 -7 1 -6 1 -5 0 0 0 0 0 0 0 0 0 0 0 0 0 0 0 0 0 0 0 0 0 0 -6 -18 -4 -19 -4 -18 -3 -19 -2 -18 -2 -19 -1 -19 -1 -19 -1 -19 -1 -19 -1 -20 -1 -20 -1 -19 -2 -19 -2 -20 -3 -20 -4 -21 -4 -20 -5 -21 -5 -21 -5 -22 -6 -23 -6 -23 -6 -24 -6 -25 -5 -25]
,,,-80,0,0,0,0,0,0,0,0,0,0,-92,0,6,1722359566425,0,0,0,0,1722359566425,124,[-10 26 -10 25 -8 23 -8 21 -6 21 -4 19 -3 18 -2 18 -2 16 0 16 0 16 0 16 0 16 1 16 1 15 0 15 0 15 0 14 -1 12 -2 11 -2 9 -2 8 -2 7 -1 6 -1 6 0 0 0 0 0 0 0 0 0 0 0 0 0 0 0 0 0 0 0 0 0 0 -3 23 -5 23 -6 22 -6 22 -7 21 -8 22 -8 22 -8 22 -8 22 -8 21 -9 22 -8 22 -8 23 -7 23 -6 23 -6 24 -6 25 -5 25 -5 27 -4 28 -4 28 -3 30 -4 30 -6 31 -7 31 -7 32]
,,,-80,0,0,0,0,0,0,0,0,0,0,-92,0,6,1722359566443,0,0,0,0,1722359566443,124,[-30 -11 -30 -11 -25 -8 -23 -8 -21 -5 -20 -4 -19 -2 -17 1 -17 2 -16 4 -16 4 -15 6 -15 6 -14 7 -15 8 -14 7 -13 7 -12 7 -11 6 -10 6 -9 6 -8 7 -7 7 -6 9 -7 9 0 0 0 0 0 0 0 0 0 0 0 0 0 0 0 0 0 0 0 0 0 0 -34 -1 -34 -5 -33 -7 -33 -8 -32 -9 -33 -11 -32 -11 -32 -12 -32 -13 -32 -12 -32 -12 -32 -12 -32 -11 -33 -10 -34 -9 -34 -9 -36 -9 -34 -7 -37 -9 -37 -8 -38 -8 -38 -9 -38 -7 -39 -9 -38 -9 -37 -10]
,,,-80,0,0,0,0,0,0,0,0,0,0,-92,0,6,1722359566463,0,0,0,0,1722359566463,124,[-17 7 -17 6 -14 5 -13 5 -11 5 -9 5 -7 6 -6 6 -5 6 -4 6 -3 6 -2 6 -2 7 -1 6 -1 7 0 6 0 6 0 5 1 5 1 4 2 3 3 3 3 3 4 4 5 4 0 0 0 0 0 0 0 0 0 0 0 0 0 0 0 0 0 0 0 0 0 0 -15 13 -17 12 -17 11 -19 13 10 -19 13 10 -20 9 -20 9 -21 8 -21 8 -20 7 -21 8 -20 8 -20 8 -20 8 -20 9 -20 9 -21 13 10 -20 9 -21 13 10 -20 13 10 -20 11 -20 11 -20 11 -21]
,,,-80,0,0,0,0,0,0,0,0,0,0,-92,0,6,1722359566507,0,0,0,0,1722359566507,124,[-22 1 -21 1 -19 1 -18 1 -17 2 -16 2 -14 2 -13 3 -12 3 -12 4 -11 3 -11 4 -10 4 -10 4 -9 4 -9 4 -9 3 -8 2 -7 2 -7 1 -6 1 -6 0 -5 0 -3 0 -3 0 0 0 0 0 0 0 0 0 0 0 0 0 0 0 0 0 0 0 0 0 0 0 -18 4 -19 3 -19 2 -19 1 -19 1 -20 0 -20 0 -20 -1 -20 -1 -20 -1 -20 -1 -20 0 -20 0 -20 1 -20 1 -21 2 -21 2 -21 3 -22 3 -21 4 -22 4 -22 5 -23 5 -24 4 -24 4 -24 4]
,,,-80,0,0,0,0,0,0,0,0,0,0,-92,0,6,1722359566520,0,0,0,0,1722359566520,124,[3 -21 4 -20 3 -18 2 -17 2 -16 1 -15 0 -14 0 -13 -1 -13 -1 -12 -1 -12 -2 -11 -2 -11 -2 -11 -2 -10 -1 -10 -1 -10 -1 -9 0 -8 0 -7 0 -6 0 -5 1 -4 1 -3 0 -2 0 0 0 0 0 0 0 0 0 0 0 0 0 0 0 0 0 0 0 0 0 0 0 -19 1 -19 2 -19 3 -19 3 -19 4 -19 4 -19 5 -19 5 -18 6 -18 6 -19 5 -19 5 -19 4 -19 4 -19 3 -19 2 -20 2 -20 1 -22 1 -21 0 -22 0 -22 1 -22 1 -24 1 -24 2 -24]
,,,-80,0,0,0,0,0,0,0,0,0,0,-92,0,6,1722359566531,0,0,0,0,1722359566531,124,[3 -22 3 -21 3 -20 3 -18 2 -17 2 -16 1 -15 0 -14 0 -14 -1 -13 -1 -12 -1 -12 -1 -12 -1 -11 -1 -11 -1 -10 0 -10 0 -9 1 -8 1 -7 1 -6 2 -5 2 -4 2 -3 1 -1 0 0 0 0 0 0 0 0 0 0 0 0 0 0 0 0 0 0 0 0 0 0 0 -20 1 -20 2 -20 3 -20 4 -20 4 -20 4 -20 5 -20 5 -20 6 -20 6 -20 6 -20 5 -20 5 -20 4 -21 3 -21 3 -22 3 -21 2 -22 1 -22 1 -23 1 -24 2 -24 2 -25 2 -25 3 -25]
,,,-80,0,0,0,0,0,0,0,0,0,0,-92,0,6,1722359566543,0,0,0,0,1722359566543,124,[-16 13 -15 12 -14 12 -13 11 -12 13 10 -11 13 10 -10 13 10 -9 9 -8 9 -8 13 10 -7 9 -7 9 -7 9 -6 9 -6 9 -6 8 -6 8 -6 7 -6 6 -6 5 -6 4 -5 3 -5 2 -5 2 -4 1 0 0 0 0 0 0 0 0 0 0 0 0 0 0 0 0 0 0 0 0 0 0 -9 12 -11 12 -11 11 -12 11 -12 11 -13 11 -13 11 -14 11 -14 11 -15 11 -15 11 -15 11 -15 11 -15 11 -14 12 -15 12 -14 13 -14 13 -15 14 -14 14 -14 15 -14 15 -15 15 -16 15]
,,,-80,0,0,0,0,0,0,0,0,0,0,-92,0,6,1722359566567,0,0,0,0,1722359566567,124,[13 -14 13 -13 12 -13 12 -12 13 10 -12 9 -11 8 -11 7 -11 7 -11 6 -12 5 -11 5 -11 5 -11 5 -11 4 -11 5 -10 5 -10 5 -10 5 -9 5 -8 5 -8 5 -6 5 -6 5 -5 4 -5 0 0 0 0 0 0 0 0 0 0 0 0 0 0 0 0 0 0 0 0 0 0 7 -13 9 -12 9 -12 13 10 -12 11 -12 12 -13 12 -12 13 -12 13 -12 14 -12 14 -12 14 -12 14 -12 14 -12 14 -12 14 -13 13 -13 13 -13 13 -14 13 -14 13 -15 14 -15 14 -16 14 -17 14 -16]
,,,-80,0,0,0,0,0,0,0,0,0,0,-92,0,6,1722359566581,0,0,0,0,1722359566581,124,[20 -4 19 -4 18 -3 17 -3 16 -3 15 -4 14 -4 13 -5 12 -5 12 -6 11 -6 13 10 -6 13 10 -6 13 10 -6 13 10 -6 13 10 -6 13 10 -5 9 -5 9 -4 8 -4 7 -3 7 -3 6 -2 5 -2 6 -2 0 0 0 0 0 0 0 0 0 0 0 0 0 0 0 0 0 0 0 0 0 0 15 -7 16 -6 16 -5 17 -5 18 -4 19 -3 19 -2 19 -1 20 -1 20 -1 20 -1 20 -1 20 -1 19 -1 20 -1 19 -2 20 -2 19 -3 20 -4 20 -4 20 -4 21 -5 20 -5]
,,,-80,0,0,0,0,0,0,0,0,0,0,-92,0,6,1722359566603,0,0,0,0,1722359566603,124,[14 -15 14 -15 12 -14 11 -13 11 -13 9 -12 8 -12 7 -12 6 -12 5 -12 5 -12 4 -12 4 -12 4 -11 3 -11 3 -11 4 -11 4 -10 4 -9 4 -8 4 -7 3 -6 3 -6 3 -6 3 -5 0 0 0 0 0 0 0 0 0 0 0 0 0 0 0 0 0 0 0 0 0 0 9 -17 12 -16 12 -15 13 -15 13 -14 14 -14 15 -13 16 -14 16 -13 16 -13 16 -13 16 -13 16 -13 15 -13 15 -13 15 -13 15 -14 14 -14 14 -15 14 -15 14 -16 14 -16 14 -17 14 -18 14 -17 15 -18]
,,,-80,0,0,0,0,0,0,0,0,0,0,-92,0,6,1722359566651,0,0,0,0,1722359566651,124,[23 -1 21 -3 21 -2 20 -2 19 -1 18 -2 17 -2 16 -3 16 -3 15 -5 14 -4 14 -4 13 -5 14 -4 13 -4 13 -4 13 -3 12 -2 12 -2 11 -1 13 10 0 9 1 8 2 7 2 6 2 0 0 0 0 0 0 0 0 0 0 0 0 0 0 0 0 0 0 0 0 0 0 19 -4 19 -2 19 -2 19 -1 20 0 20 1 20 2 20 2 20 3 21 3 21 3 20 3 21 3 20 2 19 2 20 1 20 0 21 -1 20 -1 21 -1 21 -1 21 -2 23 -3 24 -3 22 -5 23]
,,,-80,0,0,0,0,0,0,0,0,0,0,-92,0,6,1722359566664,0,0,0,0,1722359566664,124,[-3 22 -3 22 -2 21 -2 20 -2 19 -1 18 -1 17 -1 16 0 16 1 16 1 15 1 14 1 14 1 14 1 14 0 13 0 13 0 12 -1 12 -2 11 -2 9 -3 9 -3 8 -3 7 -4 6 0 0 0 0 0 0 0 0 0 0 0 0 0 0 0 0 0 0 0 0 0 0 0 19 -1 19 -3 19 -3 19 -4 19 -5 19 -6 19 -6 20 -7 20 -7 20 -7 20 -6 19 -6 20 -6 20 -6 19 -5 20 -5 20 -4 20 -3 21 -3 21 -2 22 -2 22 -1 23 0 24 -1 24 -1 24]
,,,-80,0,0,0,0,0,0,0,0,0,0,-92,0,6,1722359566676,0,0,0,0,1722359566676,124,[-27 -5 -27 -5 -25 -5 -24 -5 -23 -4 -23 -3 -21 -3 -20 -2 -19 -1 -19 0 -19 0 -18 0 -18 0 -16 1 -17 1 -16 0 -16 0 -15 -1 -14 -2 -13 -2 -13 -3 -11 -4 -10 -4 -9 -4 -8 -5 0 0 0 0 0 0 0 0 0 0 0 0 0 0 0 0 0 0 0 0 0 0 -22 -3 -22 -6 -22 -7 -23 -8 -22 -8 -23 -9 -23 -10 -23 -11 -22 -11 -23 -11 -23 -11 -23 -11 -23 -11 -22 -10 -22 -9 -23 -9 -23 -8 -24 -7 -25 -7 -25 -6 -26 -5 -26 -5 -27 -4 -28 -4 -29 -4 -29 -4]
,,,-80,0,0,0,0,0,0,0,0,0,0,-92,0,6,1722359566687,0,0,0,0,1722359566687,124,[9 24 8 23 8 21 8 21 8 20 8 18 8 17 8 16 8 15 9 14 9 13 9 13 9 13 9 13 9 13 8 12 8 13 7 13 6 12 5 12 3 11 3 13 10 2 13 10 0 8 -1 8 0 0 0 0 0 0 0 0 0 0 0 0 0 0 0 0 0 0 0 0 0 0 13 10 16 8 17 7 17 7 18 6 18 6 20 5 20 5 21 5 21 4 21 4 21 5 21 5 21 5 22 6 22 6 21 7 22 7 21 9 22 9 22 13 10 23 11 23 11 23 11 24]
,,,-80,0,0,0,0,0,0,0,0,0,0,-92,0,6,1722359566705,0,0,0,0,1722359566705,124,[-18 12 -18 12 -16 11 -16 11 -14 13 10 -13 13 10 -12 13 10 -11 13 10 -10 13 10 -10 11 -9 13 10 -8 11 -9 11 -8 11 -8 11 -8 13 10 -9 13 10 -9 9 -8 8 -8 7 -8 6 -8 5 -7 4 -7 3 -6 3 0 0 0 0 0 0 0 0 0 0 0 0 0 0 0 0 0 0 0 0 0 0 -11 11 -12 11 -12 13 10 -13 13 10 -14 13 10 -15 13 10 -16 13 10 -16 9 -16 9 -16 9 -17 13 10 -17 9 -17 13 10 -17 13 10 -17 13 10 -17 11 -17 12 -17]
,,,-80,0,0,0,0,0,0,0,0,0,0,-92,0,6,1722359566722,0,0,0,0,1722359566722,124,[17 21 16 21 15 19 15 18 14 16 13 15 14 13 13 11 13 13 10 14 9 14 8 14 8 15 7 15 7 15 7 14 7 13 8 12 8 11 8 13 10 8 8 7 7 7 6 6 5 5 4 5 0 0 0 0 0 0 0 0 0 0 0 0 0 0 0 0 0 0 0 0 0 0 18 14 17 16 16 16 15 17 15 18 14 20 14 20 14 21 13 21 13 21 13 21 13 21 13 22 14 22 14 21 14 21 15 21 16 20 17 21 18 21 18 21 19 21 20 21 21 22 20 22]
,,,-80,0,0,0,0,0,0,0,0,0,0,-92,0,6,1722359566754,0,0,0,0,1722359566754,124,[15 16 14 16 13 15 12 14 12 12 11 11 11 13 10 11 8 11 8 11 7 11 6 11 6 12 5 11 5 11 5 11 6 13 10 6 9 6 8 6 7 6 6 6 5 6 4 5 2 5 1 4 0 0 0 0 0 0 0 0 0 0 0 0 0 0 0 0 0 0 0 0 0 0 16 12 15 13 13 14 13 15 12 15 12 16 11 17 11 17 11 17 11 17 11 17 11 16 12 16 12 16 12 16 13 16 13 15 14 15 15 15 16 15 16 15 17 15 17 15 19 16 19 17]
,,,-80,0,0,0,0,0,0,0,0,0,0,-92,0,6,1722359566767,0,0,0,0,1722359566767,124,[23 3 22 3 21 2 19 3 18 2 17 1 16 0 15 -1 15 -2 14 -3 13 -3 13 -4 13 -4 13 -4 13 -4 13 -3 13 -3 12 -2 12 -1 11 0 13 10 1 9 2 8 2 6 2 5 2 0 0 0 0 0 0 0 0 0 0 0 0 0 0 0 0 0 0 0 0 0 0 20 -1 19 1 20 2 19 3 20 4 20 5 20 6 20 6 20 6 20 6 20 6 20 5 20 5 20 4 20 4 21 4 21 3 21 2 22 2 23 2 23 1 24 1 24 1 26 1 25 1 26]
,,,-80,0,0,0,0,0,0,0,0,0,0,-92,0,6,1722359566785,0,0,0,0,1722359566785,124,[18 -14 18 -13 16 -12 15 -12 14 -12 13 -12 12 -12 13 10 -12 9 -12 8 -13 7 -13 7 -14 7 -14 6 -14 7 -15 8 -14 8 -14 9 -13 9 -12 9 -11 9 -9 13 10 -8 9 -7 9 -6 8 -5 0 0 0 0 0 0 0 0 0 0 0 0 0 0 0 0 0 0 0 0 0 0 13 -14 15 -13 15 -13 16 -12 16 -11 17 -11 18 -10 19 -9 19 -10 19 -9 19 -10 19 -9 18 -10 18 -10 18 -10 18 -11 17 -12 17 -12 18 -13 18 -14 18 -14 18 -15 18 -15 19 -16 19 -16]
,,,-80,0,0,0,0,0,0,0,0,0,0,-92,0,6,1722359566802,0,0,0,0,1722359566802,124,[8 -20 8 -20 7 -19 7 -18 6 -18 5 -16 4 -16 3 -15 2 -15 1 -15 0 -14 -1 -14 -1 -15 -1 -15 -1 -15 -1 -14 0 -15 0 -14 1 -13 2 -13 2 -11 3 -10 3 -10 3 -9 3 -8 0 0 0 0 0 0 0 0 0 0 0 0 0 0 0 0 0 0 0 0 0 0 3 -19 5 -19 5 -19 7 -19 7 -19 8 -19 9 -19 13 10 -19 13 10 -18 11 -18 11 -19 13 10 -19 13 10 -19 13 10 -19 13 10 -19 13 10 -19 9 -20 8 -20 9 -21 8 -21 8 -22 8 -22 7]
,,,-80,0,0,0,0,0,0,0,0,0,0,-92,0,6,1722359566822,0,0,0,0,1722359566822,124,[-8 -24 -8 -23 -8 -23 -7 -21 -7 -21 -7 -19 -8 -18 -9 -17 -9 -17 -10 -16 -9 -15 -10 -14 -10 -14 -10 -15 -10 -14 -10 -15 -9 -15 -8 -15 -6 -15 -5 -15 -4 -13 -2 -13 -1 -12 0 -11 1 -10 0 0 0 0 0 0 0 0 0 0 0 0 0 0 0 0 0 0 0 0 0 0 -6 -17 -4 -17 -4 -18 -3 -17 -3 -18 -3 -18 -2 -19 -2 -19 -2 -19 -2 -20 -2 -20 -3 -20 -3 -20 -3 -20 -4 -20 -5 -22 -5 -21 -6 -22 -7 -22 -8 -23 -8 -23 -9 -23 -9 -25 -9 -25 -9 -25 -8 -26]
,,,-80,0,0,0,0,0,0,0,0,0,0,-92,0,6,1722359566848,0,0,0,0,1722359566848,124,[5 -20 5 -20 4 -19 4 -19 4 -17 2 -17 2 -16 0 -16 0 -15 0 -16 -1 -16 -1 -16 -1 -16 -1 -16 -1 -17 0 -16 1 -17 2 -16 3 -15 4 -14 5 -12 6 -11 7 -10 7 -8 7 -7 0 0 0 0 0 0 0 0 0 0 0 0 0 0 0 0 0 0 0 0 0 0 5 -16 6 -15 6 -15 7 -15 7 -14 8 -15 8 -15 8 -15 8 -15 8 -15 9 -15 8 -15 8 -15 7 -15 6 -16 6 -16 6 -17 5 -18 5 -19 5 -19 4 -20 4 -20 4 -21 4 -22 4 -22 4 -23]
,,,-80,0,0,0,0,0,0,0,0,0,0,-92,0,6,1722359566862,0,0,0,0,1722359566862,124,[-25 13 -24 13 -21 12 -21 11 -18 11 -17 11 -15 11 -14 12 -12 12 -12 13 -11 13 -10 14 -11 14 -10 14 -11 15 -11 14 -12 14 -13 12 -13 13 10 -14 13 10 -14 6 -13 5 -13 3 -12 2 -11 0 0 0 0 0 0 0 0 0 0 0 0 0 0 0 0 0 0 0 0 0 0 0 -21 11 -22 13 10 -22 9 -23 8 -23 8 -24 8 -25 7 -25 7 -25 6 -25 6 -26 7 -25 7 -25 8 -25 8 -25 9 -25 13 10 -25 11 -25 12 -26 13 -25 13 -26 13 -26 15 -25 16 -26 16]
,,,-80,0,0,0,0,0,0,0,0,0,0,-92,0,6,1722359566882,0,0,0,0,1722359566882,124,[9 -16 9 -16 8 -14 7 -13 6 -13 5 -12 4 -11 3 -11 2 -11 1 -11 1 -10 0 -10 -1 -11 -1 -11 -1 -11 -1 -11 0 -11 1 -11 1 -10 2 -10 3 -8 3 -8 3 -7 4 -6 3 -5 0 0 0 0 0 0 0 0 0 0 0 0 0 0 0 0 0 0 0 0 0 0 7 -16 9 -16 9 -16 13 10 -16 11 -15 12 -15 12 -15 13 -15 13 -15 13 -14 13 -15 13 -15 12 -15 12 -15 12 -15 12 -16 11 -16 11 -17 11 -17 13 10 -17 13 10 -18 13 10 -18 13 10 -18 13]
,,,-80,0,0,0,0,0,0,0,0,0,0,-92,0,6,1722359566902,0,0,0,0,1722359566902,124,[13 10 18 13 10 17 13 10 15 13 10 14 9 13 9 11 9 13 10 9 9 9 7 13 10 7 13 10 6 13 10 5 11 5 11 5 11 6 11 6 11 7 9 7 8 7 7 8 5 7 4 7 3 6 1 6 0 5 0 0 0 0 0 0 0 0 0 0 0 0 0 0 0 0 0 0 0 0 0 0 13 20 11 21 9 21 9 21 8 21 8 22 7 22 7 22 6 22 6 22 6 22 7 21 7 21 8 21 8 21 8 20 13 10 20 13 10 20 11 21 11 20 12 20]
,,,-80,0,0,0,0,0,0,0,0,0,0,-92,0,6,1722359566922,0,0,0,0,1722359566922,124,[-26 -1 -25 -1 -23 -1 -22 -1 -21 0 -19 1 -18 1 -17 3 -16 4 -16 4 -15 4 -15 5 -15 5 -14 5 -14 6 -14 5 -14 5 -14 3 -12 2 -12 1 -11 -1 -10 -1 -9 -2 -7 -2 -6 -3 0 0 0 0 0 0 0 0 0 0 0 0 0 0 0 0 0 0 0 0 0 0 -27 1 -26 -2 -26 -3 -26 -4 -26 -5 -26 -6 -26 -6 -26 -6 -25 -7 -25 -7 -25 -6 -25 -5 -25 -5 -25 -5 -25 -4 -25 -3 -26 -2 -26 -2 -27 -1 -28 0 -28 1 -28 1 -28 1 -30 1 -30 1 -30 1]
,,,-80,0,0,0,0,0,0,0,0,0,0,-92,0,6,1722359566942,0,0,0,0,1722359566942,124,[1 25 1 25 1 23 1 22 1 20 1 18 2 16 3 15 4 13 5 14 5 12 6 12 6 12 6 11 6 12 6 11 6 12 4 12 4 11 3 13 10 1 9 1 8 0 8 -1 7 -2 6 0 0 0 0 0 0 0 0 0 0 0 0 0 0 0 0 0 0 0 0 0 0 6 22 3 23 2 23 2 24 1 23 0 25 -1 25 -1 25 -2 26 -2 25 -1 25 -1 25 -1 25 0 25 0 26 0 25 1 26 2 25 3 27 3 27 4 27 4 28 5 28 5 29 5 29 4]
,,,-80,0,0,0,0,0,0,0,0,0,0,-92,0,6,1722359566962,0,0,0,0,1722359566962,124,[19 -10 19 -9 17 -9 17 -8 15 -8 14 -8 12 -8 11 -9 13 10 -9 9 -10 8 -10 7 -10 7 -11 7 -11 7 -11 8 -11 7 -11 8 -10 8 -9 8 -8 8 -7 8 -6 7 -5 6 -4 6 -3 0 0 0 0 0 0 0 0 0 0 0 0 0 0 0 0 0 0 0 0 0 0 17 -12 19 -10 19 -10 19 -9 20 -8 21 -8 21 -7 22 -6 22 -6 22 -6 22 -5 21 -6 21 -6 21 -6 20 -6 20 -7 20 -8 20 -8 20 -9 20 -9 20 -10 20 -11 21 -12 21 -12 21 -11 21]
,,,-80,0,0,0,0,0,0,0,0,0,0,-92,0,6,1722359566983,0,0,0,0,1722359566983,124,[1 -19 1 -17 1 -17 0 -15 0 -14 -1 -13 -2 -12 -4 -11 -4 -11 -6 -11 -6 -10 -7 -10 -7 -10 -8 -10 -8 -10 -8 -11 -8 -11 -7 -11 -6 -11 -5 -11 -4 -10 -4 -9 -3 -9 -2 -8 -2 -8 0 0 0 0 0 0 0 0 0 0 0 0 0 0 0 0 0 0 0 0 0 0 -2 -22 1 -21 2 -22 3 -21 4 -21 4 -21 5 -21 6 -21 6 -21 7 -21 7 -21 6 -20 6 -20 6 -20 5 -19 5 -21 4 -20 4 -21 3 -21 3 -21 2 -21 2 -21 1 -21 1 -22 1 -21 1 -21]
,,,-80,0,0,0,0,0,0,0,0,0,0,-92,0,6,1722359567009,0,0,0,0,1722359567009,124,[13 9 13 9 12 7 11 7 13 10 5 13 10 4 9 2 9 1 9 0 13 10 -1 13 10 -2 13 10 -3 13 10 -3 13 10 -3 12 -3 12 -3 12 -2 11 -1 11 -1 13 10 0 13 10 1 8 0 8 1 6 1 6 1 0 0 0 0 0 0 0 0 0 0 0 0 0 0 0 0 0 0 0 0 0 0 16 6 16 8 15 8 15 9 15 13 10 15 11 14 11 15 11 14 12 14 12 14 12 14 12 14 12 14 12 14 11 14 11 15 11 15 13 10 16 11 16 11 16]
,,,-80,0,0,0,0,0,0,0,0,0,0,-92,0,6,1722359567024,0,0,0,0,1722359567024,124,[-8 -24 -9 -23 -8 -21 -8 -20 -9 -18 -9 -16 -9 -15 -10 -14 -11 -13 -12 -13 -12 -12 -13 -12 -13 -12 -13 -12 -13 -12 -13 -12 -12 -14 -11 -14 -9 -13 -8 -14 -6 -12 -5 -11 -4 -11 -2 -10 -1 -9 0 0 0 0 0 0 0 0 0 0 0 0 0 0 0 0 0 0 0 0 0 0 -11 -17 -10 -17 -9 -18 -9 -19 -8 -19 -9 -21 -9 -21 -8 -23 -7 -23 -7 -24 -7 -24 -7 -24 -7 -24 -7 -23 -8 -24 -8 -23 -9 -24 -10 -23 -10 -24 -11 -24 -12 -25 -13 -25 -12 -25 -13 -27 -12 -27 -12 -27]
,,,-80,0,0,0,0,0,0,0,0,0,0,-92,0,6,1722359567042,0,0,0,0,1722359567042,124,[18 -9 17 -9 15 -9 15 -9 14 -9 13 -9 12 -10 13 10 -10 13 10 -11 9 -12 9 -12 8 -12 9 -13 8 -12 9 -13 9 -13 13 10 -12 11 -12 11 -10 11 -9 13 10 -7 13 10 -5 9 -5 9 -4 8 -2 0 0 0 0 0 0 0 0 0 0 0 0 0 0 0 0 0 0 0 0 0 0 12 -9 14 -8 14 -7 15 -7 15 -7 17 -6 17 -6 18 -5 18 -5 18 -4 19 -5 18 -4 18 -4 17 -5 18 -5 17 -7 17 -7 17 -8 18 -9 18 -9 18 -10 18 -11 18 -10 19]
,,,-80,0,0,0,0,0,0,0,0,0,0,-92,0,6,1722359567061,0,0,0,0,1722359567061,124,[-13 21 -12 21 -11 19 -10 19 -8 18 -7 17 -5 16 -4 16 -2 16 -1 16 0 16 1 16 1 17 2 16 2 18 1 18 1 19 -1 19 -2 18 -3 17 -5 15 -6 14 -7 13 -7 12 -8 13 10 0 0 0 0 0 0 0 0 0 0 0 0 0 0 0 0 0 0 0 0 0 0 -10 21 -12 21 -13 20 -15 20 -15 19 -17 20 -18 19 -19 18 -19 18 -19 17 -19 18 -19 17 -18 17 -17 17 -16 17 -17 18 -16 19 -14 19 -15 21 -14 21 -13 22 -13 22 -12 23 -12 24 -12 24 -13]
,,,-80,0,0,0,0,0,0,0,0,0,0,-92,0,6,1722359567082,0,0,0,0,1722359567082,124,[17 17 16 16 15 14 14 13 14 11 13 13 10 13 8 13 7 13 5 13 3 14 2 14 2 14 1 15 1 16 1 17 1 16 1 16 3 15 4 15 5 13 6 12 7 13 10 7 9 8 7 8 0 0 0 0 0 0 0 0 0 0 0 0 0 0 0 0 0 0 0 0 0 0 20 15 18 17 17 18 15 19 15 20 14 21 13 22 13 22 12 22 12 23 12 22 12 21 12 21 12 20 12 19 13 19 14 18 15 18 15 18 16 17 17 17 18 17 19 16 20 16 20 16]
,,,-80,0,0,0,0,0,0,0,0,0,0,-92,0,6,1722359567104,0,0,0,0,1722359567104,124,[8 16 7 16 7 14 7 13 7 12 7 11 7 13 10 8 9 8 8 9 7 9 6 9 6 13 10 6 13 10 6 11 5 11 7 11 7 13 10 8 9 8 8 8 7 8 5 8 4 8 3 7 2 7 0 0 0 0 0 0 0 0 0 0 0 0 0 0 0 0 0 0 0 0 0 0 9 16 7 17 6 17 5 17 5 17 4 18 3 18 3 19 2 19 2 18 2 18 2 17 3 17 3 17 4 16 4 16 5 16 6 16 6 16 7 16 8 16 9 16 13 10 16 13]
,,,-80,0,0,0,0,0,0,0,0,0,0,-92,0,6,1722359567122,0,0,0,0,1722359567122,124,[-18 -26 -17 -25 -16 -23 -15 -22 -15 -20 -14 -18 -14 -16 -15 -14 -15 -13 -17 -12 -17 -11 -17 -10 -17 -10 -17 -9 -18 -10 -18 -10 -18 -11 -17 -12 -16 -13 -14 -13 -12 -14 -11 -14 -9 -13 -7 -13 -4 -13 0 0 0 0 0 0 0 0 0 0 0 0 0 0 0 0 0 0 0 0 0 0 -19 -22 -17 -24 -16 -25 -15 -25 -14 -26 -13 -27 -12 -27 -12 -28 -11 -28 -11 -28 -11 -28 -11 -27 -12 -28 -13 -27 -12 -26 -14 -26 -14 -25 -15 -25 -16 -25 -17 -25 -19 -25 -19 -25 -21 -25 -22 -25 -22 -26 -22 -27]
,,,-80,0,0,0,0,0,0,0,0,0,0,-92,0,6,1722359567142,0,0,0,0,1722359567142,124,[-19 -7 -18 -6 -16 -6 -16 -6 -15 -5 -14 -4 -12 -3 -12 -2 -11 -1 -12 0 -11 1 -11 1 -11 2 -11 2 -11 2 -11 2 -12 2 -12 1 -11 0 -11 -1 -10 -2 -10 -2 -10 -3 -8 -4 -7 -5 0 0 0 0 0 0 0 0 0 0 0 0 0 0 0 0 0 0 0 0 0 0 -17 -4 -17 -6 -17 -7 -17 -7 -16 -8 -16 -9 -16 -9 -16 -10 -15 -10 -16 -10 -16 -9 -16 -8 -16 -8 -16 -8 -17 -7 -17 -8 -17 -7 -17 -6 -19 -6 -19 -6 -19 -5 -19 -5 -20 -4 -21 -4 -21 -4 -21 -5]
,,,-80,0,0,0,0,0,0,0,0,0,0,-92,0,6,1722359567162,0,0,0,0,1722359567162,124,[20 -6 18 -5 18 -5 15 -4 14 -4 12 -5 11 -5 9 -6 9 -6 8 -7 7 -7 6 -7 6 -7 6 -9 6 -8 7 -9 7 -9 8 -8 8 -7 8 -6 8 -4 8 -3 8 -2 7 -1 6 0 0 0 0 0 0 0 0 0 0 0 0 0 0 0 0 0 0 0 0 0 0 0 17 -7 17 -6 18 -5 17 -4 18 -4 18 -3 19 -3 18 -3 18 -3 19 -2 19 -2 18 -3 18 -3 18 -3 17 -5 18 -5 17 -6 19 -7 19 -7 19 -8 18 -9 19 -10 20 -10 21 -9 21 -9 21 -9]
,,,-80,0,0,0,0,0,0,0,0,0,0,-92,0,6,1722359567185,0,0,0,0,1722359567185,124,[-30 14 -29 12 -25 11 -24 13 10 -22 13 10 -19 9 -17 9 -15 9 -13 13 10 -12 12 -10 11 -9 11 -9 12 -8 12 -8 13 -9 12 -10 12 -11 11 -11 9 -12 7 -11 5 -10 3 -11 1 -9 0 -7 -1 0 0 0 0 0 0 0 0 0 0 0 0 0 0 0 0 0 0 0 0 0 0 -26 15 -28 14 -28 12 -30 11 -30 11 -32 13 10 -33 9 -33 8 -33 7 -33 8 -33 9 -31 9 -31 13 10 -31 13 10 -30 13 10 -30 11 -31 13 -29 13 -30 15 -30 15 -30 17 -30 18 -30]
,,,-80,0,0,0,0,0,0,0,0,0,0,-92,0,6,1722359567203,0,0,0,0,1722359567203,124,[12 12 11 12 11 13 10 9 9 9 8 8 6 8 5 8 4 8 3 8 3 8 2 8 1 8 1 7 1 8 1 8 2 7 2 7 3 6 3 5 4 4 4 3 4 1 4 0 4 -2 3 0 0 0 0 0 0 0 0 0 0 0 0 0 0 0 0 0 0 0 0 0 0 15 13 14 14 13 15 13 15 12 15 12 16 12 17 12 17 12 17 11 17 11 17 13 10 17 11 16 11 16 11 15 11 15 11 14 13 14 13 13 14 13 15 12 15 13 15 12 16 13 16 13]
,,,-80,0,0,0,0,0,0,0,0,0,0,-92,0,6,1722359567227,0,0,0,0,1722359567227,124,[28 2 27 3 23 1 21 2 18 1 15 0 13 -1 12 -3 13 10 -5 13 10 -6 9 -5 8 -7 9 -7 7 -7 7 -7 8 -6 8 -5 8 -3 7 -1 5 1 4 3 2 4 0 5 -3 4 -5 4 0 0 0 0 0 0 0 0 0 0 0 0 0 0 0 0 0 0 0 0 0 0 37 1 37 5 34 6 36 7 34 7 36 8 36 13 10 36 13 10 35 11 35 13 10 36 13 10 35 9 34 8 33 8 33 7 33 5 33 4 32 3 34 2 33 1 34 0 35 -1 34 -2]
,,,-80,0,0,0,0,0,0,0,0,0,0,-92,0,6,1722359567269,0,0,0,0,1722359567269,124,[12 11 12 13 10 11 8 11 8 13 10 6 13 10 5 13 10 4 13 10 3 13 10 1 13 10 0 11 1 11 0 11 0 11 0 11 0 11 1 13 10 2 9 1 8 1 7 1 5 0 5 0 5 -1 4 -2 5 -3 0 0 0 0 0 0 0 0 0 0 0 0 0 0 0 0 0 0 0 0 0 0 17 8 16 9 15 9 15 13 10 14 11 14 12 14 12 13 12 13 12 12 12 13 12 13 11 13 12 13 11 14 13 10 14 13 10 15 13 10 15 9 17 13 10 17]
,,,-80,0,0,0,0,0,0,0,0,0,0,-92,0,6,1722359567284,0,0,0,0,1722359567284,124,[18 -7 15 -6 15 -6 13 -6 12 -6 13 10 -7 9 -8 8 -9 7 -10 7 -11 6 -11 6 -11 6 -11 6 -12 6 -12 8 -11 7 -10 7 -10 7 -9 6 -8 6 -7 5 -7 4 -7 3 -7 3 -7 0 0 0 0 0 0 0 0 0 0 0 0 0 0 0 0 0 0 0 0 0 0 20 -14 19 -10 21 -9 19 -8 21 -7 20 -6 20 -6 21 -5 20 -5 21 -4 20 -4 19 -4 19 -5 19 -5 18 -5 19 -6 17 -7 18 -8 18 -9 18 -9 19 -9 19 -11 20 -11 21 -10 21 -9 20]
,,,-80,0,0,0,0,0,0,0,0,0,0,-92,0,6,1722359567303,0,0,0,0,1722359567303,124,[13 17 12 16 11 14 11 12 13 10 13 10 13 10 8 11 6 11 4 12 3 13 2 14 1 15 1 16 1 16 1 17 1 17 2 17 3 15 4 14 4 13 4 12 4 11 4 11 3 9 2 9 3 0 0 0 0 0 0 0 0 0 0 0 0 0 0 0 0 0 0 0 0 0 0 20 16 18 19 17 19 16 20 15 20 14 21 13 22 12 22 12 22 11 22 13 10 22 11 21 13 10 21 13 10 20 11 19 12 18 13 18 14 17 15 17 16 17 17 17 18 17 18 18]
,,,-80,0,0,0,0,0,0,0,0,0,0,-92,0,6,1722359567323,0,0,0,0,1722359567323,124,[-19 -4 -19 -4 -16 -3 -16 -3 -15 -1 -14 0 -13 1 -12 2 -12 2 -12 4 -12 4 -12 5 -12 6 -12 5 -13 6 -12 5 -13 4 -12 4 -11 3 -11 2 -10 2 -9 1 -9 1 -7 1 -7 2 0 0 0 0 0 0 0 0 0 0 0 0 0 0 0 0 0 0 0 0 0 0 -19 0 -20 -1 -19 -2 -20 -3 -19 -3 -21 -5 -20 -6 -20 -7 -19 -7 -19 -8 -19 -8 -18 -8 -18 -8 -18 -7 -18 -6 -18 -5 -19 -5 -18 -4 -19 -3 -20 -2 -20 -2 -21 -1 -21 -1 -22 -2 -22 -2 -23 -3]
,,,-80,0,0,0,0,0,0,0,0,0,0,-92,0,6,1722359567345,0,0,0,0,1722359567345,124,[-18 -10 -17 -10 -16 -9 -15 -8 -15 -7 -15 -6 -14 -5 -14 -4 -14 -3 -14 -2 -14 -2 -14 -2 -15 -1 -15 -1 -15 -1 -15 -2 -15 -2 -14 -3 -13 -3 -12 -4 -11 -4 -10 -4 -9 -4 -8 -3 -7 -3 0 0 0 0 0 0 0 0 0 0 0 0 0 0 0 0 0 0 0 0 0 0 -17 -9 -16 -10 -16 -11 -15 -12 -15 -12 -14 -13 -14 -14 -13 -15 -13 -15 -12 -15 -12 -15 -12 -14 -11 -13 -12 -13 -12 -12 -12 -12 -13 -10 -13 -10 -15 -9 -15 -8 -16 -8 -17 -8 -18 -8 -19 -9 -20 -9 -19 -9]
,,,-80,0,0,0,0,0,0,0,0,0,0,-92,0,6,1722359567362,0,0,0,0,1722359567362,124,[-33 4 -33 3 -30 3 -29 3 -27 4 -25 5 -23 7 -22 9 -21 13 10 -21 12 -21 12 -22 14 -22 15 -22 14 -23 15 -24 13 -25 12 -25 13 10 -24 9 -23 6 -21 4 -20 3 -19 2 -17 2 -16 2 0 0 0 0 0 0 0 0 0 0 0 0 0 0 0 0 0 0 0 0 0 0 -33 1 -34 -3 -33 -4 -32 -6 -31 -7 -32 -9 -31 -10 -30 -10 -29 -11 -28 -11 -27 -12 -25 -11 -26 -10 -24 -8 -24 -6 -24 -5 -24 -3 -24 -1 -25 1 -26 3 -27 5 -29 7 -30 7 -33 7 -34 7]
,,,-80,0,0,0,0,0,0,0,0,0,0,-92,0,6,1722359567386,0,0,0,0,1722359567386,124,[22 -2 21 -1 20 -1 18 -1 16 -2 15 -2 14 -3 13 -5 13 -6 12 -8 11 -8 12 -9 12 -10 12 -10 13 -10 14 -9 15 -9 15 -7 15 -6 14 -5 13 -4 12 -3 12 -2 13 10 -2 13 10 -2 0 0 0 0 0 0 0 0 0 0 0 0 0 0 0 0 0 0 0 0 0 0 17 -2 17 0 16 0 16 1 15 1 16 1 16 2 16 2 16 2 15 3 16 2 15 1 15 1 15 0 15 0 15 -1 16 -2 15 -3 17 -4 17 -4 18 -6 20 -6 20 -6 23 -7 23 -7]
,,,-80,0,0,0,0,0,0,0,0,0,0,-92,0,6,1722359567404,0,0,0,0,1722359567404,124,[-21 13 10 -20 9 -18 9 -17 7 -15 7 -14 7 -12 7 -10 8 -9 9 -8 13 10 -8 11 -8 11 -7 12 -7 13 -8 14 -8 13 -10 13 -10 12 -11 11 -11 9 -11 7 -10 6 -10 5 -9 4 -9 3 0 0 0 0 0 0 0 0 0 0 0 0 0 0 0 0 0 0 0 0 0 0 -14 7 -15 6 -14 5 -15 5 -15 5 -15 5 -16 5 -17 5 -17 4 -17 4 -17 4 -17 4 -16 5 -16 5 -16 5 -16 6 -15 7 -15 8 -15 9 -15 13 10 -16 11 -17 13 -17 14 -18 14 -19]
,,,-80,0,0,0,0,0,0,0,0,0,0,-92,0,6,1722359567422,0,0,0,0,1722359567422,124,[-21 22 -20 20 -17 19 -15 17 -12 17 -10 16 -7 16 -5 17 -3 17 -2 18 -1 18 0 19 1 20 1 21 1 22 0 22 -1 23 -3 22 -4 21 -6 19 -7 16 -8 15 -8 13 -7 11 -7 13 10 0 0 0 0 0 0 0 0 0 0 0 0 0 0 0 0 0 0 0 0 0 0 -22 19 -24 17 -24 15 -24 15 -24 14 -25 14 -26 13 -26 12 -26 12 -26 11 -25 11 -24 11 -23 11 -21 12 -20 13 -19 14 -18 15 -16 17 -16 19 -15 20 -15 23 -16 25 -16 26 -17 28 -18 28 -20]
,,,-80,0,0,0,0,0,0,0,0,0,0,-92,0,6,1722359567446,0,0,0,0,1722359567446,124,[7 -27 6 -26 5 -22 4 -21 1 -20 0 -19 -2 -19 -4 -18 -5 -19 -7 -19 -8 -19 -8 -20 -9 -21 -9 -21 -9 -22 -7 -23 -6 -23 -4 -23 -2 -22 -1 -21 1 -19 1 -17 1 -16 1 -15 2 -14 0 0 0 0 0 0 0 0 0 0 0 0 0 0 0 0 0 0 0 0 0 0 7 -24 9 -23 13 10 -21 13 10 -20 11 -20 11 -20 12 -19 12 -19 12 -18 11 -18 13 10 -19 13 10 -18 8 -18 7 -18 6 -19 5 -20 3 -20 2 -21 1 -23 0 -24 -1 -26 0 -28 0 -30 1 -31]
,,,-80,0,0,0,0,0,0,0,0,0,0,-92,0,6,1722359567462,0,0,0,0,1722359567462,124,[13 -14 12 -13 13 10 -12 9 -12 8 -11 6 -11 5 -12 4 -12 2 -13 2 -13 1 -13 0 -14 1 -15 1 -15 1 -16 2 -15 3 -15 4 -15 4 -14 5 -13 5 -11 5 -10 5 -9 4 -8 4 -8 0 0 0 0 0 0 0 0 0 0 0 0 0 0 0 0 0 0 0 0 0 0 9 -14 13 10 -13 13 10 -12 13 10 -11 13 10 -11 11 -11 11 -11 11 -11 12 -11 12 -11 11 -11 11 -11 11 -12 11 -12 13 10 -12 13 10 -13 13 10 -14 13 10 -14 13 10 -15 13 10 -16 13]
,,,-80,0,0,0,0,0,0,0,0,0,0,-92,0,6,1722359567481,0,0,0,0,1722359567481,124,[9 17 8 15 8 13 8 12 8 11 8 9 9 8 9 7 13 10 6 11 5 11 5 12 4 13 5 13 5 13 5 13 6 13 7 12 7 11 7 13 10 8 9 7 7 7 6 7 5 6 5 6 0 0 0 0 0 0 0 0 0 0 0 0 0 0 0 0 0 0 0 0 0 0 11 11 13 10 12 9 13 9 13 9 13 9 15 8 15 8 16 8 16 8 17 8 17 7 17 8 17 8 17 8 16 8 16 8 16 9 16 9 16 11 16 12 16 12 16 12 17 12 18 12]
,,,-80,0,0,0,0,0,0,0,0,0,0,-92,0,6,1722359567502,0,0,0,0,1722359567502,124,[-12 13 -12 12 -11 12 -10 12 -8 11 -7 11 -6 11 -5 13 10 -4 11 -3 11 -3 11 -2 12 -2 12 -2 13 -2 13 -3 13 -4 13 -4 12 -5 11 -6 13 10 -6 8 -6 7 -6 6 -5 5 -5 5 0 0 0 0 0 0 0 0 0 0 0 0 0 0 0 0 0 0 0 0 0 0 -8 14 -9 13 -10 12 -10 12 -10 12 -12 13 -12 13 -13 12 -13 12 -14 12 -14 13 -14 12 -14 12 -13 12 -13 12 -14 12 -13 13 -12 13 -12 13 -12 14 -12 15 -12 15 -12 16 -12 16 -12 16]
,,,-80,0,0,0,0,0,0,0,0,0,0,-92,0,6,1722359567532,0,0,0,0,1722359567532,124,[12 -18 11 -16 11 -16 9 -14 8 -14 7 -13 6 -13 4 -13 4 -13 2 -13 1 -13 1 -14 1 -14 0 -15 1 -15 2 -15 2 -15 3 -15 4 -14 4 -12 5 -10 5 -9 5 -8 4 -7 4 -6 0 0 0 0 0 0 0 0 0 0 0 0 0 0 0 0 0 0 0 0 0 0 9 -15 13 10 -14 11 -14 11 -13 11 -13 11 -13 11 -13 12 -13 12 -13 13 -13 12 -13 12 -13 12 -13 12 -13 11 -13 11 -15 13 10 -14 13 10 -15 9 -16 9 -17 8 -18 8 -19 9 -19 13 10 -20]
,,,-80,0,0,0,0,0,0,0,0,0,0,-92,0,6,1722359567543,0,0,0,0,1722359567543,124,[-37 -7 -35 -8 -31 -7 -29 -7 -28 -5 -25 -3 -24 -2 -23 1 -22 1 -22 3 -21 4 -22 5 -23 7 -22 6 -23 7 -24 6 -24 5 -24 3 -22 1 -22 -1 -20 -3 -17 -3 -15 -5 -12 -4 -11 -3 0 0 0 0 0 0 0 0 0 0 0 0 0 0 0 0 0 0 0 0 0 0 -30 -2 -30 -6 -28 -6 -28 -7 -27 -8 -27 -9 -28 -9 -28 -9 -28 -9 -28 -10 -28 -10 -28 -9 -28 -9 -28 -8 -29 -7 -30 -5 -30 -5 -30 -4 -31 -3 -32 0 -34 0 -35 1 -37 1 -39 -1 -40 -2 -41 -3]
,,,-80,0,0,0,0,0,0,0,0,0,0,-92,0,6,1722359567566,0,0,0,0,1722359567566,124,[-24 -6 -23 -6 -22 -6 -20 -6 -18 -5 -17 -4 -16 -2 -15 -1 -15 0 -15 1 -14 2 -15 3 -15 3 -15 4 -16 4 -16 3 -17 3 -16 2 -15 1 -15 0 -14 -2 -13 -3 -12 -4 -10 -4 -9 -4 0 0 0 0 0 0 0 0 0 0 0 0 0 0 0 0 0 0 0 0 0 0 -17 -5 -16 -7 -16 -7 -16 -8 -15 -8 -15 -8 -15 -9 -15 -9 -15 -8 -15 -8 -15 -8 -15 -7 -16 -7 -16 -7 -16 -6 -17 -6 -18 -4 -18 -4 -19 -3 -20 -2 -21 -1 -22 -1 -23 -2 -24 -2 -26 -2 -26 -3]
,,,-80,0,0,0,0,0,0,0,0,0,0,-92,0,6,1722359567582,0,0,0,0,1722359567582,124,[12 17 11 17 13 10 15 9 15 9 14 9 12 9 11 9 9 13 10 9 13 10 8 13 10 7 11 7 11 7 12 6 12 7 12 8 12 9 11 9 13 10 13 10 9 13 10 7 13 10 5 13 10 4 13 10 3 9 1 8 0 0 0 0 0 0 0 0 0 0 0 0 0 0 0 0 0 0 0 0 0 0 7 14 5 15 4 15 3 14 3 14 3 15 2 14 2 14 2 14 2 14 3 14 4 13 4 13 5 12 5 12 6 12 7 12 9 12 13 10 12 13 10 12]
,,,-80,0,0,0,0,0,0,0,0,0,0,-92,0,6,1722359567603,0,0,0,0,1722359567603,124,[-12 -17 -12 -17 -11 -14 -11 -15 -11 -13 -10 -12 -10 -11 -11 -9 -11 -8 -12 -8 -13 -7 -13 -7 -14 -8 -13 -7 -14 -8 -13 -8 -13 -10 -12 -10 -10 -11 -8 -11 -7 -11 -5 -11 -4 -10 -2 -10 0 -9 0 0 0 0 0 0 0 0 0 0 0 0 0 0 0 0 0 0 0 0 0 0 -4 -19 -2 -20 0 -18 0 -19 1 -17 1 -18 2 -17 2 -17 1 -16 1 -15 0 -16 -1 -14 -2 -14 -3 -14 -4 -14 -5 -13 -7 -14 -7 -13 -9 -14 -9 -14 -10 -15 -11 -15 -12 -14 -13 -16 -14 -16 -14 -17]
,,,-80,0,0,0,0,0,0,0,0,0,0,-92,0,6,1722359567624,0,0,0,0,1722359567624,124,[-24 9 -24 8 -21 8 -20 8 -19 9 -17 9 -16 13 10 -15 11 -14 11 -14 13 -14 13 -14 13 -14 13 -15 13 -16 13 -16 11 -16 13 10 -17 8 -15 6 -15 4 -14 1 -13 -1 -11 -2 -9 -2 -7 -3 0 0 0 0 0 0 0 0 0 0 0 0 0 0 0 0 0 0 0 0 0 0 -25 2 -25 -1 -24 -2 -24 -3 -23 -3 -23 -5 -22 -4 -22 -5 -21 -4 -20 -3 -20 -3 -20 -2 -20 -1 -19 0 -20 2 -20 3 -21 5 -20 5 -22 7 -21 8 -22 9 -23 13 10 -23 13 10 -24 11]
,,,-80,0,0,0,0,0,0,0,0,0,0,-92,0,6,1722359567642,0,0,0,0,1722359567642,124,[-21 5 -20 4 -19 5 -18 4 -16 5 -15 6 -15 6 -13 7 -14 8 -14 8 -13 8 -14 8 -13 8 -14 8 -14 8 -14 6 -14 5 -13 4 -13 3 -12 1 -10 0 -9 -1 -8 -2 -6 -2 -4 -1 0 0 0 0 0 0 0 0 0 0 0 0 0 0 0 0 0 0 0 0 0 0 -21 3 -21 1 -20 0 -20 -1 -20 -2 -20 -2 -20 -2 -19 -3 -18 -3 -18 -3 -18 -3 -17 -2 -18 -1 -17 -1 -17 1 -18 2 -18 2 -19 3 -18 4 -19 5 -19 6 -20 6 -21 7 -22 7 -22 7 -22 7]
,,,-80,0,0,0,0,0,0,0,0,0,0,-92,0,6,1722359567667,0,0,0,0,1722359567667,124,[-16 9 -16 9 -14 9 -13 9 -12 9 -11 9 -10 9 -9 13 10 -9 11 -9 11 -9 11 -9 11 -9 12 -9 12 -10 11 -10 11 -11 9 -11 8 -10 7 -9 6 -9 4 -8 3 -6 3 -5 3 -4 3 0 0 0 0 0 0 0 0 0 0 0 0 0 0 0 0 0 0 0 0 0 0 -16 8 -17 6 -17 5 -17 4 -17 3 -17 3 -17 2 -16 2 -16 1 -16 1 -15 2 -14 2 -14 3 -14 4 -13 4 -13 5 -13 6 -13 7 -14 8 -14 9 -14 13 10 -14 11 -15 11 -16 12 -16 11]
,,,-80,0,0,0,0,0,0,0,0,0,0,-92,0,6,1722359567684,0,0,0,0,1722359567684,124,[32 -15 31 -14 28 -14 27 -15 25 -15 24 -15 22 -16 20 -17 19 -19 19 -20 18 -19 19 -20 20 -21 20 -20 21 -19 21 -16 21 -15 20 -12 19 -10 18 -8 15 -6 13 -5 13 10 -5 8 -5 7 -6 0 0 0 0 0 0 0 0 0 0 0 0 0 0 0 0 0 0 0 0 0 0 30 -14 31 -10 30 -7 30 -5 29 -3 30 -3 28 -2 28 -2 28 -1 26 -2 25 -4 25 -5 25 -6 24 -7 24 -9 25 -10 25 -12 25 -14 27 -15 27 -16 28 -18 30 -19 30 -20 32 -21 33 -21 34]
,,,-80,0,0,0,0,0,0,0,0,0,0,-92,0,6,1722359567702,0,0,0,0,1722359567702,124,[-14 -16 -13 -16 -12 -15 -11 -14 -11 -13 -11 -12 -11 -11 -11 -10 -12 -9 -13 -9 -13 -9 -12 -8 -13 -9 -12 -9 -12 -9 -11 -9 -10 -10 -9 -10 -7 -9 -6 -9 -5 -8 -4 -6 -4 -6 -3 -4 -3 -4 0 0 0 0 0 0 0 0 0 0 0 0 0 0 0 0 0 0 0 0 0 0 -12 -13 -10 -14 -10 -15 -9 -15 -8 -15 -8 -15 -7 -15 -7 -15 -7 -15 -7 -14 -7 -14 -8 -14 -8 -13 -9 -13 -9 -13 -11 -13 -12 -13 -12 -13 -13 -13 -14 -14 -14 -14 -15 -14 -15 -15 -16 -16 -16 -16 -16 -17]
,,,-80,0,0,0,0,0,0,0,0,0,0,-92,0,6,1722359567721,0,0,0,0,1722359567721,124,[9 21 8 20 8 18 7 18 7 16 7 15 7 14 7 13 8 11 9 11 8 13 10 9 13 10 9 13 10 9 13 10 9 13 10 8 13 10 8 13 10 7 13 10 5 9 4 9 3 8 3 7 2 5 2 4 2 4 0 0 0 0 0 0 0 0 0 0 0 0 0 0 0 0 0 0 0 0 0 0 13 10 16 7 16 7 17 6 17 5 17 5 17 4 17 4 17 4 17 4 17 4 17 5 16 5 17 6 16 7 16 8 16 8 17 9 17 13 10 18 11 18 11 18]
,,,-80,0,0,0,0,0,0,0,0,0,0,-92,0,6,1722359567742,0,0,0,0,1722359567742,124,[12 17 12 18 13 10 16 13 10 15 13 10 15 9 13 9 12 9 13 10 9 9 9 8 13 10 7 13 10 7 11 7 11 6 11 7 11 7 11 7 13 10 8 9 7 8 7 6 7 6 6 5 6 4 5 4 4 0 0 0 0 0 0 0 0 0 0 0 0 0 0 0 0 0 0 0 0 0 0 13 11 12 13 11 13 13 10 13 13 10 14 13 10 15 9 15 9 15 9 15 8 16 9 16 8 15 9 15 9 15 13 10 15 13 10 14 11 15 11 14 13 15 13 15]
,,,-80,0,0,0,0,0,0,0,0,0,0,-92,0,6,1722359567762,0,0,0,0,1722359567762,124,[0 26 0 26 0 24 0 23 0 21 1 20 2 18 3 16 4 16 6 15 6 14 6 14 7 14 7 14 8 15 7 15 7 16 6 15 5 15 4 14 3 13 2 11 2 13 10 1 13 10 1 9 0 0 0 0 0 0 0 0 0 0 0 0 0 0 0 0 0 0 0 0 0 0 4 21 2 22 1 21 -1 22 -1 22 -2 23 -3 23 -4 23 -4 22 -4 22 -5 22 -4 21 -3 22 -3 21 -2 22 -1 21 0 23 0 22 1 24 2 24 3 24 4 25 4 25 4 28 4 28]
,,,-80,0,0,0,0,0,0,0,0,0,0,-92,0,6,1722359567784,0,0,0,0,1722359567784,124,[-12 -16 -12 -16 -11 -14 -10 -14 -10 -12 -10 -11 -9 -11 -10 -9 -10 -8 -10 -7 -11 -6 -11 -5 -12 -5 -12 -5 -12 -5 -12 -6 -11 -6 -10 -7 -9 -7 -8 -7 -6 -7 -6 -6 -5 -6 -4 -4 -3 -4 0 0 0 0 0 0 0 0 0 0 0 0 0 0 0 0 0 0 0 0 0 0 -14 -15 -13 -17 -11 -17 -10 -18 -9 -18 -9 -19 -8 -19 -7 -19 -7 -19 -6 -19 -6 -19 -6 -18 -6 -17 -7 -17 -7 -17 -8 -16 -9 -15 -9 -15 -10 -15 -11 -15 -12 -15 -13 -15 -13 -14 -14 -16 -15 -16 -15 -16]
,,,-80,0,0,0,0,0,0,0,0,0,0,-92,0,6,1722359567802,0,0,0,0,1722359567802,124,[11 -25 11 -22 13 10 -21 8 -19 8 -18 5 -17 4 -16 2 -16 1 -15 -1 -15 -1 -15 -3 -15 -2 -15 -3 -15 -2 -15 -1 -14 0 -13 0 -11 1 -9 0 -8 0 -5 -1 -4 -3 -2 -5 -2 -6 -2 0 0 0 0 0 0 0 0 0 0 0 0 0 0 0 0 0 0 0 0 0 0 14 -29 17 -26 19 -25 19 -23 20 -22 20 -21 21 -20 22 -19 21 -17 21 -16 20 -16 18 -16 17 -17 15 -17 14 -17 14 -19 12 -19 11 -20 13 10 -21 9 -22 9 -23 8 -25 8 -26 9 -27 9 -27]
,,,-80,0,0,0,0,0,0,0,0,0,0,-92,0,6,1722359567823,0,0,0,0,1722359567823,124,[-13 14 -12 13 -11 12 -10 11 -9 11 -8 13 10 -7 13 10 -6 13 10 -5 13 10 -4 13 10 -3 13 10 -3 11 -3 11 -2 11 -3 12 -3 11 -3 13 10 -3 9 -3 8 -2 8 -2 7 -1 7 0 7 0 8 0 8 0 0 0 0 0 0 0 0 0 0 0 0 0 0 0 0 0 0 0 0 0 0 -6 17 -8 16 -9 15 -9 14 -10 14 -10 14 -12 14 -11 13 -11 12 -11 12 -11 12 -11 12 -11 12 -10 13 -10 13 -10 14 -9 14 -9 14 -9 15 -9 16 -9 17 -9 17 -10]
,,,-80,0,0,0,0,0,0,0,0,0,0,-92,0,6,1722359567842,0,0,0,0,1722359567842,124,[18 4 17 4 16 3 15 3 14 2 13 1 13 0 12 -1 12 -2 12 -3 12 -4 12 -4 12 -4 12 -5 13 -5 13 -4 13 -4 12 -3 11 -3 11 -2 13 10 -2 9 -2 9 -2 9 -2 9 -2 0 0 0 0 0 0 0 0 0 0 0 0 0 0 0 0 0 0 0 0 0 0 19 -3 19 -1 18 1 19 2 18 2 19 3 19 4 18 5 18 6 17 6 18 6 17 6 16 6 16 5 16 5 16 4 17 4 17 3 17 2 18 2 18 2 19 1 20 1 21 2 21 2 21]
,,,-80,0,0,0,0,0,0,0,0,0,0,-92,0,6,1722359567864,0,0,0,0,1722359567864,124,[19 5 19 5 17 4 16 4 15 3 14 2 14 1 13 0 13 -1 13 -2 12 -3 12 -3 13 -4 13 -3 14 -4 13 -3 13 -3 13 -2 12 -2 11 -1 11 -1 13 10 0 9 0 8 0 8 0 0 0 0 0 0 0 0 0 0 0 0 0 0 0 0 0 0 0 0 0 0 0 19 0 19 3 19 4 19 5 19 6 19 7 19 8 19 8 18 13 10 18 13 10 17 13 10 17 9 17 9 16 9 16 8 16 7 16 7 16 6 17 5 18 5 18 4 19 4 19 3 21 3]
,,,-80,0,0,0,0,0,0,0,0,0,0,-92,0,6,1722359567881,0,0,0,0,1722359567881,124,[-23 3 -22 3 -21 3 -20 2 -18 3 -17 2 -15 3 -14 4 -13 4 -12 5 -11 5 -11 6 -11 7 -11 8 -11 8 -11 8 -11 7 -11 7 -10 5 -10 4 -10 3 -9 3 -8 2 -7 2 -6 2 0 0 0 0 0 0 0 0 0 0 0 0 0 0 0 0 0 0 0 0 0 0 -20 4 -21 1 -21 1 -21 -1 -21 -1 -22 -2 -22 -2 -21 -3 -21 -4 -21 -5 -21 -5 -20 -4 -19 -4 -19 -3 -19 -2 -19 -1 -18 -1 -19 1 -19 2 -19 3 -19 4 -20 5 -21 5 -22 6 -23 6 -24 6]
,,,-80,0,0,0,0,0,0,0,0,0,0,-92,0,6,1722359567904,0,0,0,0,1722359567904,124,[12 29 13 10 28 9 25 8 23 7 21 6 17 7 14 8 12 9 9 13 10 7 11 6 12 5 13 5 14 5 14 5 14 6 13 7 12 7 13 10 6 9 6 8 5 7 4 7 2 6 1 7 0 0 0 0 0 0 0 0 0 0 0 0 0 0 0 0 0 0 0 0 0 0 0 16 24 13 25 11 24 13 10 25 13 10 25 9 26 8 27 7 27 7 26 6 26 7 25 8 24 9 24 9 23 13 10 23 11 23 13 23 14 22 15 23 17 23 18 24 20 25 20 26]
,,,-80,0,0,0,0,0,0,0,0,0,0,-92,0,6,1722359567924,0,0,0,0,1722359567924,124,[-15 20 -14 19 -11 17 -10 17 -8 16 -6 16 -4 16 -2 16 -1 17 0 18 1 18 1 20 1 21 1 20 0 22 -1 21 -3 21 -3 19 -4 18 -4 17 -5 15 -4 14 -4 13 -4 13 -4 13 0 0 0 0 0 0 0 0 0 0 0 0 0 0 0 0 0 0 0 0 0 0 -7 21 -10 20 -10 19 -11 19 -11 18 -12 19 -13 19 -14 19 -14 18 -14 18 -14 18 -14 18 -13 19 -13 19 -13 20 -13 20 -13 21 -12 20 -12 22 -11 22 -12 24 -12 24 -13 25 -13 26 -14 26 -14 25]
,,,-80,0,0,0,0,0,0,0,0,0,0,-92,0,6,1722359567942,0,0,0,0,1722359567942,124,[5 16 6 17 6 14 6 14 7 13 7 12 8 11 9 11 13 10 13 10 11 13 10 11 13 10 12 13 10 12 12 11 11 12 13 11 12 13 10 14 9 13 7 13 6 13 5 11 4 13 10 4 13 10 3 13 10 3 9 0 0 0 0 0 0 0 0 0 0 0 0 0 0 0 0 0 0 0 0 0 0 6 12 4 13 3 12 3 13 3 13 3 15 2 15 1 15 1 15 1 14 2 15 2 15 2 16 2 16 2 15 2 15 3 16 3 14 4 16 5 16 5 16 6]
,,,-80,0,0,0,0,0,0,0,0,0,0,-92,0,6,1722359567962,0,0,0,0,1722359567962,124,[-5 19 -5 19 -3 18 -4 17 -2 17 -2 16 -1 16 0 16 1 16 1 17 1 16 2 16 2 17 2 17 1 17 0 17 -1 17 -1 16 -2 15 -3 14 -4 12 -4 11 -4 13 10 -4 9 -4 8 0 0 0 0 0 0 0 0 0 0 0 0 0 0 0 0 0 0 0 0 0 0 -2 15 -4 15 -5 14 -5 14 -6 14 -7 15 -7 15 -8 15 -8 15 -9 15 -9 15 -9 15 -9 15 -8 15 -7 15 -8 15 -7 16 -6 16 -6 17 -5 17 -4 18 -4 19 -4 19 -4 21 -4 21 -4]
,,,-80,0,0,0,0,0,0,0,0,0,0,-92,0,6,1722359567982,0,0,0,0,1722359567982,124,[-28 -1 -28 -1 -26 0 -25 0 -24 1 -23 2 -22 3 -21 4 -21 5 -21 7 -21 6 -21 7 -22 7 -21 7 -22 6 -22 5 -22 4 -21 2 -19 1 -18 0 -17 -2 -15 -2 -14 -2 -13 -2 -11 -3 0 0 0 0 0 0 0 0 0 0 0 0 0 0 0 0 0 0 0 0 0 0 -24 0 -23 -3 -23 -4 -22 -5 -23 -5 -23 -6 -24 -7 -23 -8 -22 -8 -23 -8 -23 -8 -22 -7 -23 -7 -23 -6 -23 -6 -23 -5 -23 -4 -23 -3 -25 -2 -25 -1 -26 -1 -27 0 -28 1 -29 2 -29 2 -30 1]
,,,-80,0,0,0,0,0,0,0,0,0,0,-92,0,6,1722359568010,0,0,0,0,1722359568010,124,[-29 7 -28 7 -26 6 -25 6 -23 7 -21 7 -21 8 -19 9 -19 9 -18 13 10 -18 13 10 -18 13 10 -17 12 -17 11 -18 11 -18 13 10 -18 9 -18 8 -17 6 -16 5 -16 3 -14 2 -13 1 -11 1 -11 0 0 0 0 0 0 0 0 0 0 0 0 0 0 0 0 0 0 0 0 0 0 0 -22 6 -22 4 -22 3 -22 2 -22 2 -23 2 -24 2 -23 2 -23 1 -23 1 -24 1 -24 1 -24 2 -24 3 -24 4 -24 4 -25 5 -24 7 -26 7 -26 9 -26 13 10 -27 13 10 -28 13]
,,,-80,0,0,0,0,0,0,0,0,0,0,-92,0,6,1722359568022,0,0,0,0,1722359568022,124,[-17 16 -17 16 -15 14 -15 14 -13 13 -12 12 -11 12 -9 12 -8 12 -7 13 -7 13 -6 13 -6 14 -6 14 -6 14 -7 13 -7 13 -8 12 -8 11 -9 13 10 -9 8 -8 7 -8 6 -7 5 -7 4 0 0 0 0 0 0 0 0 0 0 0 0 0 0 0 0 0 0 0 0 0 0 -10 14 -11 12 -11 12 -12 12 -12 12 -13 12 -14 12 -14 12 -14 12 -14 11 -15 12 -14 12 -14 13 -14 13 -14 13 -13 14 -14 15 -13 15 -14 16 -14 17 -14 17 -14 18 -14 19 -15 20 -15 19 -16]
,,,-80,0,0,0,0,0,0,0,0,0,0,-92,0,6,1722359568044,0,0,0,0,1722359568044,124,[20 -8 19 -8 18 -7 17 -7 15 -7 14 -7 12 -7 11 -8 13 10 -8 9 -9 9 -9 9 -10 8 -11 8 -11 9 -11 9 -10 9 -10 13 10 -9 13 10 -8 13 10 -7 13 10 -5 9 -3 8 -2 7 -2 6 -1 0 0 0 0 0 0 0 0 0 0 0 0 0 0 0 0 0 0 0 0 0 0 12 -9 13 -8 14 -8 14 -8 15 -8 16 -7 17 -7 17 -7 18 -6 18 -6 18 -6 18 -6 18 -6 18 -7 18 -7 18 -8 18 -8 18 -9 19 -10 19 -10 19 -11 19 -12 20 -12 21]
,,,-80,0,0,0,0,0,0,0,0,0,0,-92,0,6,1722359568062,0,0,0,0,1722359568062,124,[-20 -1 -19 -1 -17 -1 -16 0 -14 1 -13 1 -12 2 -11 3 -11 4 -10 5 -10 5 -10 6 -10 6 -10 6 -10 7 -10 6 -10 6 -10 4 -9 4 -9 3 -9 1 -8 1 -7 0 -6 0 -5 -1 0 0 0 0 0 0 0 0 0 0 0 0 0 0 0 0 0 0 0 0 0 0 -19 3 -20 1 -20 0 -21 -1 -21 -2 -22 -3 -22 -4 -22 -5 -22 -6 -22 -6 -22 -6 -21 -5 -21 -6 -21 -5 -21 -4 -21 -4 -21 -3 -20 -3 -21 -2 -21 -2 -21 -1 -21 0 -22 0 -22 0 -23 1 -22 0]
,,,-80,0,0,0,0,0,0,0,0,0,0,-92,0,6,1722359568082,0,0,0,0,1722359568082,124,[13 12 13 12 13 13 10 12 9 12 8 12 6 11 5 11 4 12 2 12 2 12 1 12 0 13 1 12 0 13 0 13 1 13 2 12 2 11 3 13 10 4 9 3 8 3 6 4 5 3 4 3 0 0 0 0 0 0 0 0 0 0 0 0 0 0 0 0 0 0 0 0 0 0 18 12 17 14 16 15 16 16 15 17 15 19 14 20 13 20 12 20 12 20 12 20 11 19 11 19 11 18 11 18 11 17 12 17 12 16 13 16 14 16 14 15 15 14 15 14 16 14 16 14]
,,,-80,0,0,0,0,0,0,0,0,0,0,-92,0,6,1722359568103,0,0,0,0,1722359568103,124,[-21 -1 -21 -1 -19 -1 -19 0 -17 0 -16 1 -16 2 -15 3 -14 4 -14 5 -14 6 -14 6 -14 7 -14 7 -14 7 -14 6 -15 5 -15 4 -14 3 -13 3 -13 1 -11 0 -11 -1 -9 -1 -8 -1 0 0 0 0 0 0 0 0 0 0 0 0 0 0 0 0 0 0 0 0 0 0 -23 -1 -23 -3 -22 -4 -23 -5 -22 -6 -23 -7 -23 -8 -22 -9 -22 -9 -21 -10 -22 -10 -21 -10 -21 -9 -21 -8 -20 -8 -20 -7 -21 -6 -20 -5 -22 -5 -22 -4 -22 -4 -22 -3 -22 -2 -23 -2 -23 -2 -23 -2]
,,,-80,0,0,0,0,0,0,0,0,0,0,-92,0,6,1722359568122,0,0,0,0,1722359568122,124,[-20 5 -21 6 -18 5 -18 5 -17 5 -15 6 -14 6 -13 7 -12 7 -12 8 -12 8 -12 9 -12 13 10 -11 9 -12 9 -12 8 -13 8 -12 7 -12 5 -12 5 -12 2 -10 2 -10 1 -9 0 -7 -1 0 0 0 0 0 0 0 0 0 0 0 0 0 0 0 0 0 0 0 0 0 0 -18 5 -19 4 -18 3 -19 2 -19 2 -20 2 -20 1 -20 0 -20 0 -19 0 -20 0 -20 0 -20 0 -19 1 -20 1 -19 1 -20 2 -18 3 -20 4 -19 5 -20 6 -20 6 -20 7 -21 7 -22 7 -22]
,,,-80,0,0,0,0,0,0,0,0,0,0,-92,0,6,1722359568142,0,0,0,0,1722359568142,124,[25 4 24 5 23 4 21 3 21 3 19 2 18 1 17 -1 17 -1 16 -3 16 -3 15 -3 16 -3 16 -4 16 -3 16 -2 15 -1 14 0 13 1 12 3 13 10 3 8 3 7 3 4 3 3 3 0 0 0 0 0 0 0 0 0 0 0 0 0 0 0 0 0 0 0 0 0 0 21 1 20 3 20 3 20 4 21 4 21 5 22 6 22 6 23 7 23 7 23 8 23 7 23 7 23 7 23 6 24 6 23 5 24 4 25 4 25 3 26 2 27 2 28 2 28 2 28 3 29]
,,,-80,0,0,0,0,0,0,0,0,0,0,-92,0,6,1722359568167,0,0,0,0,1722359568167,124,[20 -1 19 0 17 0 15 0 14 -1 13 -2 12 -3 13 10 -3 9 -4 9 -5 8 -5 8 -6 8 -6 8 -6 8 -6 8 -6 7 -5 7 -4 6 -4 5 -3 5 -2 4 -2 2 -2 1 -3 1 -3 0 0 0 0 0 0 0 0 0 0 0 0 0 0 0 0 0 0 0 0 0 0 16 -5 16 -4 16 -4 16 -3 17 -3 17 -3 18 -2 18 -3 19 -2 19 -2 19 -1 19 -1 20 -1 20 -1 19 -1 19 -2 20 -2 20 -3 20 -3 20 -4 21 -5 22 -5 21 -5 22 -5 23 -4 23]
,,,-80,0,0,0,0,0,0,0,0,0,0,-92,0,6,1722359568186,0,0,0,0,1722359568186,124,[-8 17 -7 16 -6 14 -6 12 -4 12 -3 13 10 -1 13 10 0 9 1 8 2 9 3 8 4 9 4 9 5 9 5 9 5 13 10 4 13 10 4 9 3 9 3 9 2 7 2 7 2 6 2 6 3 6 0 0 0 0 0 0 0 0 0 0 0 0 0 0 0 0 0 0 0 0 0 0 -1 18 -3 18 -3 17 -4 17 -4 17 -5 18 -6 18 -6 18 -7 18 -7 18 -7 18 -7 18 -7 18 -7 18 -7 18 -7 18 -6 19 -5 18 -6 20 -5 19 -5 20 -5 20 -5 20 -5 21]
,,,-80,0,0,0,0,0,0,0,0,0,0,-92,0,6,1722359568205,0,0,0,0,1722359568205,124,[27 9 24 8 23 5 20 4 18 1 18 -1 17 -3 16 -6 16 -9 16 -10 16 -12 17 -13 18 -14 19 -15 19 -15 21 -14 22 -13 21 -12 21 -10 20 -10 19 -7 19 -7 19 -6 18 -6 17 -5 0 0 0 0 0 0 0 0 0 0 0 0 0 0 0 0 0 0 0 0 0 0 30 1 29 4 29 5 28 6 29 6 30 8 30 13 10 30 13 10 30 11 31 12 31 12 30 12 30 12 29 12 29 11 29 11 30 13 10 30 9 31 8 32 8 32 6 33 6 33 6 34 7 34]
,,,-80,0,0,0,0,0,0,0,0,0,0,-92,0,6,1722359568223,0,0,0,0,1722359568223,124,[1 18 1 17 2 15 3 14 4 13 5 12 7 11 8 13 10 9 13 10 13 10 13 10 11 13 10 12 11 13 12 13 12 14 13 12 14 12 15 11 15 9 15 8 15 7 13 5 14 5 13 3 13 2 13 0 0 0 0 0 0 0 0 0 0 0 0 0 0 0 0 0 0 0 0 0 0 3 16 1 17 0 16 0 16 0 17 -1 18 -2 18 -2 19 -3 19 -3 19 -3 19 -3 19 -3 19 -3 18 -2 18 -2 18 -1 18 -1 18 0 19 1 19 1 19 2 20 2 20 2]
,,,-80,0,0,0,0,0,0,0,0,0,0,-92,0,6,1722359568241,0,0,0,0,1722359568241,124,[-9 22 -8 21 -6 20 -5 19 -3 19 -2 18 0 18 1 18 3 18 4 19 5 19 6 20 6 21 6 22 6 23 4 24 3 24 1 23 0 22 -2 21 -4 19 -4 18 -4 17 -5 15 -6 14 0 0 0 0 0 0 0 0 0 0 0 0 0 0 0 0 0 0 0 0 0 0 -5 18 -7 18 -7 18 -8 18 -8 19 -10 19 -10 20 -11 20 -12 20 -12 20 -13 20 -13 20 -13 20 -12 20 -12 20 -12 20 -11 21 -10 21 -10 22 -9 23 -9 24 -9 24 -8 26 -8 26 -9 26 -9 26]
,,,-80,0,0,0,0,0,0,0,0,0,0,-92,0,6,1722359568267,0,0,0,0,1722359568267,124,[-14 -14 -14 -14 -13 -11 -13 -11 -13 -10 -13 -8 -14 -7 -14 -6 -14 -5 -16 -4 -16 -4 -17 -4 -18 -4 -17 -4 -18 -5 -17 -5 -18 -7 -16 -8 -15 -8 -14 -9 -12 -9 -11 -9 -10 -9 -8 -9 -7 -9 0 0 0 0 0 0 0 0 0 0 0 0 0 0 0 0 0 0 0 0 0 0 -13 -10 -13 -11 -13 -11 -13 -13 -12 -13 -13 -15 -12 -15 -13 -17 -11 -17 -11 -16 -11 -17 -12 -17 -11 -17 -11 -17 -11 -17 -12 -16 -13 -17 -12 -15 -13 -16 -14 -15 -15 -15 -15 -15 -16 -15 -16 -15 -17 -15 -17 -16]
,,,-80,0,0,0,0,0,0,0,0,0,0,-92,0,6,1722359568281,0,0,0,0,1722359568281,124,[-17 -9 -16 -8 -16 -7 -15 -6 -15 -5 -15 -4 -14 -3 -15 -1 -15 -1 -16 1 -16 1 -16 2 -17 2 -17 2 -17 1 -18 0 -18 -1 -17 -2 -16 -3 -15 -4 -14 -4 -13 -5 -12 -5 -10 -5 -9 -5 0 0 0 0 0 0 0 0 0 0 0 0 0 0 0 0 0 0 0 0 0 0 -16 -7 -15 -8 -15 -9 -15 -10 -15 -11 -15 -12 -15 -13 -15 -13 -15 -14 -15 -15 -15 -15 -14 -14 -14 -14 -14 -14 -13 -13 -15 -13 -15 -12 -15 -11 -16 -11 -16 -10 -17 -10 -18 -10 -18 -10 -19 -10 -19 -9 -19 -10]
,,,-80,0,0,0,0,0,0,0,0,0,0,-92,0,6,1722359568301,0,0,0,0,1722359568301,124,[-18 15 -17 15 -16 14 -15 14 -14 14 -12 14 -11 14 -9 15 -8 15 -7 16 -7 16 -7 16 -7 18 -7 18 -8 19 -9 18 -10 18 -11 16 -11 14 -11 13 -11 11 -11 9 -11 8 -10 8 -10 6 0 0 0 0 0 0 0 0 0 0 0 0 0 0 0 0 0 0 0 0 0 0 -15 14 -17 13 -17 12 -19 12 -18 11 -20 11 -21 13 10 -21 9 -22 9 -22 8 -22 9 -21 8 -21 8 -21 9 -19 9 -20 13 10 -19 11 -18 11 -19 12 -18 13 -18 14 -18 15 -18 15 -19 17 -19 17]
,,,-80,0,0,0,0,0,0,0,0,0,0,-92,0,6,1722359568321,0,0,0,0,1722359568321,124,[-9 -20 -9 -20 -9 -18 -9 -17 -9 -16 -9 -15 -10 -14 -10 -13 -11 -13 -12 -13 -12 -12 -13 -11 -13 -12 -13 -12 -13 -13 -12 -13 -11 -14 -11 -14 -9 -14 -8 -14 -6 -13 -6 -12 -5 -11 -3 -11 -2 -10 0 0 0 0 0 0 0 0 0 0 0 0 0 0 0 0 0 0 0 0 0 0 -9 -16 -7 -17 -7 -17 -6 -18 -5 -18 -5 -19 -4 -19 -4 -19 -3 -19 -3 -19 -4 -19 -4 -19 -4 -19 -4 -18 -5 -18 -6 -18 -6 -18 -7 -18 -8 -19 -9 -18 -10 -19 -10 -19 -11 -19 -11 -20 -11 -20 -11 -21]
,,,-80,0,0,0,0,0,0,0,0,0,0,-92,0,6,1722359568343,0,0,0,0,1722359568343,124,[-19 9 -19 9 -17 9 -16 8 -15 9 -14 9 -13 9 -12 9 -11 13 10 -11 13 10 -10 13 10 -10 11 -10 11 -10 11 -10 12 -11 11 -11 13 10 -12 13 10 -11 8 -11 8 -11 6 -11 5 -10 4 -9 3 -9 3 0 0 0 0 0 0 0 0 0 0 0 0 0 0 0 0 0 0 0 0 0 0 -14 9 -15 8 -15 7 -15 7 -15 6 -16 6 -16 6 -17 6 -16 6 -17 5 -17 5 -17 5 -17 6 -17 6 -16 7 -16 7 -17 8 -17 8 -17 9 -16 13 10 -17 11 -17 11 -18 12]
,,,-80,0,0,0,0,0,0,0,0,0,0,-92,0,6,1722359568362,0,0,0,0,1722359568362,124,[4 20 4 20 4 18 4 17 4 16 4 14 5 14 6 13 6 12 7 11 7 11 8 11 9 11 9 11 9 12 8 12 8 13 6 13 6 12 4 12 3 11 3 11 2 13 10 2 13 10 1 9 0 0 0 0 0 0 0 0 0 0 0 0 0 0 0 0 0 0 0 0 0 0 6 15 4 16 3 16 2 16 2 16 1 17 1 17 0 17 0 18 0 17 0 17 1 17 1 18 1 17 2 18 2 17 3 18 4 17 4 18 4 19 5 19 6 20 6 19 6 21 6 21]
,,,-80,0,0,0,0,0,0,0,0,0,0,-92,0,6,1722359568384,0,0,0,0,1722359568384,124,[-12 -20 -10 -19 -10 -18 -10 -17 -9 -15 -10 -14 -10 -13 -10 -12 -11 -11 -12 -10 -12 -10 -12 -9 -13 -9 -13 -9 -14 -9 -13 -10 -13 -11 -12 -11 -11 -11 -10 -11 -9 -11 -8 -11 -7 -11 -6 -11 -4 -10 0 0 0 0 0 0 0 0 0 0 0 0 0 0 0 0 0 0 0 0 0 0 -12 -16 -10 -16 -9 -17 -8 -17 -8 -17 -8 -18 -7 -19 -6 -19 -6 -19 -6 -19 -6 -19 -6 -19 -7 -19 -7 -18 -7 -18 -8 -18 -9 -18 -10 -18 -10 -18 -10 -19 -11 -18 -12 -18 -13 -19 -14 -20 -14 -20 -13 -20]
,,,-80,0,0,0,0,0,0,0,0,0,0,-92,0,6,1722359568401,0,0,0,0,1722359568401,124,[-11 16 -11 16 -10 14 -10 14 -8 13 -7 12 -6 12 -5 12 -4 11 -3 12 -3 12 -2 12 -2 13 -1 13 -2 14 -2 13 -3 14 -3 14 -4 13 -5 12 -5 13 10 -6 13 10 -6 9 -6 8 -7 8 0 0 0 0 0 0 0 0 0 0 0 0 0 0 0 0 0 0 0 0 0 0 -8 15 -10 15 -11 14 -12 14 -12 13 -13 13 -13 13 -13 12 -13 12 -13 11 -14 11 -13 11 -13 11 -13 11 -12 12 -11 12 -12 13 -10 13 -10 15 -10 15 -9 16 -9 16 -9 17 -10 18 -10 18]
,,,-80,0,0,0,0,0,0,0,0,0,0,-92,0,6,1722359568421,0,0,0,0,1722359568421,124,[19 1 19 1 17 1 16 1 15 0 14 0 13 -1 13 -2 12 -3 12 -4 11 -4 11 -5 12 -6 11 -6 13 -6 13 -6 13 -5 14 -4 13 -3 13 -2 12 -1 11 0 11 0 13 10 1 9 2 0 0 0 0 0 0 0 0 0 0 0 0 0 0 0 0 0 0 0 0 0 0 17 0 17 2 16 3 16 4 15 4 16 6 15 6 15 6 15 6 14 6 14 6 14 5 14 5 14 4 14 3 14 2 15 2 15 1 17 1 17 0 17 -1 18 -1 18 -1 20 -1 20 -1 21]
,,,-80,0,0,0,0,0,0,0,0,0,0,-92,0,6,1722359568445,0,0,0,0,1722359568445,124,[13 15 13 15 12 14 12 13 12 12 11 13 10 12 13 10 11 8 12 7 12 6 12 6 13 6 13 6 13 5 14 6 14 7 13 7 12 8 12 8 11 9 9 9 8 9 7 9 6 9 4 9 0 0 0 0 0 0 0 0 0 0 0 0 0 0 0 0 0 0 0 0 0 0 13 10 13 8 13 7 14 7 14 6 13 6 14 6 14 5 14 5 14 5 14 6 14 6 13 7 13 8 12 8 13 9 12 13 10 13 11 12 12 13 12 13 13 13 14 13 15 14 16 14]
,,,-80,0,0,0,0,0,0,0,0,0,0,-92,0,6,1722359568462,0,0,0,0,1722359568462,124,[17 -10 17 -9 16 -9 15 -8 14 -9 12 -9 12 -9 11 -10 13 10 -10 13 10 -11 9 -11 9 -11 9 -12 9 -12 9 -12 13 10 -12 13 10 -11 11 -11 11 -9 11 -9 11 -6 11 -5 13 10 -4 9 -3 9 -2 0 0 0 0 0 0 0 0 0 0 0 0 0 0 0 0 0 0 0 0 0 0 14 -8 14 -7 14 -6 14 -5 14 -5 15 -5 15 -4 15 -4 15 -4 15 -4 15 -4 15 -4 15 -5 14 -6 14 -7 15 -7 15 -8 15 -9 16 -9 16 -10 16 -11 16 -11 17 -12 18]
,,,-80,0,0,0,0,0,0,0,0,0,0,-92,0,6,1722359568486,0,0,0,0,1722359568486,124,[-18 -13 -18 -12 -16 -12 -16 -11 -15 -10 -15 -9 -15 -8 -14 -6 -15 -6 -15 -5 -15 -5 -15 -4 -16 -4 -15 -3 -16 -3 -16 -4 -16 -5 -15 -6 -13 -6 -13 -7 -11 -8 -10 -8 -9 -8 -7 -8 -6 -8 0 0 0 0 0 0 0 0 0 0 0 0 0 0 0 0 0 0 0 0 0 0 -15 -11 -14 -12 -13 -12 -13 -13 -13 -13 -12 -14 -12 -14 -12 -14 -12 -14 -12 -14 -12 -14 -12 -14 -13 -14 -13 -13 -14 -13 -15 -12 -15 -12 -16 -12 -17 -12 -17 -12 -17 -12 -19 -12 -19 -12 -20 -13 -20 -13 -20 -13]
,,,-80,0,0,0,0,0,0,0,0,0,0,-92,0,6,1722359568502,0,0,0,0,1722359568502,124,[-23 -6 -22 -6 -20 -5 -20 -5 -19 -4 -18 -4 -17 -2 -17 -1 -16 0 -17 1 -16 1 -16 2 -17 2 -16 2 -17 2 -17 2 -18 1 -17 0 -16 -1 -15 -2 -14 -3 -13 -4 -12 -5 -10 -5 -10 -5 0 0 0 0 0 0 0 0 0 0 0 0 0 0 0 0 0 0 0 0 0 0 -20 -4 -20 -6 -19 -6 -20 -7 -18 -7 -19 -9 -19 -9 -19 -9 -19 -9 -19 -10 -19 -9 -19 -9 -19 -9 -19 -8 -19 -8 -20 -7 -21 -7 -20 -6 -22 -6 -22 -5 -22 -5 -23 -5 -23 -5 -25 -5 -25 -5 -25 -5]
,,,-80,0,0,0,0,0,0,0,0,0,0,-92,0,6,1722359568525,0,0,0,0,1722359568525,124,[3 20 3 19 3 18 3 16 4 16 4 14 4 13 5 12 6 12 6 11 7 11 7 11 8 11 9 11 8 11 8 12 7 12 6 12 5 12 4 12 4 11 3 11 2 13 10 1 9 0 8 0 0 0 0 0 0 0 0 0 0 0 0 0 0 0 0 0 0 0 0 0 0 5 17 3 17 3 17 2 17 2 18 1 18 0 18 0 18 0 19 -1 19 -1 19 0 19 0 19 0 18 1 18 1 19 2 18 2 19 3 19 3 19 4 19 4 20 5 21 5 21 5 21 5]
,,,-80,0,0,0,0,0,0,0,0,0,0,-92,0,6,1722359568544,0,0,0,0,1722359568544,124,[5 -18 5 -17 5 -16 4 -15 4 -14 3 -14 2 -13 1 -13 0 -13 -1 -13 -2 -12 -2 -12 -3 -13 -3 -13 -3 -13 -2 -13 -2 -13 -1 -14 0 -13 0 -12 1 -11 2 -11 2 -10 2 -9 3 -8 0 0 0 0 0 0 0 0 0 0 0 0 0 0 0 0 0 0 0 0 0 0 2 -17 4 -16 4 -16 5 -15 6 -16 6 -16 7 -16 7 -16 8 -16 8 -16 8 -16 7 -16 7 -16 8 -16 7 -16 7 -16 6 -16 6 -17 6 -17 5 -17 5 -18 5 -18 5 -18 4 -19 4 -20 5 -19]
,,,-80,0,0,0,0,0,0,0,0,0,0,-92,0,6,1722359568563,0,0,0,0,1722359568563,124,[-9 -21 -9 -20 -8 -19 -8 -18 -8 -16 -8 -15 -8 -13 -9 -12 -10 -11 -10 -10 -11 -9 -12 -9 -13 -9 -13 -9 -13 -9 -13 -10 -13 -10 -12 -11 -11 -11 -10 -11 -9 -11 -8 -11 -7 -11 -6 -10 -4 -10 0 0 0 0 0 0 0 0 0 0 0 0 0 0 0 0 0 0 0 0 0 0 -11 -18 -9 -19 -8 -19 -8 -20 -7 -20 -7 -21 -6 -21 -6 -22 -5 -22 -5 -22 -4 -22 -5 -22 -5 -22 -5 -21 -5 -21 -6 -21 -6 -21 -7 -20 -8 -21 -8 -21 -9 -21 -10 -21 -11 -21 -11 -22 -11 -22 -11 -22]
,,,-80,0,0,0,0,0,0,0,0,0,0,-92,0,6,1722359568588,0,0,0,0,1722359568588,124,[7 17 6 16 6 15 5 13 5 12 5 13 10 6 9 6 8 7 7 8 6 8 5 9 5 9 5 13 10 5 11 5 11 6 11 6 13 10 7 9 7 8 8 7 7 7 7 6 7 5 7 4 7 0 0 0 0 0 0 0 0 0 0 0 0 0 0 0 0 0 0 0 0 0 0 13 10 15 8 15 7 16 7 16 6 17 6 17 5 18 5 18 4 19 4 19 4 18 4 18 4 18 4 18 5 17 5 17 5 17 6 17 6 17 7 17 8 17 8 17 9 17 9 18]
,,,-80,0,0,0,0,0,0,0,0,0,0,-92,0,6,1722359568603,0,0,0,0,1722359568603,124,[16 4 16 4 15 3 14 3 12 2 11 1 13 10 0 9 -2 9 -3 9 -4 9 -5 8 -6 9 -6 9 -7 13 10 -7 11 -7 11 -6 11 -5 11 -4 11 -4 13 10 -3 13 10 -2 9 -1 8 -1 8 0 0 0 0 0 0 0 0 0 0 0 0 0 0 0 0 0 0 0 0 0 0 0 17 0 17 2 17 3 17 3 16 4 17 5 17 6 17 6 17 6 17 7 17 7 17 7 17 7 16 6 16 6 16 5 17 5 17 4 18 4 18 4 18 4 19 3 18 2 20 3]
,,,-80,0,0,0,0,0,0,0,0,0,0,-92,0,6,1722359568622,0,0,0,0,1722359568622,124,[21 18 21 17 19 14 18 13 17 11 16 8 16 6 17 4 17 2 18 -1 18 -1 19 -2 20 -3 21 -2 22 -2 23 -1 23 1 21 3 20 3 19 5 17 5 15 6 14 5 12 6 11 6 0 0 0 0 0 0 0 0 0 0 0 0 0 0 0 0 0 0 0 0 0 0 26 12 24 15 23 16 23 17 23 18 23 20 22 21 21 22 21 23 20 22 21 22 20 21 21 21 21 20 22 20 22 20 23 19 23 19 24 19 24 19 26 18 26 18 26 18 28 18 28 18 28 19]
,,,-80,0,0,0,0,0,0,0,0,0,0,-92,0,6,1722359568641,0,0,0,0,1722359568641,124,[-10 -20 -10 -19 -9 -17 -10 -16 -10 -14 -11 -13 -11 -11 -12 -10 -13 -10 -14 -9 -14 -8 -15 -8 -16 -8 -16 -9 -17 -10 -15 -10 -15 -11 -13 -12 -12 -11 -11 -11 -9 -11 -9 -10 -8 -10 -6 -10 -6 -9 0 0 0 0 0 0 0 0 0 0 0 0 0 0 0 0 0 0 0 0 0 0 -13 -17 -11 -19 -10 -19 -10 -19 -9 -20 -8 -21 -7 -21 -7 -22 -7 -22 -7 -21 -7 -22 -7 -21 -7 -21 -8 -21 -8 -21 -8 -21 -9 -21 -10 -21 -10 -21 -10 -21 -11 -21 -12 -21 -12 -20 -13 -22 -13 -22 -13 -22]
,,,-80,0,0,0,0,0,0,0,0,0,0,-92,0,6,1722359568662,0,0,0,0,1722359568662,124,[-1 -23 -1 -22 -1 -21 -1 -20 -2 -19 -3 -17 -4 -17 -6 -16 -6 -16 -7 -16 -8 -16 -8 -16 -9 -16 -9 -17 -8 -17 -7 -17 -7 -18 -6 -17 -4 -17 -3 -16 -3 -15 -1 -14 -1 -13 0 -13 1 -12 0 0 0 0 0 0 0 0 0 0 0 0 0 0 0 0 0 0 0 0 0 0 -4 -20 -2 -20 -1 -20 0 -20 0 -20 1 -20 1 -21 2 -21 2 -21 3 -21 3 -22 2 -21 2 -22 2 -21 2 -22 1 -22 1 -22 1 -22 0 -23 -1 -23 -1 -24 -2 -24 -2 -24 -2 -25 -1 -26 -1 -25]
,,,-80,0,0,0,0,0,0,0,0,0,0,-92,0,6,1722359568682,0,0,0,0,1722359568682,124,[17 -18 17 -18 15 -17 14 -16 12 -16 11 -16 13 10 -16 9 -17 8 -16 7 -17 7 -17 6 -18 6 -19 6 -18 7 -20 8 -18 8 -18 9 -17 9 -16 13 10 -15 13 10 -13 9 -12 13 10 -10 9 -10 13 10 -8 0 0 0 0 0 0 0 0 0 0 0 0 0 0 0 0 0 0 0 0 0 0 13 10 -17 12 -16 12 -15 13 -15 14 -15 15 -15 15 -15 16 -15 16 -15 16 -14 17 -15 17 -15 17 -15 17 -15 17 -16 16 -16 17 -17 16 -17 17 -18 16 -18 16 -20 17 -20 16 -20]
,,,-80,0,0,0,0,0,0,0,0,0,0,-92,0,6,1722359568702,0,0,0,0,1722359568702,124,[1 25 1 25 2 23 1 22 2 21 3 19 4 18 5 17 5 16 7 16 7 16 8 15 8 17 8 16 9 17 8 17 7 17 6 17 5 17 4 16 2 14 2 14 1 14 0 13 -1 12 0 0 0 0 0 0 0 0 0 0 0 0 0 0 0 0 0 0 0 0 0 0 5 19 2 20 1 19 1 20 0 20 -1 21 -1 21 -2 21 -2 22 -2 22 -2 22 -2 22 -1 22 -1 23 -1 23 0 23 0 24 1 23 1 25 2 24 2 25 3 26 3 26 4 27 4 27 3 28]
,,,-80,0,0,0,0,0,0,0,0,0,0,-92,0,6,1722359568738,0,0,0,0,1722359568738,124,[-21 7 -21 6 -18 6 -18 5 -16 6 -15 6 -13 6 -13 7 -12 7 -11 8 -11 8 -11 9 -10 9 -10 9 -10 9 -10 9 -10 8 -11 8 -10 7 -10 6 -10 5 -9 4 -9 4 -8 3 -8 2 0 0 0 0 0 0 0 0 0 0 0 0 0 0 0 0 0 0 0 0 0 0 -14 13 10 -15 8 -15 7 -16 7 -16 7 -17 6 -17 6 -18 6 -18 6 -18 6 -19 6 -19 6 -19 6 -19 6 -20 6 -20 7 -20 7 -20 8 -20 8 -20 8 -20 9 -21 9 -21 9 -22 13 10 -22 13]
,,,-80,0,0,0,0,0,0,0,0,0,0,-92,0,6,1722359568750,0,0,0,0,1722359568750,124,[-22 0 -22 0 -19 1 -18 0 -17 1 -16 2 -15 2 -14 3 -13 4 -13 5 -12 5 -12 6 -12 6 -12 6 -12 7 -12 6 -12 6 -12 5 -11 4 -11 4 -11 3 -10 2 -10 1 -9 1 -8 0 0 0 0 0 0 0 0 0 0 0 0 0 0 0 0 0 0 0 0 0 0 0 -17 4 -17 3 -17 2 -17 2 -17 1 -18 1 -18 0 -19 0 -19 0 -19 -1 -20 0 -20 0 -20 0 -20 0 -21 0 -21 0 -21 1 -21 1 -22 1 -22 2 -22 3 -23 3 -23 3 -24 3 -24 3 -24 2]
,,,-80,0,0,0,0,0,0,0,0,0,0,-92,0,6,1722359568762,0,0,0,0,1722359568762,124,[-22 11 -21 11 -19 13 10 -18 13 10 -16 13 10 -15 13 10 -13 13 10 -12 11 -11 11 -10 12 -9 12 -9 13 -9 13 -8 13 -9 14 -9 13 -9 13 -10 12 -10 11 -10 13 10 -10 9 -10 8 -10 7 -9 6 -9 5 0 0 0 0 0 0 0 0 0 0 0 0 0 0 0 0 0 0 0 0 0 0 -13 14 -15 12 -16 11 -17 11 -17 11 -18 11 -19 11 -19 13 10 -20 13 10 -20 13 10 -21 11 -20 11 -21 11 -21 11 -21 11 -21 11 -21 12 -21 12 -22 13 -21 13 -22 14 -22]
,,,-80,0,0,0,0,0,0,0,0,0,0,-92,0,6,1722359568782,0,0,0,0,1722359568782,124,[-15 -15 -15 -14 -14 -13 -13 -13 -13 -11 -12 -10 -13 -8 -13 -7 -13 -6 -14 -5 -14 -5 -14 -4 -15 -4 -15 -4 -15 -4 -15 -5 -15 -6 -14 -6 -13 -7 -12 -7 -11 -7 -10 -7 -10 -7 -8 -7 -7 -7 0 0 0 0 0 0 0 0 0 0 0 0 0 0 0 0 0 0 0 0 0 0 -15 -9 -14 -10 -14 -11 -14 -12 -13 -12 -14 -13 -14 -13 -13 -14 -13 -14 -13 -14 -14 -15 -14 -15 -14 -15 -14 -15 -14 -15 -15 -15 -15 -15 -15 -15 -16 -15 -16 -15 -17 -15 -17 -15 -18 -15 -18 -16 -18 -16 -18 -16]
,,,-80,0,0,0,0,0,0,0,0,0,0,-92,0,6,1722359568802,0,0,0,0,1722359568802,124,[21 5 21 5 20 3 19 3 18 3 17 2 16 1 16 -1 16 -2 16 -4 16 -4 16 -4 17 -5 17 -5 17 -4 17 -4 17 -2 17 -1 16 -1 15 1 14 2 13 2 12 2 11 2 13 10 3 0 0 0 0 0 0 0 0 0 0 0 0 0 0 0 0 0 0 0 0 0 0 17 0 17 2 17 3 17 4 17 4 18 5 18 6 17 6 18 6 18 6 19 6 19 6 20 6 19 5 20 6 20 5 20 5 21 5 22 4 22 5 23 5 23 4 24 4 25 3 24 4 24]
,,,-80,0,0,0,0,0,0,0,0,0,0,-92,0,6,1722359568822,0,0,0,0,1722359568822,124,[-26 3 -26 3 -24 3 -23 4 -22 4 -20 5 -19 6 -18 7 -18 8 -18 9 -17 9 -17 13 10 -18 13 10 -18 11 -19 13 10 -19 13 10 -19 9 -19 7 -18 6 -18 5 -17 2 -16 1 -15 0 -14 0 -13 -1 0 0 0 0 0 0 0 0 0 0 0 0 0 0 0 0 0 0 0 0 0 0 -20 4 -20 2 -20 1 -20 1 -20 0 -21 0 -21 0 -22 -1 -22 0 -22 -1 -22 -1 -23 0 -23 0 -23 0 -23 1 -25 2 -25 2 -25 2 -25 3 -26 3 -26 4 -27 5 -27 5 -28 5]
,,,-80,0,0,0,0,0,0,0,0,0,0,-92,0,6,1722359568842,0,0,0,0,1722359568842,124,[2 -23 2 -21 2 -21 1 -19 0 -18 -1 -17 -2 -17 -3 -15 -4 -16 -4 -16 -5 -15 -5 -16 -6 -16 -6 -16 -6 -16 -5 -17 -4 -17 -3 -16 -2 -16 -1 -15 0 -14 1 -12 2 -12 2 -11 2 -10 0 0 0 0 0 0 0 0 0 0 0 0 0 0 0 0 0 0 0 0 0 0 -2 -18 0 -18 1 -18 1 -17 1 -18 2 -18 2 -19 2 -19 3 -19 3 -19 3 -20 3 -20 3 -20 3 -20 2 -20 2 -22 2 -22 1 -22 1 -23 1 -23 0 -23 0 -24 0 -24 1 -25 1 -25 1 -25]
,,,-80,0,0,0,0,0,0,0,0,0,0,-92,0,6,1722359568863,0,0,0,0,1722359568863,124,[19 -8 18 -8 17 -8 15 -7 14 -7 13 -8 12 -8 13 10 -9 13 10 -10 9 -11 9 -11 8 -11 8 -11 8 -13 9 -12 13 10 -12 13 10 -11 13 10 -11 13 10 -10 13 10 -8 9 -7 9 -5 9 -4 8 -4 7 -3 0 0 0 0 0 0 0 0 0 0 0 0 0 0 0 0 0 0 0 0 0 0 14 -10 15 -9 16 -8 15 -8 16 -8 17 -7 17 -8 18 -7 18 -7 19 -7 20 -7 20 -7 20 -7 20 -7 20 -7 20 -8 20 -8 20 -8 21 -9 21 -9 20 -10 21 -11 21]
,,,-80,0,0,0,0,0,0,0,0,0,0,-92,0,6,1722359568883,0,0,0,0,1722359568883,124,[15 18 15 18 14 15 13 14 13 12 13 11 13 9 13 8 13 6 14 5 14 4 15 3 16 3 15 3 16 4 16 4 15 6 15 7 13 7 12 7 13 10 8 9 7 8 7 6 7 5 6 0 0 0 0 0 0 0 0 0 0 0 0 0 0 0 0 0 0 0 0 0 0 17 11 16 13 15 13 15 14 15 14 15 16 15 17 15 18 14 19 15 18 15 19 15 19 15 20 15 20 15 20 15 20 16 20 16 19 17 20 17 19 18 19 18 19 18 19 20 19 20 19 19]
,,,-80,0,0,0,0,0,0,0,0,0,0,-92,0,6,1722359568916,0,0,0,0,1722359568916,124,[1 -19 1 -19 1 -16 0 -16 -1 -15 -1 -14 -3 -12 -3 -12 -4 -11 -6 -11 -6 -11 -7 -11 -8 -11 -7 -11 -8 -12 -7 -12 -6 -13 -5 -13 -4 -12 -3 -12 -2 -10 -2 -9 -1 -9 -1 -8 -1 -7 0 0 0 0 0 0 0 0 0 0 0 0 0 0 0 0 0 0 0 0 0 0 -3 -17 -1 -17 -1 -17 0 -18 1 -17 2 -19 2 -19 3 -19 3 -19 3 -19 3 -19 3 -19 3 -20 3 -19 3 -20 3 -19 2 -20 2 -20 2 -21 2 -20 1 -20 1 -21 0 -21 0 -21 0 -22 0 -22]
,,,-80,0,0,0,0,0,0,0,0,0,0,-92,0,6,1722359568928,0,0,0,0,1722359568928,124,[13 10 -16 13 10 -14 9 -14 8 -13 7 -13 5 -12 4 -12 3 -12 2 -12 1 -13 0 -13 0 -13 0 -13 -1 -14 0 -14 1 -14 1 -14 2 -14 3 -13 3 -12 4 -10 4 -9 4 -8 4 -7 4 -6 0 0 0 0 0 0 0 0 0 0 0 0 0 0 0 0 0 0 0 0 0 0 6 -15 7 -15 8 -15 9 -15 9 -15 13 10 -15 11 -15 11 -15 12 -15 12 -14 13 -15 13 -14 13 -15 12 -14 12 -15 13 -16 12 -16 12 -15 12 -16 11 -16 11 -17 11 -17 11 -17 11 -18 11]
,,,-80,0,0,0,0,0,0,0,0,0,0,-92,0,6,1722359568942,0,0,0,0,1722359568942,124,[15 11 14 11 13 13 10 13 9 12 8 12 7 11 5 11 4 11 3 12 2 12 2 12 1 13 1 13 0 13 1 13 2 13 2 12 4 11 4 13 10 5 9 5 8 5 7 5 6 5 5 4 0 0 0 0 0 0 0 0 0 0 0 0 0 0 0 0 0 0 0 0 0 0 14 6 14 8 13 8 13 9 13 9 14 11 13 11 13 12 13 12 13 12 14 12 13 12 14 12 14 12 14 12 14 13 14 12 14 12 16 12 16 12 16 11 16 12 17 11 18 11 18 11]
,,,-80,0,0,0,0,0,0,0,0,0,0,-92,0,6,1722359568966,0,0,0,0,1722359568966,124,[16 -13 16 -13 15 -12 13 -11 12 -11 11 -11 9 -10 8 -11 7 -11 6 -11 5 -11 5 -11 4 -12 4 -13 4 -13 5 -13 6 -13 6 -11 6 -10 6 -9 7 -8 6 -7 6 -6 5 -5 5 -5 0 0 0 0 0 0 0 0 0 0 0 0 0 0 0 0 0 0 0 0 0 0 11 -13 12 -12 13 -11 13 -11 13 -11 15 -11 15 -10 16 -10 16 -10 16 -10 16 -10 16 -10 16 -11 16 -11 16 -11 16 -12 16 -12 16 -13 16 -13 16 -13 16 -14 16 -15 16 -15 16 -16 17 -16 17 -15]
,,,-80,0,0,0,0,0,0,0,0,0,0,-92,0,6,1722359568984,0,0,0,0,1722359568984,124,[-20 8 -20 8 -18 8 -17 7 -16 7 -14 7 -12 7 -11 8 -10 8 -10 9 -9 8 -8 9 -8 9 -8 13 10 -8 13 10 -9 13 10 -9 13 10 -9 9 -9 7 -9 7 -9 5 -8 4 -8 4 -7 3 -6 2 0 0 0 0 0 0 0 0 0 0 0 0 0 0 0 0 0 0 0 0 0 0 -16 11 -17 9 -18 9 -18 8 -18 8 -19 7 -20 7 -20 6 -20 6 -21 6 -21 6 -20 6 -20 6 -20 6 -20 6 -20 7 -20 8 -20 8 -20 9 -20 9 -20 13 10 -20 13 10 -20 11]
,,,-80,0,0,0,0,0,0,0,0,0,0,-92,0,6,1722359569010,0,0,0,0,1722359569010,124,[11 -17 11 -16 13 10 -15 13 10 -14 9 -13 7 -12 6 -12 5 -11 4 -11 3 -12 2 -11 1 -11 1 -12 0 -12 0 -12 1 -12 2 -12 2 -12 2 -11 3 -10 3 -9 4 -8 4 -7 4 -6 3 -5 0 0 0 0 0 0 0 0 0 0 0 0 0 0 0 0 0 0 0 0 0 0 8 -17 13 10 -17 13 10 -16 11 -15 11 -15 12 -15 13 -15 13 -14 13 -14 14 -14 14 -14 13 -14 13 -14 13 -14 12 -15 11 -15 11 -16 11 -16 11 -17 13 10 -17 13 10 -18 13 10 -19 13]
,,,-80,0,0,0,0,0,0,0,0,0,0,-92,0,6,1722359569025,0,0,0,0,1722359569025,124,[17 9 16 9 14 8 13 7 12 6 12 5 11 4 13 10 2 13 10 1 13 10 0 13 10 -1 11 -1 11 -1 11 -2 11 -2 12 -1 12 -1 11 0 11 0 13 10 1 9 2 8 2 7 2 6 2 5 2 0 0 0 0 0 0 0 0 0 0 0 0 0 0 0 0 0 0 0 0 0 0 17 4 17 5 16 6 16 7 16 7 16 8 16 9 15 9 15 13 10 15 13 10 15 13 10 15 9 15 9 15 8 15 8 16 8 17 7 17 7 18 7 19 7 19 7 20 7]
,,,-80,0,0,0,0,0,0,0,0,0,0,-92,0,6,1722359569042,0,0,0,0,1722359569042,124,[17 13 10 16 9 16 9 14 7 14 7 13 5 13 4 12 2 12 2 13 1 12 0 12 -1 13 -1 13 -2 14 -2 13 -1 13 0 13 0 12 1 11 2 11 2 13 10 2 9 3 8 3 7 3 0 0 0 0 0 0 0 0 0 0 0 0 0 0 0 0 0 0 0 0 0 0 18 5 17 7 17 8 16 8 16 9 16 13 10 15 13 10 15 11 15 11 15 11 15 11 15 11 15 11 15 13 10 16 13 10 17 9 17 9 18 9 18 9 19 8 19 9 20 8 21 9]
,,,-80,0,0,0,0,0,0,0,0,0,0,-92,0,6,1722359569064,0,0,0,0,1722359569064,124,[-21 -5 -21 -5 -18 -4 -18 -4 -17 -3 -15 -2 -14 -1 -14 0 -13 1 -13 2 -13 2 -13 3 -13 4 -13 4 -13 4 -13 4 -13 3 -13 2 -13 1 -12 1 -11 0 -10 0 -10 0 -9 0 -8 -1 0 0 0 0 0 0 0 0 0 0 0 0 0 0 0 0 0 0 0 0 0 0 -20 -1 -20 -3 -20 -4 -19 -5 -19 -6 -19 -7 -19 -7 -19 -8 -18 -7 -18 -8 -19 -7 -18 -7 -19 -6 -19 -6 -19 -6 -20 -5 -20 -5 -20 -4 -21 -4 -21 -4 -22 -4 -22 -3 -22 -3 -24 -3 -24 -3 -24 -4]
,,,-80,0,0,0,0,0,0,0,0,0,0,-92,0,6,1722359569087,0,0,0,0,1722359569087,124,[-4 -20 -3 -20 -3 -18 -3 -17 -3 -15 -4 -14 -4 -13 -5 -12 -5 -11 -6 -11 -7 -10 -7 -10 -8 -10 -8 -10 -9 -10 -8 -10 -8 -11 -7 -10 -6 -10 -6 -10 -5 -9 -4 -9 -4 -8 -3 -8 -2 -8 0 0 0 0 0 0 0 0 0 0 0 0 0 0 0 0 0 0 0 0 0 0 -6 -19 -4 -20 -3 -19 -2 -19 -1 -18 0 -19 0 -19 0 -19 1 -18 0 -18 0 -19 0 -18 0 -18 -1 -18 -2 -18 -2 -18 -3 -18 -3 -18 -4 -20 -5 -19 -5 -20 -6 -20 -6 -20 -6 -22 -6 -22 -5 -22]
,,,-80,0,0,0,0,0,0,0,0,0,0,-92,0,6,1722359569105,0,0,0,0,1722359569105,124,[-20 6 -19 5 -17 5 -16 5 -14 5 -13 5 -11 5 -10 6 -9 7 -8 7 -7 8 -7 8 -7 9 -7 9 -7 9 -7 13 10 -7 9 -8 8 -7 7 -7 7 -7 5 -6 5 -6 4 -6 4 -6 3 0 0 0 0 0 0 0 0 0 0 0 0 0 0 0 0 0 0 0 0 0 0 -20 9 -20 6 -20 5 -20 4 -20 3 -20 2 -20 2 -19 2 -19 1 -19 2 -19 2 -19 3 -18 3 -18 4 -18 4 -19 5 -18 6 -19 7 -19 7 -19 7 -20 8 -20 9 -20 13 10 -21 9 -22 13]
,,,-80,0,0,0,0,0,0,0,0,0,0,-92,0,6,1722359569127,0,0,0,0,1722359569127,124,[17 6 16 5 15 4 13 4 12 3 11 1 13 10 0 9 -1 9 -2 9 -4 8 -4 8 -5 8 -6 8 -6 9 -6 9 -6 9 -6 8 -5 8 -5 8 -4 7 -4 6 -4 6 -4 5 -4 4 -4 0 0 0 0 0 0 0 0 0 0 0 0 0 0 0 0 0 0 0 0 0 0 20 -1 20 2 20 3 19 3 19 5 19 5 19 6 19 6 19 7 19 7 19 7 19 6 19 6 19 6 20 6 20 6 20 5 20 5 21 5 21 5 21 4 22 4 22 4 22 5 22 5 22]
,,,-80,0,0,0,0,0,0,0,0,0,0,-92,0,6,1722359569142,0,0,0,0,1722359569142,124,[-5 18 -5 17 -4 15 -3 14 -3 13 -2 12 -1 11 0 13 10 2 9 2 9 3 9 4 8 4 9 4 9 5 9 5 9 4 9 3 9 3 9 3 8 2 7 2 6 2 6 2 6 2 5 0 0 0 0 0 0 0 0 0 0 0 0 0 0 0 0 0 0 0 0 0 0 2 19 0 19 -1 18 -2 19 -2 18 -3 19 -4 19 -5 19 -5 19 -5 19 -5 20 -4 19 -5 19 -5 19 -5 20 -5 19 -4 20 -4 19 -4 20 -4 20 -3 20 -3 21 -3 21 -3 21 -3 22 -3]
,,,-80,0,0,0,0,0,0,0,0,0,0,-92,0,6,1722359569163,0,0,0,0,1722359569163,124,[-17 -10 -17 -10 -15 -9 -14 -8 -13 -7 -12 -6 -12 -5 -11 -4 -11 -3 -11 -2 -11 -2 -10 -1 -11 0 -11 0 -11 1 -11 0 -11 0 -11 0 -10 -1 -9 -1 -8 -2 -8 -1 -8 -2 -6 -1 -6 -1 0 0 0 0 0 0 0 0 0 0 0 0 0 0 0 0 0 0 0 0 0 0 -18 -5 -18 -7 -17 -8 -17 -9 -17 -9 -17 -10 -17 -11 -17 -11 -16 -12 -16 -12 -17 -12 -16 -12 -16 -12 -16 -12 -16 -11 -17 -11 -18 -10 -17 -10 -19 -11 -19 -10 -19 -9 -20 -9 -19 -10 -20 -10 -20 -10 -20 -11]
,,,-80,0,0,0,0,0,0,0,0,0,0,-92,0,6,1722359569183,0,0,0,0,1722359569183,124,[1 -20 2 -19 1 -18 1 -16 0 -15 -1 -13 -1 -13 -3 -12 -4 -11 -5 -10 -6 -10 -7 -9 -8 -10 -8 -10 -8 -10 -8 -10 -8 -11 -7 -11 -6 -11 -5 -10 -5 -9 -5 -8 -5 -8 -4 -8 -4 -8 0 0 0 0 0 0 0 0 0 0 0 0 0 0 0 0 0 0 0 0 0 0 -4 -21 -1 -22 0 -21 1 -21 2 -21 3 -22 4 -21 5 -21 5 -21 5 -20 5 -21 5 -20 4 -20 3 -20 3 -20 2 -20 2 -20 1 -20 1 -21 1 -21 0 -21 0 -22 0 -22 -1 -23 -1 -24 0 -23]
,,,-80,0,0,0,0,0,0,0,0,0,0,-92,0,6,1722359569202,0,0,0,0,1722359569202,124,[12 -15 12 -14 13 10 -13 9 -12 7 -12 6 -11 5 -11 3 -11 1 -12 1 -12 -1 -12 -2 -12 -2 -13 -1 -14 -2 -14 -1 -14 -1 -15 0 -14 0 -13 1 -13 1 -12 1 -11 1 -10 1 -10 2 -10 0 0 0 0 0 0 0 0 0 0 0 0 0 0 0 0 0 0 0 0 0 0 13 10 -18 12 -17 12 -16 13 -15 13 -14 14 -15 15 -14 15 -13 15 -12 14 -12 15 -12 14 -12 13 -12 13 -13 13 -13 12 -14 12 -14 12 -14 12 -16 11 -16 11 -17 11 -18 11 -18 12 -19 13 -19]
,,,-80,0,0,0,0,0,0,0,0,0,0,-92,0,6,1722359569222,0,0,0,0,1722359569222,124,[12 -22 12 -21 11 -19 9 -18 7 -17 6 -16 5 -16 3 -16 1 -16 0 -16 -1 -16 -2 -17 -2 -18 -2 -18 -2 -19 -1 -18 -1 -19 0 -18 1 -17 2 -16 3 -15 3 -13 3 -13 3 -12 4 -12 0 0 0 0 0 0 0 0 0 0 0 0 0 0 0 0 0 0 0 0 0 0 7 -23 13 10 -22 11 -20 12 -20 12 -19 13 -19 13 -19 14 -19 14 -19 14 -18 13 -19 13 -19 13 -20 13 -20 13 -20 12 -20 12 -22 11 -22 12 -23 11 -22 11 -24 11 -25 11 -25 11 -26 11 -26 13]
,,,-80,0,0,0,0,0,0,0,0,0,0,-92,0,6,1722359569263,0,0,0,0,1722359569263,124,[3 -24 3 -24 2 -20 1 -20 0 -18 -1 -17 -2 -16 -3 -15 -4 -14 -6 -15 -6 -14 -7 -14 -7 -14 -8 -14 -8 -14 -7 -14 -7 -14 -6 -15 -5 -13 -4 -13 -3 -12 -3 -10 -3 -10 -2 -9 -2 -9 0 0 0 0 0 0 0 0 0 0 0 0 0 0 0 0 0 0 0 0 0 0 -3 -23 -1 -24 0 -23 1 -23 2 -23 3 -24 3 -24 4 -24 4 -24 5 -23 4 -24 4 -24 4 -24 4 -24 4 -24 3 -24 3 -25 3 -25 2 -26 2 -26 0 -26 1 -27 0 -27 0 -28 0 -28 1 -28]
,,,-80,0,0,0,0,0,0,0,0,0,0,-92,0,6,1722359569274,0,0,0,0,1722359569274,124,[-17 -11 -16 -11 -14 -9 -13 -8 -13 -7 -13 -6 -12 -5 -12 -4 -12 -3 -12 -2 -12 -1 -12 -1 -13 0 -13 0 -13 0 -13 -1 -12 -1 -12 -2 -11 -3 -10 -2 -9 -3 -9 -3 -8 -3 -7 -2 -7 -2 0 0 0 0 0 0 0 0 0 0 0 0 0 0 0 0 0 0 0 0 0 0 -18 -5 -17 -7 -17 -8 -17 -8 -16 -9 -17 -10 -16 -11 -16 -11 -16 -11 -16 -11 -16 -11 -16 -11 -16 -11 -16 -11 -16 -11 -17 -11 -18 -10 -17 -10 -18 -11 -18 -10 -18 -10 -19 -10 -19 -10 -20 -10 -20 -10 -19 -11]
,,,-80,0,0,0,0,0,0,0,0,0,0,-92,0,6,1722359569285,0,0,0,0,1722359569285,124,[-22 -1 -20 -1 -18 -1 -18 -1 -16 0 -14 0 -13 1 -12 2 -11 3 -11 4 -10 4 -10 4 -10 5 -9 5 -10 6 -10 6 -10 5 -10 4 -10 3 -10 2 -9 1 -8 0 -7 0 -6 0 -6 -1 0 0 0 0 0 0 0 0 0 0 0 0 0 0 0 0 0 0 0 0 0 0 -20 2 -21 0 -20 -1 -21 -2 -20 -2 -21 -3 -21 -4 -20 -4 -20 -5 -20 -5 -20 -4 -20 -4 -20 -3 -20 -3 -20 -2 -21 -2 -21 -1 -21 -1 -22 0 -22 0 -22 1 -23 1 -23 1 -24 2 -24 1 -24 1]
,,,-80,0,0,0,0,0,0,0,0,0,0,-92,0,6,1722359569305,0,0,0,0,1722359569305,124,[1 -20 1 -18 1 -17 1 -15 0 -14 0 -13 -1 -12 -2 -11 -3 -11 -4 -11 -4 -10 -5 -9 -5 -9 -6 -9 -6 -9 -5 -9 -5 -9 -5 -9 -4 -9 -3 -9 -2 -8 -2 -7 -1 -6 -1 -6 0 -6 0 0 0 0 0 0 0 0 0 0 0 0 0 0 0 0 0 0 0 0 0 0 -3 -19 -1 -19 -1 -20 0 -19 1 -19 2 -20 2 -19 3 -20 3 -20 3 -20 3 -20 3 -19 3 -20 2 -19 2 -19 1 -20 1 -20 1 -20 1 -21 0 -20 -1 -21 0 -21 0 -22 -1 -22 0 -22 0 -22]
,,,-80,0,0,0,0,0,0,0,0,0,0,-92,0,6,1722359569351,0,0,0,0,1722359569351,124,[6 -19 5 -19 5 -17 4 -15 3 -14 2 -13 1 -12 0 -11 -1 -11 -3 -11 -3 -11 -4 -10 -5 -10 -5 -10 -5 -11 -4 -10 -4 -11 -3 -11 -2 -10 -2 -9 -1 -8 -1 -7 -1 -6 -1 -6 0 -5 0 0 0 0 0 0 0 0 0 0 0 0 0 0 0 0 0 0 0 0 0 0 2 -20 4 -20 5 -19 6 -20 6 -19 7 -19 7 -19 8 -18 8 -18 8 -18 8 -19 7 -19 7 -19 6 -19 6 -19 6 -19 5 -20 5 -19 5 -21 4 -21 3 -21 3 -22 3 -22 4 -23 4 -23 4 -23]
,,,-80,0,0,0,0,0,0,0,0,0,0,-92,0,6,1722359569368,0,0,0,0,1722359569368,124,[-19 -10 -17 -10 -16 -9 -15 -9 -14 -8 -13 -6 -12 -5 -11 -4 -11 -3 -11 -2 -10 -2 -10 -1 -10 0 -10 1 -10 1 -10 0 -10 0 -10 -1 -9 -2 -8 -2 -8 -2 -7 -3 -6 -3 -4 -3 -4 -3 0 0 0 0 0 0 0 0 0 0 0 0 0 0 0 0 0 0 0 0 0 0 -19 -7 -19 -9 -18 -10 -18 -11 -17 -11 -18 -12 -17 -13 -17 -13 -17 -13 -16 -13 -17 -14 -16 -13 -16 -13 -16 -12 -17 -12 -17 -11 -18 -11 -18 -10 -19 -10 -19 -9 -19 -9 -20 -8 -20 -8 -21 -8 -21 -9 -22 -9]
,,,-80,0,0,0,0,0,0,0,0,0,0,-92,0,6,1722359569384,0,0,0,0,1722359569384,124,[12 16 12 16 11 14 11 14 13 10 13 13 10 11 13 10 13 10 13 10 9 13 10 7 11 7 13 10 6 11 6 12 5 12 6 12 5 11 6 11 6 11 7 13 10 7 9 8 7 7 7 7 5 7 4 7 3 6 0 0 0 0 0 0 0 0 0 0 0 0 0 0 0 0 0 0 0 0 0 0 13 13 12 15 11 15 13 10 16 9 16 9 17 8 18 8 18 8 18 8 18 8 18 8 18 9 17 9 17 9 17 9 17 13 10 17 13 10 16 11 16 12 16 13]
,,,-80,0,0,0,0,0,0,0,0,0,0,-92,0,6,1722359569403,0,0,0,0,1722359569403,124,[-20 4 -20 4 -19 4 -17 4 -16 4 -15 4 -14 5 -13 6 -12 6 -12 7 -11 7 -11 8 -12 8 -11 8 -11 9 -12 8 -12 8 -12 7 -12 6 -12 5 -11 4 -10 3 -10 2 -9 2 -9 1 0 0 0 0 0 0 0 0 0 0 0 0 0 0 0 0 0 0 0 0 0 0 -18 7 -20 5 -20 4 -20 3 -20 3 -21 2 -21 1 -21 0 -21 0 -21 0 -21 0 -21 0 -21 0 -20 0 -21 1 -20 1 -21 2 -20 2 -21 3 -21 3 -21 4 -21 5 -21 5 -22 5 -22 5 -22 5]
,,,-80,0,0,0,0,0,0,0,0,0,0,-92,0,6,1722359569423,0,0,0,0,1722359569423,124,[-17 16 -17 16 -15 15 -14 14 -12 14 -11 13 -9 13 -9 13 -7 13 -7 14 -6 13 -5 13 -5 14 -5 14 -5 15 -5 14 -5 14 -6 13 -6 12 -7 11 -7 9 -7 8 -6 7 -6 7 -6 6 0 0 0 0 0 0 0 0 0 0 0 0 0 0 0 0 0 0 0 0 0 0 -12 18 -14 17 -15 16 -16 15 -17 15 -18 15 -18 15 -19 15 -20 14 -20 14 -20 14 -20 13 -20 14 -20 14 -19 14 -19 14 -19 15 -18 15 -18 15 -18 16 -17 17 -17 18 -17 18 -17 19 -18 19 -18 19]
,,,-80,0,0,0,0,0,0,0,0,0,0,-92,0,6,1722359569442,0,0,0,0,1722359569442,124,[20 -23 20 -22 17 -20 17 -20 15 -20 13 -19 12 -18 13 10 -19 8 -19 7 -19 6 -19 5 -20 5 -20 5 -19 6 -20 6 -19 7 -19 8 -17 9 -16 9 -15 9 -12 8 -10 8 -9 8 -8 7 -7 0 0 0 0 0 0 0 0 0 0 0 0 0 0 0 0 0 0 0 0 0 0 13 -25 17 -24 18 -22 19 -22 20 -21 22 -22 23 -21 24 -21 25 -20 24 -19 24 -20 24 -20 24 -20 24 -20 24 -21 23 -21 23 -22 22 -22 23 -23 22 -23 21 -24 22 -25 20 -25 21 -27 21 -27 21]
,,,-80,0,0,0,0,0,0,0,0,0,0,-92,0,6,1722359569471,0,0,0,0,1722359569471,124,[12 -17 12 -17 13 10 -16 13 10 -16 9 -15 8 -15 7 -15 5 -15 5 -15 4 -16 4 -16 3 -16 3 -17 3 -16 3 -18 4 -16 5 -16 6 -16 6 -15 6 -14 7 -12 6 -11 7 -10 7 -9 7 -8 0 0 0 0 0 0 0 0 0 0 0 0 0 0 0 0 0 0 0 0 0 0 9 -17 11 -16 12 -16 13 -16 13 -15 15 -16 15 -15 16 -14 16 -14 16 -14 17 -14 16 -14 16 -14 16 -13 16 -14 15 -14 15 -15 14 -15 14 -16 14 -16 14 -17 13 -17 13 -18 13 -19 13 -19]
,,,-80,0,0,0,0,0,0,0,0,0,0,-92,0,6,1722359569482,0,0,0,0,1722359569482,124,[11 -16 11 -15 13 10 -15 9 -15 8 -14 7 -14 6 -14 4 -14 4 -15 3 -15 3 -15 2 -15 2 -15 2 -16 2 -16 3 -16 4 -16 4 -15 5 -14 5 -13 5 -12 5 -11 6 -10 5 -9 6 -9 0 0 0 0 0 0 0 0 0 0 0 0 0 0 0 0 0 0 0 0 0 0 13 10 -16 11 -15 12 -15 13 -14 13 -14 15 -14 16 -14 16 -13 16 -13 17 -12 17 -13 16 -12 16 -12 15 -12 15 -12 15 -13 15 -14 14 -14 14 -15 14 -15 13 -15 13 -16 13 -16 13 -17 13 -17]
,,,-80,0,0,0,0,0,0,0,0,0,0,-92,0,6,1722359569502,0,0,0,0,1722359569502,124,[-20 -6 -19 -5 -19 -5 -18 -4 -17 -3 -16 -2 -16 -1 -16 0 -16 1 -16 1 -16 1 -15 2 -16 2 -16 2 -16 2 -17 1 -16 1 -16 0 -14 -1 -14 -2 -13 -2 -12 -3 -11 -3 -10 -3 -9 -4 0 0 0 0 0 0 0 0 0 0 0 0 0 0 0 0 0 0 0 0 0 0 -20 -2 -20 -3 -19 -5 -20 -5 -20 -6 -20 -7 -20 -7 -20 -8 -20 -9 -20 -10 -20 -10 -20 -9 -19 -9 -19 -9 -19 -9 -20 -8 -20 -8 -20 -7 -21 -7 -21 -6 -21 -6 -21 -5 -22 -5 -23 -6 -23 -5 -22 -6]
,,,-80,0,0,0,0,0,0,0,0,0,0,-92,0,6,1722359569522,0,0,0,0,1722359569522,124,[-3 -20 -3 -20 -4 -18 -5 -18 -5 -17 -5 -16 -6 -15 -7 -14 -8 -13 -9 -13 -9 -13 -10 -13 -10 -13 -10 -13 -10 -14 -9 -14 -9 -15 -8 -14 -7 -14 -6 -14 -5 -13 -4 -12 -3 -11 -2 -11 -1 -10 0 0 0 0 0 0 0 0 0 0 0 0 0 0 0 0 0 0 0 0 0 0 -5 -20 -3 -20 -2 -20 -1 -20 -1 -20 0 -21 1 -21 1 -21 1 -21 2 -21 2 -21 2 -21 2 -20 1 -20 0 -21 0 -20 -1 -21 -1 -20 -2 -21 -2 -21 -3 -22 -4 -22 -4 -22 -4 -23 -4 -23 -4 -23]
,,,-80,0,0,0,0,0,0,0,0,0,0,-92,0,6,1722359569542,0,0,0,0,1722359569542,124,[4 -25 4 -24 3 -22 2 -21 1 -20 0 -19 -1 -19 -3 -18 -4 -18 -5 -18 -6 -17 -7 -17 -7 -18 -7 -18 -8 -19 -7 -19 -6 -19 -5 -18 -3 -18 -2 -17 -1 -16 0 -14 0 -14 1 -13 2 -12 0 0 0 0 0 0 0 0 0 0 0 0 0 0 0 0 0 0 0 0 0 0 2 -25 4 -25 5 -25 6 -24 7 -24 8 -25 9 -24 13 10 -24 13 10 -24 13 10 -23 13 10 -24 13 10 -24 13 10 -23 9 -23 8 -23 8 -24 7 -25 6 -24 6 -25 5 -25 4 -26 4 -27 3 -27]
,,,-80,0,0,0,0,0,0,0,0,0,0,-92,0,6,1722359569562,0,0,0,0,1722359569562,124,[-2 22 -1 21 -1 19 0 18 1 17 1 16 2 15 3 14 5 14 6 14 6 13 6 13 7 13 7 13 8 13 7 14 6 14 5 14 4 14 3 13 2 12 1 12 0 11 0 13 10 -2 9 0 0 0 0 0 0 0 0 0 0 0 0 0 0 0 0 0 0 0 0 0 0 2 21 0 21 -1 21 -2 20 -2 21 -3 21 -4 22 -5 21 -5 22 -6 22 -6 22 -6 21 -5 21 -5 21 -4 20 -4 21 -3 21 -3 21 -2 22 -2 23 -1 23 -1 23 0 24 0 24 0 24 0]
,,,-80,0,0,0,0,0,0,0,0,0,0,-92,0,6,1722359569583,0,0,0,0,1722359569583,124,[8 -19 8 -19 7 -18 6 -17 5 -16 3 -15 2 -15 1 -15 0 -15 -1 -15 -2 -15 -2 -15 -3 -16 -3 -16 -2 -17 -2 -16 -1 -16 0 -16 0 -15 1 -14 2 -13 2 -12 3 -11 3 -10 4 -9 0 0 0 0 0 0 0 0 0 0 0 0 0 0 0 0 0 0 0 0 0 0 4 -19 7 -19 7 -19 8 -19 9 -18 13 10 -19 11 -19 12 -18 12 -18 12 -18 12 -18 12 -18 12 -18 11 -18 11 -18 13 10 -18 13 10 -18 9 -19 9 -20 9 -20 8 -20 8 -21 8 -21 8 -22 8]
,,,-80,0,0,0,0,0,0,0,0,0,0,-92,0,6,1722359569603,0,0,0,0,1722359569603,124,[14 12 14 12 13 13 10 12 9 12 7 12 6 12 5 12 4 12 3 13 2 13 1 13 1 14 1 14 1 15 1 15 2 14 2 14 3 12 3 12 4 11 4 13 10 5 9 4 7 4 6 4 0 0 0 0 0 0 0 0 0 0 0 0 0 0 0 0 0 0 0 0 0 0 16 8 15 13 10 15 13 10 15 11 14 12 14 13 13 14 13 15 13 15 13 15 13 15 13 15 12 15 13 14 13 14 13 14 13 14 14 13 15 13 15 13 16 13 16 13 17 13 17 14]
,,,-80,0,0,0,0,0,0,0,0,0,0,-92,0,6,1722359569621,0,0,0,0,1722359569621,124,[-29 -8 -28 -8 -25 -5 -24 -4 -23 -2 -21 0 -20 2 -20 4 -19 5 -20 7 -19 8 -20 9 -21 13 10 -21 11 -22 13 10 -22 9 -23 8 -22 6 -21 5 -20 3 -19 1 -17 1 -16 0 -14 1 -13 -1 0 0 0 0 0 0 0 0 0 0 0 0 0 0 0 0 0 0 0 0 0 0 -28 -1 -28 -4 -29 -5 -29 -6 -29 -6 -30 -9 -31 -10 -31 -12 -30 -12 -30 -13 -30 -13 -29 -13 -30 -12 -29 -12 -29 -11 -30 -10 -31 -10 -31 -9 -32 -8 -32 -7 -33 -7 -34 -7 -35 -6 -35 -7 -35 -7]
,,,-80,0,0,0,0,0,0,0,0,0,0,-92,0,6,1722359569641,0,0,0,0,1722359569641,124,[-31 -4 -29 -4 -26 -3 -23 -2 -21 0 -20 2 -18 4 -16 6 -16 8 -16 13 10 -16 12 -16 12 -17 14 -17 14 -19 14 -19 12 -20 12 -20 9 -19 7 -18 5 -17 3 -15 2 -15 0 -11 1 -11 0 0 0 0 0 0 0 0 0 0 0 0 0 0 0 0 0 0 0 0 0 0 0 -26 3 -27 1 -27 0 -28 -1 -28 -2 -30 -3 -32 -4 -32 -5 -31 -6 -30 -7 -32 -7 -31 -7 -31 -7 -30 -6 -31 -5 -31 -4 -31 -3 -31 -2 -33 -2 -33 -1 -34 0 -35 0 -36 1 -37 0 -37 0 -37]
,,,-80,0,0,0,0,0,0,0,0,0,0,-92,0,6,1722359569664,0,0,0,0,1722359569664,124,[7 -18 7 -17 6 -15 5 -14 4 -13 2 -13 2 -12 0 -12 -1 -11 -2 -12 -4 -11 -4 -11 -5 -12 -5 -12 -5 -14 -4 -13 -3 -15 -3 -15 -1 -14 0 -13 1 -12 2 -11 3 -10 3 -9 4 -8 0 0 0 0 0 0 0 0 0 0 0 0 0 0 0 0 0 0 0 0 0 0 4 -15 5 -15 5 -14 6 -14 6 -14 7 -16 7 -15 8 -16 9 -16 9 -16 9 -16 9 -16 8 -15 8 -15 8 -16 7 -16 7 -16 6 -17 6 -18 5 -18 5 -19 5 -20 4 -20 5 -21 5 -21 6 -21]
,,,-80,0,0,0,0,0,0,0,0,0,0,-92,0,6,1722359569683,0,0,0,0,1722359569683,124,[4 -21 4 -20 3 -18 2 -17 1 -16 0 -15 -1 -14 -2 -13 -3 -13 -5 -13 -5 -13 -6 -13 -7 -13 -7 -14 -8 -15 -7 -15 -6 -16 -5 -16 -3 -16 -2 -15 -1 -14 0 -13 1 -12 2 -11 3 -10 0 0 0 0 0 0 0 0 0 0 0 0 0 0 0 0 0 0 0 0 0 0 1 -17 2 -18 3 -17 3 -18 4 -17 4 -18 5 -19 5 -19 6 -19 7 -19 7 -20 7 -19 6 -19 6 -19 6 -19 6 -19 5 -20 4 -19 4 -20 3 -20 3 -21 3 -22 2 -22 1 -23 2 -24 2 -24]
,,,-80,0,0,0,0,0,0,0,0,0,0,-92,0,6,1722359569702,0,0,0,0,1722359569702,124,[18 26 18 26 17 22 15 20 16 17 15 15 15 12 16 13 10 16 7 17 6 18 4 19 3 21 3 21 3 23 3 23 5 23 7 22 9 20 13 10 18 11 15 12 12 12 11 12 8 11 6 13 10 0 0 0 0 0 0 0 0 0 0 0 0 0 0 0 0 0 0 0 0 0 0 19 22 17 24 16 23 16 25 16 24 16 26 16 27 15 28 15 29 15 29 15 29 15 29 15 29 15 28 16 28 15 27 17 28 18 26 19 27 20 26 21 26 23 27 23 26 24 27 25]
,,,-80,0,0,0,0,0,0,0,0,0,0,-92,0,6,1722359569722,0,0,0,0,1722359569722,124,[-20 5 -19 5 -17 4 -16 3 -15 4 -13 3 -12 3 -11 4 -10 5 -8 5 -8 6 -7 7 -7 8 -7 8 -7 9 -8 9 -9 9 -9 8 -10 7 -10 6 -10 4 -10 2 -10 1 -9 0 -8 -1 0 0 0 0 0 0 0 0 0 0 0 0 0 0 0 0 0 0 0 0 0 0 -16 4 -17 3 -16 2 -17 2 -16 2 -18 2 -18 2 -18 1 -18 1 -18 1 -19 1 -18 2 -18 2 -18 2 -18 3 -18 3 -18 4 -17 4 -19 5 -18 6 -18 6 -19 7 -19 7 -20 8 -20 8 -21 8]
,,,-80,0,0,0,0,0,0,0,0,0,0,-92,0,6,1722359569742,0,0,0,0,1722359569742,124,[13 -16 13 -16 12 -14 11 -14 11 -13 13 10 -12 9 -11 8 -11 6 -11 5 -12 4 -11 3 -12 3 -12 3 -12 3 -13 4 -13 4 -13 5 -13 6 -12 7 -11 7 -10 8 -9 8 -8 8 -7 8 -5 0 0 0 0 0 0 0 0 0 0 0 0 0 0 0 0 0 0 0 0 0 0 13 10 -14 12 -13 12 -12 12 -12 13 -11 13 -11 14 -11 14 -11 14 -11 14 -11 14 -12 14 -12 14 -11 13 -12 13 -12 13 -12 13 -13 12 -13 12 -14 12 -14 12 -15 12 -16 11 -17 12 -18 12 -18]
,,,-80,0,0,0,0,0,0,0,0,0,0,-92,0,6,1722359569764,0,0,0,0,1722359569764,124,[19 13 10 19 11 17 9 17 9 16 8 15 7 14 6 14 4 13 3 14 2 13 1 14 0 14 0 14 0 15 0 15 1 16 1 15 3 14 3 14 4 12 5 11 6 13 10 6 8 6 6 6 0 0 0 0 0 0 0 0 0 0 0 0 0 0 0 0 0 0 0 0 0 0 16 8 16 13 10 15 13 10 15 11 14 13 10 15 12 14 12 15 13 15 13 14 13 15 13 15 13 15 13 15 12 16 12 15 11 16 11 16 11 18 13 10 18 13 10 18 13 10 20 9]
,,,-80,0,0,0,0,0,0,0,0,0,0,-92,0,6,1722359569784,0,0,0,0,1722359569784,124,[-24 13 -23 13 -22 12 -20 11 -19 11 -17 11 -15 11 -14 12 -13 12 -12 14 -11 14 -11 15 -11 15 -10 16 -11 16 -12 16 -13 15 -14 14 -14 12 -14 11 -15 9 -14 7 -14 6 -13 4 -12 3 0 0 0 0 0 0 0 0 0 0 0 0 0 0 0 0 0 0 0 0 0 0 -20 13 -21 11 -22 9 -21 9 -22 9 -23 8 -23 8 -24 7 -24 7 -24 7 -24 7 -24 7 -24 8 -23 8 -23 8 -23 9 -23 13 10 -22 11 -23 12 -23 12 -23 13 -23 14 -23 16 -24 17 -24 17 -25]
,,,-80,0,0,0,0,0,0,0,0,0,0,-92,0,6,1722359569802,0,0,0,0,1722359569802,124,[-21 -15 -20 -14 -19 -12 -18 -12 -18 -11 -16 -9 -16 -7 -16 -6 -16 -4 -17 -3 -17 -2 -18 -1 -19 -1 -18 -1 -19 -1 -19 -2 -19 -3 -19 -4 -17 -5 -16 -6 -14 -7 -13 -7 -12 -7 -10 -7 -9 -8 0 0 0 0 0 0 0 0 0 0 0 0 0 0 0 0 0 0 0 0 0 0 -22 -12 -20 -15 -19 -16 -19 -17 -18 -17 -18 -19 -17 -19 -17 -20 -16 -20 -16 -20 -17 -19 -16 -19 -16 -19 -16 -18 -16 -17 -16 -17 -18 -16 -18 -15 -19 -15 -20 -15 -21 -14 -22 -14 -23 -13 -24 -14 -25 -14 -25 -14]
,,,-80,0,0,0,0,0,0,0,0,0,0,-92,0,6,1722359569823,0,0,0,0,1722359569823,124,[13 -14 12 -13 11 -12 13 10 -12 9 -12 8 -11 6 -11 4 -11 4 -12 3 -12 2 -12 1 -13 1 -13 2 -14 2 -15 2 -14 3 -14 3 -13 4 -12 5 -11 5 -9 5 -9 5 -8 4 -7 4 -6 0 0 0 0 0 0 0 0 0 0 0 0 0 0 0 0 0 0 0 0 0 0 12 -16 14 -15 14 -13 15 -13 15 -12 17 -12 17 -12 18 -11 18 -10 17 -10 18 -10 17 -10 17 -10 16 -10 15 -10 15 -11 15 -12 14 -12 14 -13 14 -14 13 -14 13 -15 13 -16 14 -17 14 -16 14]
,,,-80,0,0,0,0,0,0,0,0,0,0,-92,0,6,1722359569843,0,0,0,0,1722359569843,124,[-6 -18 -6 -18 -5 -16 -5 -15 -6 -13 -6 -12 -6 -11 -7 -10 -8 -9 -9 -9 -9 -8 -10 -8 -11 -8 -11 -7 -11 -8 -11 -8 -10 -9 -10 -10 -9 -9 -7 -9 -6 -9 -5 -8 -4 -8 -3 -7 -3 -7 0 0 0 0 0 0 0 0 0 0 0 0 0 0 0 0 0 0 0 0 0 0 -8 -17 -7 -18 -6 -17 -5 -18 -5 -18 -5 -20 -4 -20 -3 -20 -3 -20 -2 -20 -2 -20 -2 -20 -2 -20 -3 -19 -3 -19 -4 -19 -5 -19 -5 -18 -6 -19 -6 -19 -7 -19 -8 -20 -8 -19 -8 -20 -8 -20 -8 -21]
,,,-80,0,0,0,0,0,0,0,0,0,0,-92,0,6,1722359569863,0,0,0,0,1722359569863,124,[-8 18 -8 18 -7 16 -6 15 -6 14 -5 13 -3 13 -2 12 -1 11 0 12 0 11 1 11 1 12 2 12 2 12 1 12 0 13 -1 12 -2 11 -2 13 10 -3 9 -4 8 -3 7 -3 6 -3 5 0 0 0 0 0 0 0 0 0 0 0 0 0 0 0 0 0 0 0 0 0 0 -3 16 -5 16 -6 16 -6 16 -6 16 -8 17 -8 17 -9 17 -9 16 -10 16 -9 17 -9 16 -9 17 -9 16 -8 16 -8 17 -8 17 -7 17 -7 19 -6 19 -7 19 -6 20 -6 20 -6 21 -6 21 -7]
,,,-80,0,0,0,0,0,0,0,0,0,0,-92,0,6,1722359569884,0,0,0,0,1722359569884,124,[-21 -15 -21 -14 -19 -13 -18 -12 -17 -11 -17 -10 -17 -8 -16 -7 -16 -6 -17 -4 -16 -4 -17 -3 -18 -3 -17 -3 -18 -3 -18 -4 -17 -6 -16 -6 -14 -7 -13 -8 -11 -9 -9 -8 -8 -8 -6 -7 -4 -7 0 0 0 0 0 0 0 0 0 0 0 0 0 0 0 0 0 0 0 0 0 0 -15 -10 -14 -11 -14 -11 -14 -11 -14 -11 -15 -13 -15 -14 -15 -14 -14 -14 -14 -14 -15 -15 -15 -14 -15 -14 -16 -14 -17 -13 -17 -13 -19 -13 -19 -12 -20 -13 -21 -12 -22 -12 -23 -13 -23 -12 -24 -13 -24 -13 -24 -14]
,,,-80,0,0,0,0,0,0,0,0,0,0,-92,0,6,1722359569903,0,0,0,0,1722359569903,124,[15 -31 14 -30 13 -27 13 -26 11 -25 13 10 -24 8 -23 7 -23 4 -23 2 -22 2 -23 1 -23 1 -23 1 -24 2 -24 4 -24 5 -24 8 -23 9 -20 13 10 -18 11 -15 11 -12 13 10 -9 13 10 -7 9 -4 0 0 0 0 0 0 0 0 0 0 0 0 0 0 0 0 0 0 0 0 0 0 11 -19 13 -18 13 -17 12 -18 13 -18 14 -19 15 -19 15 -19 15 -19 16 -19 15 -20 14 -20 14 -20 13 -21 12 -22 12 -23 11 -24 11 -25 11 -27 11 -28 13 10 -30 13 10 -32 13 10]
,,,-80,0,0,0,0,0,0,0,0,0,0,-92,0,6,1722359569922,0,0,0,0,1722359569922,124,[26 19 25 19 24 17 22 16 22 14 20 12 20 13 10 20 9 20 7 20 6 20 5 21 4 22 3 22 3 23 4 23 5 23 7 21 8 19 13 10 17 11 13 12 11 12 8 12 5 11 3 13 10 0 0 0 0 0 0 0 0 0 0 0 0 0 0 0 0 0 0 0 0 0 0 16 22 14 23 12 22 12 22 12 21 11 21 12 22 12 22 11 22 11 22 11 21 11 20 12 19 13 18 14 17 16 16 17 15 19 14 21 14 23 13 25 13 26 14 28 14 29 16 30]
,,,-80,0,0,0,0,0,0,0,0,0,0,-92,0,6,1722359569946,0,0,0,0,1722359569946,124,[17 13 10 16 13 10 16 9 15 8 15 7 14 6 14 5 14 3 14 3 14 2 14 1 14 0 14 1 15 0 16 1 16 2 16 3 15 4 13 5 12 6 13 10 6 8 7 7 7 4 6 3 5 0 0 0 0 0 0 0 0 0 0 0 0 0 0 0 0 0 0 0 0 0 0 13 14 11 14 11 15 13 10 14 13 10 15 9 15 9 16 9 16 8 15 8 15 8 15 8 14 8 13 8 12 9 11 13 10 11 11 13 10 13 9 13 9 15 9 16 8 17 8 18]
,,,-80,0,0,0,0,0,0,0,0,0,0,-92,0,6,1722359569964,0,0,0,0,1722359569964,124,[16 6 16 5 14 4 14 4 14 3 13 2 12 1 12 0 12 -1 12 -2 12 -3 12 -3 13 -4 13 -4 14 -4 14 -2 14 -2 13 0 12 1 11 2 13 10 2 9 3 8 3 6 3 5 3 0 0 0 0 0 0 0 0 0 0 0 0 0 0 0 0 0 0 0 0 0 0 17 13 10 16 12 15 12 15 13 14 13 14 14 13 14 12 15 12 15 11 15 11 14 11 13 13 10 13 13 10 11 11 11 11 13 10 12 9 12 8 14 7 14 7 15 6 16 6 16 6 17]
,,,-80,0,0,0,0,0,0,0,0,0,0,-92,0,6,1722359569981,0,0,0,0,1722359569981,124,[-12 13 -11 13 -10 12 -9 12 -8 12 -7 11 -6 11 -5 11 -4 11 -3 11 -2 11 -2 12 -2 12 -2 12 -2 13 -3 12 -4 12 -4 11 -5 13 10 -5 9 -5 7 -5 6 -5 5 -4 5 -4 4 0 0 0 0 0 0 0 0 0 0 0 0 0 0 0 0 0 0 0 0 0 0 -12 16 -14 15 -14 14 -15 14 -16 13 -17 13 -17 12 -18 12 -18 11 -18 13 10 -18 11 -17 13 10 -17 13 10 -16 13 10 -15 13 10 -15 13 10 -14 11 -13 11 -13 13 -13 13 -13 14 -12 14 -12]
,,,-80,0,0,0,0,0,0,0,0,0,0,-92,0,6,1722359570003,0,0,0,0,1722359570003,124,[17 -8 17 -8 15 -7 14 -8 13 -8 12 -8 13 10 -9 9 -9 9 -10 8 -11 8 -11 7 -11 8 -12 7 -12 8 -12 9 -11 9 -11 13 10 -9 9 -8 9 -7 9 -5 8 -4 7 -3 5 -3 5 -2 0 0 0 0 0 0 0 0 0 0 0 0 0 0 0 0 0 0 0 0 0 0 18 -9 19 -7 19 -6 20 -5 20 -5 22 -4 22 -3 22 -2 22 -1 21 -1 21 -1 21 -1 20 -1 20 -2 19 -2 18 -3 19 -3 17 -4 19 -5 18 -6 18 -7 19 -7 18 -8 19 -9 19 -9]
,,,-80,0,0,0,0,0,0,0,0,0,0,-92,0,6,1722359570028,0,0,0,0,1722359570028,124,[-18 8 -18 8 -16 8 -15 7 -14 8 -12 8 -11 9 -10 9 -10 9 -9 11 -8 11 -8 11 -9 12 -8 12 -9 12 -10 11 -10 11 -11 13 10 -11 8 -11 7 -10 5 -9 4 -9 3 -7 2 -6 2 0 0 0 0 0 0 0 0 0 0 0 0 0 0 0 0 0 0 0 0 0 0 -17 9 -19 7 -19 7 -20 6 -20 5 -21 5 -22 4 -22 3 -22 3 -22 2 -22 3 -21 3 -22 3 -21 3 -20 3 -20 3 -20 4 -19 5 -20 6 -19 7 -19 7 -19 8 -20 8 -20 9 -20 9 -20]
,,,-80,0,0,0,0,0,0,0,0,0,0,-92,0,6,1722359570059,0,0,0,0,1722359570059,124,[0 19 0 18 1 16 1 16 2 15 2 13 3 12 4 12 5 13 10 7 13 10 7 13 10 8 13 10 9 11 9 11 9 12 8 12 8 13 6 12 5 12 4 12 3 13 10 2 9 2 8 1 7 1 7 0 0 0 0 0 0 0 0 0 0 0 0 0 0 0 0 0 0 0 0 0 0 4 18 2 19 1 19 0 19 -1 19 -1 21 -2 20 -3 21 -4 21 -4 21 -3 21 -3 20 -3 20 -3 20 -3 20 -3 20 -2 21 -2 20 -1 21 -1 21 0 21 0 21 1 21 1]
,,,-80,0,0,0,0,0,0,0,0,0,0,-92,0,6,1722359570071,0,0,0,0,1722359570071,124,[-14 -15 -12 -15 -12 -13 -12 -12 -12 -11 -12 -10 -12 -8 -12 -7 -13 -6 -13 -5 -13 -4 -14 -3 -14 -3 -15 -3 -15 -3 -15 -5 -15 -5 -14 -6 -13 -6 -12 -7 -10 -7 -9 -6 -8 -6 -7 -5 -6 -5 0 0 0 0 0 0 0 0 0 0 0 0 0 0 0 0 0 0 0 0 0 0 -16 -13 -14 -14 -14 -15 -14 -15 -14 -16 -13 -17 -13 -18 -12 -19 -12 -19 -12 -19 -12 -19 -11 -19 -11 -19 -11 -18 -11 -18 -12 -18 -12 -18 -13 -18 -13 -18 -14 -17 -14 -17 -15 -17 -16 -18 -16 -17 -15 -17 -15 -17]
,,,-80,0,0,0,0,0,0,0,0,0,0,-92,0,6,1722359570084,0,0,0,0,1722359570084,124,[15 -11 14 -11 12 -10 11 -10 13 10 -10 9 -10 7 -10 6 -11 5 -11 3 -12 3 -12 3 -13 3 -13 3 -13 3 -14 4 -14 4 -13 5 -13 5 -11 5 -11 5 -9 5 -8 4 -7 4 -6 3 -6 0 0 0 0 0 0 0 0 0 0 0 0 0 0 0 0 0 0 0 0 0 0 11 -13 12 -12 12 -12 12 -11 13 -12 14 -11 14 -11 15 -11 16 -11 16 -11 17 -11 16 -11 17 -11 16 -11 16 -11 17 -11 16 -12 16 -12 16 -12 16 -13 16 -14 16 -13 16 -14 17 -15 17 -14 16]
,,,-80,0,0,0,0,0,0,0,0,0,0,-92,0,6,1722359570103,0,0,0,0,1722359570103,124,[12 -15 12 -15 13 10 -14 9 -13 7 -13 6 -12 4 -12 3 -12 3 -12 2 -12 1 -13 0 -13 0 -13 0 -13 0 -15 1 -14 2 -14 2 -13 3 -12 3 -11 3 -9 3 -7 3 -6 3 -6 2 -4 0 0 0 0 0 0 0 0 0 0 0 0 0 0 0 0 0 0 0 0 0 0 7 -15 9 -15 9 -14 13 10 -14 13 10 -14 11 -15 11 -15 12 -15 12 -14 12 -14 13 -14 13 -14 13 -14 13 -14 12 -15 12 -15 12 -16 12 -16 12 -17 11 -17 13 10 -18 11 -18 11 -18 12 -19]
,,,-80,0,0,0,0,0,0,0,0,0,0,-92,0,6,1722359570124,0,0,0,0,1722359570124,124,[-3 19 -3 19 -2 17 -3 16 -1 15 -1 14 0 13 1 12 2 12 3 12 3 12 4 12 4 12 5 12 5 13 4 13 3 14 2 13 1 13 0 12 -1 13 10 -2 9 -3 8 -3 7 -3 6 0 0 0 0 0 0 0 0 0 0 0 0 0 0 0 0 0 0 0 0 0 0 -2 16 -3 17 -4 16 -4 16 -5 17 -6 17 -6 18 -7 17 -7 18 -8 17 -8 17 -8 16 -8 16 -7 16 -6 16 -6 17 -5 17 -4 17 -4 18 -3 18 -2 18 -2 19 -2 19 -2 21 -2 21 -2]
,,,-80,0,0,0,0,0,0,0,0,0,0,-92,0,6,1722359570141,0,0,0,0,1722359570141,124,[-18 8 -17 7 -16 7 -15 7 -14 7 -13 6 -12 7 -11 7 -10 8 -9 9 -9 9 -9 13 10 -9 13 10 -9 13 10 -9 13 10 -10 13 10 -10 9 -11 8 -10 7 -10 6 -10 4 -9 4 -9 3 -7 3 -7 2 0 0 0 0 0 0 0 0 0 0 0 0 0 0 0 0 0 0 0 0 0 0 -14 9 -15 7 -16 7 -16 6 -16 6 -17 6 -18 5 -18 5 -18 4 -18 4 -18 4 -18 4 -18 5 -17 4 -17 5 -17 5 -17 5 -17 6 -17 7 -17 7 -17 8 -17 9 -17 9 -18]
,,,-80,0,0,0,0,0,0,0,0,0,0,-92,0,6,1722359570162,0,0,0,0,1722359570162,124,[-20 -16 -19 -16 -17 -14 -17 -13 -16 -11 -15 -10 -15 -9 -15 -8 -15 -6 -16 -6 -16 -5 -17 -4 -17 -4 -17 -4 -17 -4 -16 -5 -16 -6 -15 -7 -13 -7 -12 -7 -11 -7 -9 -6 -8 -5 -7 -4 -7 -3 0 0 0 0 0 0 0 0 0 0 0 0 0 0 0 0 0 0 0 0 0 0 -22 -10 -21 -12 -20 -12 -20 -13 -19 -13 -20 -15 -19 -16 -19 -17 -19 -17 -18 -17 -19 -17 -18 -17 -18 -17 -19 -17 -19 -16 -19 -16 -20 -16 -19 -15 -21 -15 -21 -15 -21 -15 -22 -15 -23 -15 -23 -16 -23 -16 -23 -16]
,,,-80,0,0,0,0,0,0,0,0,0,0,-92,0,6,1722359570182,0,0,0,0,1722359570182,124,[13 10 -15 13 10 -14 9 -13 8 -12 7 -11 6 -10 5 -10 3 -10 3 -10 1 -10 0 -10 0 -10 0 -10 0 -10 0 -10 0 -10 1 -10 1 -9 1 -8 1 -7 1 -5 0 -4 0 -4 -1 -3 -2 -3 0 0 0 0 0 0 0 0 0 0 0 0 0 0 0 0 0 0 0 0 0 0 7 -18 8 -17 9 -16 9 -16 9 -16 13 10 -16 11 -16 12 -16 12 -16 13 -16 12 -16 12 -16 13 -16 12 -16 12 -16 12 -17 11 -16 11 -16 11 -17 11 -17 11 -17 11 -18 13 10 -18 11 -18]
,,,-80,0,0,0,0,0,0,0,0,0,0,-92,0,6,1722359570203,0,0,0,0,1722359570203,124,[-16 11 -15 13 10 -15 13 10 -14 9 -12 9 -11 9 -10 9 -8 9 -8 9 -7 9 -7 9 -6 9 -6 9 -6 13 10 -6 13 10 -6 13 10 -7 9 -7 8 -7 7 -7 6 -6 5 -6 4 -6 3 -5 2 -4 1 0 0 0 0 0 0 0 0 0 0 0 0 0 0 0 0 0 0 0 0 0 0 -11 12 -12 11 -13 13 10 -13 9 -14 13 10 -14 13 10 -15 13 10 -15 9 -16 9 -16 9 -16 9 -16 9 -16 9 -16 9 -15 13 10 -16 13 10 -16 11 -16 11 -16 12 -16 13 -15]
,,,-80,0,0,0,0,0,0,0,0,0,0,-92,0,6,1722359570223,0,0,0,0,1722359570223,124,[-7 21 -7 19 -5 18 -5 16 -4 16 -3 15 -3 14 -1 14 -1 14 -1 15 1 14 1 14 2 15 2 15 2 15 1 15 0 15 -1 15 -2 13 -3 13 -3 11 -4 13 10 -4 9 -4 8 -4 7 0 0 0 0 0 0 0 0 0 0 0 0 0 0 0 0 0 0 0 0 0 0 -3 14 -4 14 -4 14 -5 14 -5 15 -6 15 -6 16 -8 16 -8 16 -8 15 -8 16 -8 15 -7 16 -7 16 -6 16 -6 18 -6 18 -6 18 -6 19 -5 19 -5 21 -4 21 -6 22 -6 22 -7 20 -7]
,,,-80,0,0,0,0,0,0,0,0,0,0,-92,0,6,1722359570244,0,0,0,0,1722359570244,124,[16 -23 16 -22 14 -20 13 -19 11 -19 13 10 -18 8 -17 5 -17 5 -18 4 -20 4 -19 3 -20 3 -21 4 -21 4 -22 6 -21 7 -20 9 -19 9 -17 9 -15 9 -12 9 -11 8 -9 7 -8 6 -8 0 0 0 0 0 0 0 0 0 0 0 0 0 0 0 0 0 0 0 0 0 0 13 10 -14 11 -13 13 10 -12 13 10 -12 9 -12 13 10 -13 13 10 -14 11 -14 11 -13 13 10 -13 11 -15 9 -15 9 -16 13 10 -17 9 -18 9 -19 13 10 -20 9 -21 13 10 -23 9 -25 9 -26]
,,,-80,0,0,0,0,0,0,0,0,0,0,-92,0,6,1722359570261,0,0,0,0,1722359570261,124,[3 -31 3 -30 3 -27 3 -26 2 -24 2 -22 0 -21 0 -20 -3 -19 -4 -18 -5 -17 -6 -18 -7 -18 -7 -18 -8 -19 -7 -20 -6 -19 -5 -20 -3 -19 -2 -18 -1 -16 0 -15 1 -13 1 -13 2 -11 0 0 0 0 0 0 0 0 0 0 0 0 0 0 0 0 0 0 0 0 0 0 5 -30 8 -28 9 -27 13 10 -25 13 10 -24 11 -24 12 -24 12 -23 12 -23 12 -21 11 -21 9 -20 8 -20 7 -20 6 -20 5 -21 3 -22 2 -22 1 -24 0 -25 -2 -26 -2 -28 -3 -29 -2 -30 -2 -31]
,,,-80,0,0,0,0,0,0,0,0,0,0,-92,0,6,1722359570282,0,0,0,0,1722359570282,124,[-6 -18 -6 -17 -6 -16 -6 -15 -6 -14 -6 -13 -6 -12 -7 -11 -7 -10 -8 -9 -8 -9 -9 -8 -10 -8 -9 -8 -10 -9 -9 -9 -9 -9 -8 -9 -7 -9 -6 -9 -5 -8 -5 -7 -4 -7 -4 -6 -4 -6 0 0 0 0 0 0 0 0 0 0 0 0 0 0 0 0 0 0 0 0 0 0 -9 -19 -6 -20 -5 -19 -5 -20 -4 -19 -3 -20 -2 -20 -1 -20 -1 -19 0 -19 -1 -19 -1 -18 -1 -18 -2 -17 -2 -17 -3 -17 -4 -17 -4 -17 -5 -17 -6 -17 -7 -17 -7 -17 -7 -17 -8 -18 -8 -18 -8 -19]
,,,-80,0,0,0,0,0,0,0,0,0,0,-92,0,6,1722359570304,0,0,0,0,1722359570304,124,[18 -2 17 -2 16 -2 15 -1 14 -2 13 -3 12 -3 11 -4 13 10 -5 13 10 -5 13 10 -6 13 10 -6 13 10 -7 13 10 -6 13 10 -7 11 -6 11 -5 13 10 -5 13 10 -4 9 -3 8 -2 7 -1 6 -1 5 -1 4 0 0 0 0 0 0 0 0 0 0 0 0 0 0 0 0 0 0 0 0 0 0 0 16 -3 17 -2 17 -1 17 0 17 0 17 1 17 2 17 2 17 3 16 3 16 3 16 3 15 2 16 2 16 1 15 0 16 0 16 -1 16 -1 16 -2 17 -3 18]
,,,-80,0,0,0,0,0,0,0,0,0,0,-92,0,6,1722359570322,0,0,0,0,1722359570322,124,[-4 20 -4 19 -3 19 -3 17 -2 17 -2 16 -1 15 0 15 1 14 2 14 3 14 3 14 3 14 4 15 4 15 3 15 2 15 1 14 0 13 -1 13 -2 11 -2 13 10 -2 9 -3 8 -3 8 0 0 0 0 0 0 0 0 0 0 0 0 0 0 0 0 0 0 0 0 0 0 -1 18 -3 17 -3 17 -4 16 -4 17 -5 18 -6 18 -7 18 -7 18 -8 17 -7 18 -7 17 -7 17 -6 17 -6 17 -5 18 -5 18 -4 18 -4 19 -3 19 -3 19 -2 20 -2 21 -2 22 -2 22 -3]
,,,-80,0,0,0,0,0,0,0,0,0,0,-92,0,6,1722359570342,0,0,0,0,1722359570342,124,[-15 -11 -15 -11 -13 -9 -13 -9 -13 -8 -13 -7 -13 -6 -13 -5 -13 -4 -14 -4 -13 -4 -14 -3 -14 -4 -14 -4 -14 -4 -13 -4 -13 -5 -12 -6 -11 -5 -10 -5 -9 -5 -8 -5 -7 -4 -7 -4 -6 -4 0 0 0 0 0 0 0 0 0 0 0 0 0 0 0 0 0 0 0 0 0 0 -13 -6 -13 -7 -12 -8 -13 -9 -12 -8 -12 -9 -12 -10 -12 -11 -12 -11 -12 -11 -13 -11 -12 -11 -13 -11 -13 -10 -13 -11 -13 -11 -14 -10 -13 -10 -15 -10 -15 -9 -16 -10 -16 -10 -17 -9 -18 -10 -17 -10 -17 -11]
,,,-80,0,0,0,0,0,0,0,0,0,0,-92,0,6,1722359570361,0,0,0,0,1722359570361,124,[28 -15 28 -15 24 -13 23 -12 21 -12 19 -12 17 -13 15 -14 13 -14 12 -16 12 -16 11 -17 12 -17 12 -17 13 -17 13 -15 14 -15 14 -13 14 -11 13 -9 12 -6 13 10 -5 9 -4 7 -3 6 -3 0 0 0 0 0 0 0 0 0 0 0 0 0 0 0 0 0 0 0 0 0 0 19 -12 20 -11 20 -10 20 -10 20 -10 21 -10 22 -10 22 -10 22 -9 22 -9 23 -10 22 -11 23 -11 22 -12 23 -13 22 -13 23 -15 22 -15 24 -17 23 -17 23 -19 24 -20 24 -21 27 -22 28 -22 29]
,,,-80,0,0,0,0,0,0,0,0,0,0,-92,0,6,1722359570383,0,0,0,0,1722359570383,124,[1 -24 2 -23 1 -21 2 -20 2 -19 1 -17 0 -16 -1 -15 -2 -15 -3 -15 -4 -14 -5 -14 -4 -14 -4 -14 -4 -14 -3 -14 -2 -14 -1 -13 0 -12 1 -11 2 -9 2 -8 2 -6 1 -5 1 -4 0 0 0 0 0 0 0 0 0 0 0 0 0 0 0 0 0 0 0 0 0 0 0 -18 2 -18 2 -17 2 -18 2 -17 3 -18 3 -18 4 -18 4 -18 4 -18 3 -18 3 -18 2 -19 2 -19 2 -19 1 -19 0 -20 0 -20 -1 -22 -1 -21 -2 -22 -2 -23 -3 -24 -3 -25 -3 -26 -2 -27]
,,,-80,0,0,0,0,0,0,0,0,0,0,-92,0,6,1722359570406,0,0,0,0,1722359570406,124,[9 -30 9 -29 9 -27 9 -25 8 -23 7 -22 6 -21 4 -20 3 -19 3 -20 2 -19 1 -19 0 -19 0 -19 1 -20 2 -19 3 -20 4 -18 5 -17 6 -15 7 -12 7 -10 7 -8 6 -6 5 -5 0 0 0 0 0 0 0 0 0 0 0 0 0 0 0 0 0 0 0 0 0 0 9 -23 11 -22 11 -21 12 -21 12 -20 13 -20 14 -20 14 -19 13 -19 13 -18 13 -19 12 -19 11 -19 13 10 -19 9 -20 8 -21 7 -22 7 -23 6 -24 5 -25 5 -27 4 -28 5 -29 5 -31 6 -31 7]
,,,-80,0,0,0,0,0,0,0,0,0,0,-92,0,6,1722359570422,0,0,0,0,1722359570422,124,[12 -19 12 -18 12 -18 11 -16 13 10 -16 9 -15 8 -15 7 -15 6 -15 5 -15 5 -15 4 -15 4 -15 4 -16 4 -16 6 -15 6 -15 6 -14 7 -13 7 -12 7 -10 7 -8 7 -7 6 -6 6 -5 0 0 0 0 0 0 0 0 0 0 0 0 0 0 0 0 0 0 0 0 0 0 11 -17 12 -15 13 -15 13 -14 14 -13 14 -13 15 -12 15 -12 16 -12 15 -11 15 -11 14 -11 13 -11 13 -12 12 -12 12 -13 11 -14 11 -14 11 -16 13 10 -16 11 -17 13 10 -18 11 -19 11 -20 12]
,,,-80,0,0,0,0,0,0,0,0,0,0,-92,0,6,1722359570445,0,0,0,0,1722359570445,124,[11 -26 11 -25 13 10 -24 9 -23 8 -22 7 -21 5 -21 4 -20 4 -20 3 -20 1 -20 1 -20 1 -20 1 -20 1 -21 2 -20 3 -20 4 -19 4 -17 4 -16 5 -14 6 -12 5 -10 5 -9 4 -9 0 0 0 0 0 0 0 0 0 0 0 0 0 0 0 0 0 0 0 0 0 0 9 -23 11 -22 12 -22 13 -21 14 -21 15 -21 16 -20 16 -19 17 -19 17 -18 17 -18 16 -18 15 -18 15 -18 13 -19 13 -19 12 -20 11 -21 11 -22 13 10 -23 9 -24 9 -26 9 -26 13 10 -27 13]
,,,-80,0,0,0,0,0,0,0,0,0,0,-92,0,6,1722359570464,0,0,0,0,1722359570464,124,[30 -14 29 -13 29 -13 27 -13 26 -13 24 -13 22 -14 20 -15 20 -16 19 -17 19 -16 19 -17 19 -17 19 -18 19 -17 20 -15 21 -14 20 -13 20 -11 19 -9 17 -6 16 -4 15 -3 12 -3 11 -3 0 0 0 0 0 0 0 0 0 0 0 0 0 0 0 0 0 0 0 0 0 0 26 -13 27 -10 28 -9 27 -7 28 -6 29 -5 29 -4 30 -3 28 -3 28 -2 28 -1 26 -1 26 -2 26 -3 24 -5 25 -6 24 -7 24 -9 24 -10 25 -12 25 -14 26 -15 27 -16 29 -17 29 -17 30 -17]
,,,-80,0,0,0,0,0,0,0,0,0,0,-92,0,6,1722359570490,0,0,0,0,1722359570490,124,[-19 -6 -18 -5 -17 -5 -16 -5 -16 -3 -15 -3 -15 -2 -14 -1 -14 -1 -14 0 -14 1 -14 1 -15 1 -14 1 -14 1 -14 0 -14 -1 -13 -2 -12 -2 -10 -2 -9 -3 -8 -3 -7 -3 -6 -2 -5 -2 0 0 0 0 0 0 0 0 0 0 0 0 0 0 0 0 0 0 0 0 0 0 -19 -5 -18 -7 -18 -8 -17 -9 -16 -9 -16 -10 -16 -11 -15 -11 -15 -11 -15 -11 -14 -11 -14 -10 -14 -10 -14 -9 -14 -8 -15 -8 -15 -7 -15 -7 -16 -6 -16 -5 -17 -5 -18 -5 -19 -4 -20 -4 -20 -4 -20 -5]
,,,-80,0,0,0,0,0,0,0,0,0,0,-92,0,6,1722359570509,0,0,0,0,1722359570509,124,[13 -23 13 -23 11 -21 11 -19 9 -19 7 -19 6 -18 4 -18 4 -18 3 -19 2 -19 2 -19 2 -20 3 -20 4 -20 5 -18 6 -18 6 -16 6 -14 7 -13 6 -10 5 -8 4 -6 3 -6 2 -6 0 0 0 0 0 0 0 0 0 0 0 0 0 0 0 0 0 0 0 0 0 0 13 -23 15 -21 16 -20 16 -19 16 -18 17 -17 17 -16 17 -16 17 -15 17 -15 16 -15 14 -15 14 -15 13 -16 12 -17 12 -17 11 -19 13 10 -20 13 10 -21 13 10 -22 9 -24 13 10 -25 13 10 -25 11]
,,,-80,0,0,0,0,0,0,0,0,0,0,-92,0,6,1722359570525,0,0,0,0,1722359570525,124,[-8 22 -8 20 -7 19 -7 17 -5 16 -5 15 -3 14 -2 14 -1 14 0 14 1 13 1 14 1 14 1 15 1 14 -1 14 -1 13 -3 12 -3 11 -4 9 -4 6 -3 5 -2 3 -1 2 0 2 0 0 0 0 0 0 0 0 0 0 0 0 0 0 0 0 0 0 0 0 0 0 -11 20 -13 18 -14 16 -14 15 -14 14 -15 13 -15 13 -14 12 -14 12 -13 11 -12 11 -10 11 -9 11 -8 12 -7 13 -7 14 -6 15 -5 16 -4 17 -4 18 -3 20 -4 21 -4 23 -4 23 -4 24 -6 24]
,,,-80,0,0,0,0,0,0,0,0,0,0,-92,0,6,1722359570547,0,0,0,0,1722359570547,124,[-22 -21 -21 -21 -19 -19 -19 -19 -18 -17 -17 -16 -16 -14 -17 -12 -16 -10 -18 -10 -17 -9 -18 -7 -19 -8 -18 -7 -19 -9 -17 -8 -17 -10 -15 -10 -13 -10 -11 -10 -9 -9 -8 -8 -7 -7 -5 -6 -5 -4 0 0 0 0 0 0 0 0 0 0 0 0 0 0 0 0 0 0 0 0 0 0 -21 -24 -18 -26 -15 -26 -14 -26 -12 -25 -11 -27 -10 -26 -9 -26 -8 -25 -8 -24 -9 -24 -9 -22 -10 -20 -11 -19 -12 -19 -13 -18 -15 -18 -16 -17 -18 -17 -19 -17 -21 -17 -22 -17 -24 -17 -25 -19 -25 -19 -26 -21]
,,,-80,0,0,0,0,0,0,0,0,0,0,-92,0,6,1722359570562,0,0,0,0,1722359570562,124,[2 -27 3 -27 3 -24 3 -24 3 -22 2 -22 1 -20 0 -19 0 -18 -2 -18 -2 -18 -3 -17 -3 -17 -3 -16 -3 -17 -2 -16 -2 -16 -2 -15 0 -14 0 -13 1 -11 0 -10 0 -9 0 -8 -1 -7 0 0 0 0 0 0 0 0 0 0 0 0 0 0 0 0 0 0 0 0 0 0 0 -25 3 -25 4 -23 5 -23 6 -22 7 -23 7 -22 8 -22 8 -21 8 -21 7 -20 6 -21 6 -20 4 -20 4 -21 3 -21 2 -22 1 -22 1 -24 0 -24 0 -25 -1 -26 -1 -26 -1 -29 -1 -29 0 -30]
,,,-80,0,0,0,0,0,0,0,0,0,0,-92,0,6,1722359570590,0,0,0,0,1722359570590,124,[0 26 0 26 0 24 -1 22 1 21 1 19 2 18 3 17 4 16 4 16 5 15 5 15 6 15 6 14 6 15 6 14 5 14 4 13 3 12 3 12 2 13 10 2 9 2 8 2 7 2 7 0 0 0 0 0 0 0 0 0 0 0 0 0 0 0 0 0 0 0 0 0 0 4 24 1 24 0 23 -1 24 -2 23 -4 24 -4 24 -4 23 -6 23 -6 22 -6 22 -5 21 -4 21 -4 21 -3 21 -2 21 0 22 1 21 2 23 3 23 4 24 4 25 4 26 4 28 4 29 3]
,,,-80,0,0,0,0,0,0,0,0,0,0,-92,0,6,1722359570602,0,0,0,0,1722359570602,124,[-33 0 -32 0 -30 0 -28 0 -26 0 -24 1 -22 2 -21 4 -20 6 -20 7 -20 7 -19 8 -20 9 -20 9 -19 9 -21 8 -20 7 -20 5 -18 4 -18 3 -16 1 -15 1 -13 0 -11 1 -10 1 0 0 0 0 0 0 0 0 0 0 0 0 0 0 0 0 0 0 0 0 0 0 -31 2 -30 -1 -31 -3 -30 -4 -30 -4 -30 -6 -30 -7 -29 -8 -28 -8 -28 -9 -28 -8 -27 -7 -27 -6 -26 -5 -27 -4 -27 -3 -28 -1 -27 0 -28 1 -29 3 -30 4 -31 4 -33 5 -35 5 -35 5 -36 4]
,,,-80,0,0,0,0,0,0,0,0,0,0,-92,0,6,1722359570647,0,0,0,0,1722359570647,124,[5 26 4 25 4 24 4 22 3 20 4 18 5 17 6 15 8 15 9 14 9 13 9 13 13 10 14 11 14 13 10 15 13 10 15 9 16 7 16 5 15 3 15 1 13 0 12 0 13 10 -1 9 -2 8 0 0 0 0 0 0 0 0 0 0 0 0 0 0 0 0 0 0 0 0 0 0 5 18 4 19 3 18 3 18 3 18 3 19 2 20 2 20 2 20 2 21 2 21 2 21 3 20 3 20 4 21 5 21 5 21 7 22 7 23 8 24 8 24 13 10 25 9 26 13]
,,,-80,0,0,0,0,0,0,0,0,0,0,-92,0,6,1722359570663,0,0,0,0,1722359570663,124,[-10 20 -10 18 -9 16 -7 15 -6 14 -5 13 -3 13 -1 12 0 12 1 13 1 13 2 13 2 14 2 15 2 15 1 15 0 14 -1 14 -2 13 -3 12 -3 13 10 -4 8 -3 7 -3 6 -3 5 0 0 0 0 0 0 0 0 0 0 0 0 0 0 0 0 0 0 0 0 0 0 -5 15 -6 14 -6 14 -6 13 -7 14 -7 14 -7 15 -8 16 -8 16 -9 16 -9 17 -9 16 -9 17 -8 17 -8 17 -8 18 -7 18 -7 19 -7 19 -6 20 -7 21 -6 22 -8 24 -8 24 -8 24 -10]
,,,-80,0,0,0,0,0,0,0,0,0,0,-92,0,6,1722359570682,0,0,0,0,1722359570682,124,[4 24 4 23 4 20 4 19 6 16 7 14 8 13 9 12 11 11 13 11 13 11 14 11 15 12 15 13 15 14 14 14 13 15 11 15 8 15 6 14 4 12 4 11 3 13 10 3 8 2 7 0 0 0 0 0 0 0 0 0 0 0 0 0 0 0 0 0 0 0 0 0 0 8 20 6 21 5 20 5 20 5 20 5 22 4 23 3 23 4 23 3 23 3 24 3 24 4 24 4 24 4 24 5 24 5 24 6 23 7 24 8 25 9 26 9 27 9 27 13 10 28 9 29]
,,,-80,0,0,0,0,0,0,0,0,0,0,-92,0,6,1722359570702,0,0,0,0,1722359570702,124,[15 -12 14 -12 13 -11 11 -10 13 10 -10 9 -10 8 -11 7 -11 6 -12 5 -12 5 -12 5 -13 5 -13 6 -13 6 -13 7 -12 8 -12 8 -11 8 -9 8 -7 8 -5 7 -4 7 -3 5 -2 5 -1 0 0 0 0 0 0 0 0 0 0 0 0 0 0 0 0 0 0 0 0 0 0 13 -10 14 -9 14 -9 14 -8 14 -8 15 -8 15 -7 15 -7 15 -7 15 -8 15 -8 15 -8 15 -8 14 -9 14 -9 14 -9 14 -10 14 -11 13 -11 13 -12 13 -13 14 -14 14 -15 15 -15 15 -16 15]
,,,-80,0,0,0,0,0,0,0,0,0,0,-92,0,6,1722359570755,0,0,0,0,1722359570755,124,[-11 14 -11 14 -9 13 -8 12 -6 12 -5 12 -4 11 -3 11 -2 11 -1 12 -1 12 0 12 0 13 1 13 0 14 -1 14 -2 15 -3 15 -4 13 -5 13 -6 11 -7 9 -8 8 -8 6 -8 4 0 0 0 0 0 0 0 0 0 0 0 0 0 0 0 0 0 0 0 0 0 0 -12 13 -14 12 -14 11 -14 11 -14 11 -15 11 -15 11 -15 13 10 -15 13 10 -15 13 10 -15 13 10 -15 9 -14 13 10 -13 13 10 -13 11 -12 11 -12 12 -11 12 -11 13 -9 14 -9 15 -9 16 -10 16]
,,,-80,0,0,0,0,0,0,0,0,0,0,-92,0,6,1722359570767,0,0,0,0,1722359570767,124,[-29 16 -27 16 -24 14 -23 14 -20 15 -17 15 -15 15 -13 16 -11 16 -11 18 -10 19 -9 20 -10 21 -9 21 -10 23 -12 23 -14 23 -15 21 -16 19 -18 17 -18 12 -18 13 10 -18 7 -17 5 -16 2 0 0 0 0 0 0 0 0 0 0 0 0 0 0 0 0 0 0 0 0 0 0 -30 13 -32 11 -30 9 -32 8 -31 7 -32 7 -32 6 -32 6 -32 5 -32 5 -31 5 -30 5 -30 6 -29 7 -29 8 -28 9 -28 11 -27 12 -27 14 -27 15 -27 17 -27 18 -27 20 -29 21 -29 21 -29]
,,,-80,0,0,0,0,0,0,0,0,0,0,-92,0,6,1722359570778,0,0,0,0,1722359570778,124,[-21 1 -20 1 -18 1 -17 1 -16 2 -14 2 -13 3 -12 4 -12 6 -12 7 -11 7 -12 8 -12 8 -12 9 -12 9 -13 9 -14 8 -14 7 -14 5 -15 4 -14 2 -13 0 -13 -1 -11 -2 -10 -3 0 0 0 0 0 0 0 0 0 0 0 0 0 0 0 0 0 0 0 0 0 0 -19 0 -19 -2 -19 -2 -19 -3 -18 -3 -19 -4 -19 -4 -19 -5 -19 -5 -19 -5 -19 -5 -19 -5 -18 -4 -18 -3 -18 -3 -19 -2 -18 -1 -19 -1 -19 0 -20 1 -20 2 -21 2 -21 3 -22 3 -23 3 -22 3]
,,,-80,0,0,0,0,0,0,0,0,0,0,-92,0,6,1722359570789,0,0,0,0,1722359570789,124,[-15 -24 -15 -24 -14 -22 -13 -20 -13 -19 -12 -18 -12 -16 -13 -14 -14 -13 -15 -11 -15 -11 -16 -10 -17 -10 -16 -10 -17 -11 -16 -11 -16 -13 -14 -13 -12 -14 -11 -14 -9 -13 -8 -13 -6 -13 -4 -12 -2 -11 0 0 0 0 0 0 0 0 0 0 0 0 0 0 0 0 0 0 0 0 0 0 -13 -18 -12 -20 -11 -20 -11 -20 -10 -21 -10 -22 -9 -23 -9 -23 -9 -24 -9 -22 -9 -23 -10 -23 -10 -22 -11 -22 -11 -22 -12 -22 -13 -22 -13 -21 -15 -23 -16 -22 -17 -22 -18 -23 -19 -23 -20 -23 -20 -24 -20 -25]
,,,-80,0,0,0,0,0,0,0,0,0,0,-92,0,6,1722359570829,0,0,0,0,1722359570829,124,[-15 -12 -15 -12 -13 -10 -13 -9 -13 -8 -13 -7 -13 -7 -13 -5 -13 -4 -13 -4 -13 -3 -14 -3 -14 -2 -14 -2 -15 -3 -14 -3 -14 -4 -13 -5 -12 -6 -11 -6 -10 -7 -8 -6 -7 -7 -5 -7 -4 -6 0 0 0 0 0 0 0 0 0 0 0 0 0 0 0 0 0 0 0 0 0 0 -14 -14 -12 -15 -11 -15 -11 -16 -10 -16 -10 -16 -9 -17 -9 -17 -9 -17 -8 -16 -8 -17 -8 -16 -8 -15 -8 -15 -9 -14 -9 -14 -11 -13 -11 -12 -12 -12 -13 -11 -14 -11 -15 -11 -15 -11 -16 -12 -17 -12 -17 -12]
,,,-80,0,0,0,0,0,0,0,0,0,0,-92,0,6,1722359570841,0,0,0,0,1722359570841,124,[18 7 18 7 17 6 16 5 16 5 15 3 15 3 14 1 14 0 14 -1 14 -1 14 -2 15 -2 15 -3 16 -3 16 -1 15 0 15 1 14 2 13 3 11 3 13 10 4 9 4 7 4 5 4 0 0 0 0 0 0 0 0 0 0 0 0 0 0 0 0 0 0 0 0 0 0 18 13 10 17 12 15 12 15 13 15 13 14 14 14 15 13 15 13 15 12 15 12 15 12 14 12 14 12 13 13 12 13 11 14 13 10 14 9 15 9 16 8 17 8 18 7 19 7 20 7 20]
,,,-80,0,0,0,0,0,0,0,0,0,0,-92,0,6,1722359570853,0,0,0,0,1722359570853,124,[-18 5 -17 5 -16 5 -14 5 -13 5 -12 5 -11 5 -10 6 -9 6 -9 7 -9 7 -8 8 -9 8 -8 9 -8 9 -9 8 -9 8 -10 7 -9 5 -9 5 -9 3 -8 2 -8 2 -6 1 -6 1 0 0 0 0 0 0 0 0 0 0 0 0 0 0 0 0 0 0 0 0 0 0 -18 8 -18 6 -19 5 -19 4 -18 4 -19 3 -19 2 -19 2 -19 2 -19 1 -19 1 -19 1 -18 1 -17 1 -17 1 -17 2 -17 3 -16 4 -16 4 -16 6 -16 6 -17 7 -17 8 -18 8 -18 8 -19 8]
,,,-80,0,0,0,0,0,0,0,0,0,0,-92,0,6,1722359570864,0,0,0,0,1722359570864,124,[12 -16 12 -15 11 -14 13 10 -12 8 -12 8 -11 6 -10 4 -10 3 -10 2 -10 1 -10 0 -10 0 -11 -1 -11 0 -11 0 -11 1 -11 2 -10 2 -10 2 -9 2 -7 2 -7 2 -6 1 -5 0 -5 0 0 0 0 0 0 0 0 0 0 0 0 0 0 0 0 0 0 0 0 0 0 7 -18 9 -17 9 -17 13 10 -16 13 10 -16 11 -16 12 -16 12 -15 13 -15 13 -15 13 -15 13 -15 13 -15 13 -15 12 -15 11 -15 11 -16 11 -16 13 10 -17 13 10 -18 13 10 -18 11 -19 11 -20]
,,,-80,0,0,0,0,0,0,0,0,0,0,-92,0,6,1722359570883,0,0,0,0,1722359570883,124,[19 5 19 5 17 4 16 4 15 3 14 2 13 1 12 0 12 -1 12 -2 11 -2 13 10 -3 11 -3 11 -4 11 -4 12 -3 12 -3 11 -2 11 -1 13 10 -1 9 0 8 0 7 0 6 0 6 0 0 0 0 0 0 0 0 0 0 0 0 0 0 0 0 0 0 0 0 0 0 0 16 0 15 2 15 2 15 2 15 2 16 3 16 4 16 4 16 4 16 4 17 4 17 3 17 4 17 3 17 2 18 2 18 2 19 2 19 1 20 1 21 1 22 1 22 1 23 1 23 2]
,,,-80,0,0,0,0,0,0,0,0,0,0,-92,0,6,1722359570914,0,0,0,0,1722359570914,124,[-21 -22 -20 -22 -18 -19 -17 -17 -16 -14 -15 -12 -15 -9 -15 -7 -16 -5 -16 -3 -16 -2 -17 -1 -18 0 -19 1 -20 2 -20 1 -21 -1 -20 -2 -19 -2 -18 -3 -16 -3 -16 -3 -15 -3 -14 -3 -13 -3 0 0 0 0 0 0 0 0 0 0 0 0 0 0 0 0 0 0 0 0 0 0 -28 -18 -26 -20 -25 -21 -25 -21 -23 -22 -23 -24 -22 -24 -21 -25 -21 -25 -20 -26 -20 -25 -20 -25 -20 -25 -21 -23 -21 -22 -22 -22 -24 -22 -24 -21 -25 -22 -26 -21 -27 -21 -28 -22 -28 -22 -28 -23 -28 -24 -26 -24]
,,,-80,0,0,0,0,0,0,0,0,0,0,-92,0,6,1722359570925,0,0,0,0,1722359570925,124,[-25 1 -24 1 -21 2 -19 2 -17 3 -15 4 -13 5 -12 7 -11 8 -10 9 -9 13 10 -8 11 -9 12 -8 13 -9 14 -10 13 -11 13 -11 12 -10 11 -10 13 10 -10 8 -9 7 -9 7 -8 6 -7 6 0 0 0 0 0 0 0 0 0 0 0 0 0 0 0 0 0 0 0 0 0 0 -29 7 -30 4 -29 3 -30 2 -29 1 -30 0 -30 0 -30 -1 -30 -2 -29 -2 -30 -3 -29 -2 -29 -2 -28 -1 -28 0 -28 0 -29 1 -28 2 -29 3 -29 4 -29 5 -30 5 -30 5 -30 5 -30 4]
,,,-80,0,0,0,0,0,0,0,0,0,0,-92,0,6,1722359570948,0,0,0,0,1722359570948,124,[16 -20 15 -18 13 -16 11 -15 13 10 -15 9 -14 6 -14 4 -14 3 -14 2 -14 1 -14 0 -14 -1 -15 -1 -15 -1 -16 0 -16 2 -16 3 -16 4 -14 5 -13 5 -11 6 -8 6 -7 5 -5 5 -3 0 0 0 0 0 0 0 0 0 0 0 0 0 0 0 0 0 0 0 0 0 0 18 -25 19 -23 20 -22 20 -21 21 -21 22 -20 22 -19 23 -19 23 -18 24 -18 24 -18 22 -17 22 -17 21 -17 20 -18 20 -18 20 -18 18 -19 18 -20 17 -20 16 -21 16 -22 15 -23 16 -24 15 -24 16]
,,,-80,0,0,0,0,0,0,0,0,0,0,-92,0,6,1722359571011,0,0,0,0,1722359571011,124,[-15 13 -15 12 -13 11 -12 13 10 -10 8 -9 7 -7 6 -6 7 -5 6 -4 7 -2 6 -2 6 -1 7 0 7 0 7 1 7 0 8 -2 9 -2 8 -3 7 -4 6 -4 5 -4 3 -4 3 -4 1 0 0 0 0 0 0 0 0 0 0 0 0 0 0 0 0 0 0 0 0 0 0 -14 16 -16 15 -16 13 -17 13 -16 12 -17 12 -17 12 -17 12 -18 12 -17 12 -17 13 -17 13 -17 14 -17 14 -17 14 -17 14 -17 15 -16 15 -17 16 -16 15 -16 16 -15 15 -14 16 -15 18 -15 17 -16]
,,,-80,0,0,0,0,0,0,0,0,0,0,-92,0,6,1722359571029,0,0,0,0,1722359571029,124,[-13 27 -13 27 -11 23 -11 21 -10 20 -8 17 -7 16 -6 15 -4 14 -3 13 -2 12 0 11 1 11 2 11 3 11 3 12 3 13 2 13 1 12 0 13 -1 11 -3 13 10 -4 9 -5 8 -6 7 0 0 0 0 0 0 0 0 0 0 0 0 0 0 0 0 0 0 0 0 0 0 -7 29 -11 28 -12 26 -13 26 -12 25 -14 26 -14 25 -14 25 -14 26 -15 25 -14 26 -14 26 -13 27 -13 27 -13 28 -12 28 -12 29 -11 28 -12 30 -10 30 -10 31 -9 31 -9 31 -10 32 -10 32 -10]
,,,-80,0,0,0,0,0,0,0,0,0,0,-92,0,6,1722359571084,0,0,0,0,1722359571084,124,[18 -3 18 -3 16 -3 15 -2 14 -3 12 -3 11 -3 13 10 -4 8 -5 8 -6 7 -6 7 -6 7 -7 6 -7 7 -8 7 -7 8 -7 8 -7 7 -5 7 -5 6 -3 6 -2 5 -2 4 -1 3 -1 0 0 0 0 0 0 0 0 0 0 0 0 0 0 0 0 0 0 0 0 0 0 19 -8 20 -6 19 -5 20 -4 19 -3 21 -2 20 -1 20 -1 20 -1 20 -1 21 -1 20 -1 20 -1 20 -1 20 -2 19 -2 20 -2 19 -3 20 -3 20 -4 20 -5 20 -5 20 -5 21 -6 21 -6 21]
,,,-80,0,0,0,0,0,0,0,0,0,0,-92,0,6,1722359571102,0,0,0,0,1722359571102,124,[-3 18 -3 17 -2 15 -2 14 -1 13 -1 12 1 11 1 13 10 2 13 10 3 13 10 4 9 4 9 5 9 5 9 5 13 10 5 13 10 5 13 10 4 11 3 13 10 2 13 10 1 9 0 8 0 7 -1 7 -1 6 0 0 0 0 0 0 0 0 0 0 0 0 0 0 0 0 0 0 0 0 0 0 0 18 -2 18 -3 18 -4 18 -4 18 -5 18 -6 18 -6 18 -7 18 -7 18 -7 17 -6 17 -6 18 -5 17 -5 18 -5 18 -5 18 -4 18 -4 18 -3 18 -3 19 -2 19]
,,,-80,0,0,0,0,0,0,0,0,0,0,-92,0,6,1722359571126,0,0,0,0,1722359571126,124,[-14 -16 -13 -15 -12 -14 -12 -13 -11 -11 -11 -10 -10 -9 -10 -7 -10 -6 -11 -6 -10 -5 -11 -4 -11 -4 -11 -3 -11 -3 -12 -3 -11 -3 -12 -4 -10 -4 -9 -4 -8 -4 -8 -4 -7 -5 -5 -4 -5 -4 0 0 0 0 0 0 0 0 0 0 0 0 0 0 0 0 0 0 0 0 0 0 -18 -15 -16 -16 -15 -18 -14 -18 -13 -19 -13 -20 -13 -20 -12 -20 -11 -20 -11 -21 -10 -21 -10 -20 -10 -20 -11 -19 -11 -18 -12 -18 -13 -17 -13 -17 -14 -17 -15 -16 -15 -16 -16 -16 -16 -16 -16 -17 -16 -17 -16 -17]
,,,-80,0,0,0,0,0,0,0,0,0,0,-92,0,6,1722359571206,0,0,0,0,1722359571206,124,[11 -18 13 10 -17 13 10 -16 8 -16 7 -15 6 -15 5 -14 3 -14 2 -14 2 -14 1 -14 0 -14 0 -15 -1 -15 -1 -15 0 -15 1 -15 1 -15 2 -14 3 -14 3 -12 4 -11 5 -10 5 -9 5 -8 0 0 0 0 0 0 0 0 0 0 0 0 0 0 0 0 0 0 0 0 0 0 8 -19 9 -18 11 -18 11 -18 12 -17 13 -17 14 -17 14 -17 15 -17 15 -16 16 -17 15 -16 15 -17 15 -16 14 -16 15 -17 14 -17 13 -17 13 -18 13 -19 12 -19 12 -19 12 -20 12 -20 12 -20]
,,,-80,0,0,0,0,0,0,0,0,0,0,-92,0,6,1722359571217,0,0,0,0,1722359571217,124,[7 -19 8 -19 7 -18 6 -17 4 -16 3 -15 3 -15 1 -14 0 -14 -1 -14 -1 -14 -2 -14 -2 -15 -3 -14 -3 -15 -2 -14 -2 -15 -1 -15 0 -14 0 -14 2 -12 2 -11 3 -10 3 -10 4 -9 0 0 0 0 0 0 0 0 0 0 0 0 0 0 0 0 0 0 0 0 0 0 4 -20 6 -20 7 -19 8 -19 9 -19 13 10 -19 13 10 -19 11 -19 12 -19 12 -19 12 -19 12 -19 12 -19 12 -19 12 -19 11 -19 11 -20 13 10 -19 13 10 -20 9 -20 9 -21 9 -22 8 -21 9 -22]
,,,-80,0,0,0,0,0,0,0,0,0,0,-92,0,6,1722359571229,0,0,0,0,1722359571229,124,[18 6 18 6 16 5 15 5 15 4 14 3 13 2 13 1 13 0 13 -1 12 -1 12 -1 12 -1 12 -1 12 -2 12 -1 12 -1 11 0 13 10 1 13 10 1 9 2 8 2 7 2 6 2 5 3 0 0 0 0 0 0 0 0 0 0 0 0 0 0 0 0 0 0 0 0 0 0 18 2 17 4 17 5 17 6 17 7 18 8 17 9 18 9 17 13 10 17 9 18 9 17 9 18 9 18 9 17 9 18 8 18 8 18 8 19 8 18 8 19 7 19 7 20 6 21 6 20]
,,,-80,0,0,0,0,0,0,0,0,0,0,-92,0,6,1722359571251,0,0,0,0,1722359571251,124,[-8 -21 -8 -20 -7 -19 -7 -17 -7 -16 -8 -15 -8 -14 -9 -12 -9 -11 -10 -11 -10 -11 -10 -10 -11 -10 -10 -9 -11 -10 -10 -9 -10 -10 -9 -10 -8 -9 -7 -9 -6 -8 -6 -7 -5 -7 -4 -6 -4 -6 0 0 0 0 0 0 0 0 0 0 0 0 0 0 0 0 0 0 0 0 0 0 -12 -19 -11 -20 -10 -20 -9 -21 -8 -21 -7 -23 -6 -23 -6 -23 -5 -24 -5 -24 -4 -24 -4 -23 -5 -23 -5 -23 -5 -23 -6 -23 -6 -22 -7 -22 -7 -23 -8 -22 -9 -22 -9 -23 -10 -23 -10 -24 -10 -23 -9 -24]
,,,-80,0,0,0,0,0,0,0,0,0,0,-92,0,6,1722359571263,0,0,0,0,1722359571263,124,[23 -1 21 -1 20 -2 19 -2 18 -2 16 -3 16 -4 14 -5 14 -6 14 -8 13 -8 12 -8 13 -8 13 -9 13 -9 14 -8 13 -7 13 -7 12 -5 11 -5 13 10 -4 13 10 -3 9 -3 8 -3 7 -3 0 0 0 0 0 0 0 0 0 0 0 0 0 0 0 0 0 0 0 0 0 0 22 -8 22 -5 23 -4 23 -3 23 -2 24 -1 25 1 25 2 25 2 25 3 25 3 24 3 25 2 24 2 24 2 24 1 24 0 24 0 24 0 25 0 25 -1 25 -1 25 -2 26 -2 26 -2]
,,,-80,0,0,0,0,0,0,0,0,0,0,-92,0,6,1722359571282,0,0,0,0,1722359571282,124,[-27 15 -26 15 -25 15 -23 14 -21 14 -19 14 -18 15 -16 15 -16 16 -16 16 -15 15 -13 15 -14 16 -13 17 -13 16 -15 15 -15 14 -14 12 -14 11 -13 13 10 -12 7 -12 5 -11 4 -9 4 -9 3 0 0 0 0 0 0 0 0 0 0 0 0 0 0 0 0 0 0 0 0 0 0 -22 18 -24 16 -25 14 -26 14 -26 13 -27 12 -28 12 -28 11 -28 12 -29 13 10 -29 13 10 -29 13 10 -29 13 10 -28 11 -27 12 -28 13 -28 14 -27 14 -28 16 -28 17 -28 18 -28 19 -29 18 -30]
,,,-80,0,0,0,0,0,0,0,0,0,0,-92,0,6,1722359571303,0,0,0,0,1722359571303,124,[18 -12 18 -11 16 -11 15 -11 14 -10 13 -10 12 -10 11 -10 13 10 -11 9 -12 8 -11 8 -11 8 -12 8 -11 9 -12 9 -10 9 -10 9 -9 9 -8 9 -7 8 -5 8 -4 7 -3 6 -3 6 -2 0 0 0 0 0 0 0 0 0 0 0 0 0 0 0 0 0 0 0 0 0 0 13 -13 15 -12 15 -11 16 -11 16 -10 17 -10 17 -9 17 -9 17 -9 17 -9 17 -10 17 -10 17 -10 16 -10 17 -10 17 -11 18 -11 17 -12 18 -13 17 -13 18 -13 18 -14 18 -15 18 -15 19 -16 19]
,,,-80,0,0,0,0,0,0,0,0,0,0,-92,0,6,1722359571359,0,0,0,0,1722359571359,124,[18 13 10 18 13 10 16 8 16 8 16 7 14 6 14 5 14 4 14 3 14 3 13 2 13 2 14 2 13 2 13 3 12 3 12 4 11 4 13 10 4 9 4 7 4 6 4 5 4 4 3 3 3 0 0 0 0 0 0 0 0 0 0 0 0 0 0 0 0 0 0 0 0 0 0 17 7 16 8 16 8 15 9 15 13 10 15 11 15 11 15 12 15 12 14 12 15 12 15 12 15 12 15 12 15 11 15 11 16 11 16 13 10 17 11 18 13 10 18 13 10 19 9 19]
,,,-80,0,0,0,0,0,0,0,0,0,0,-92,0,6,1722359571371,0,0,0,0,1722359571371,124,[-32 8 -33 9 -29 9 -28 8 -27 9 -25 9 -24 9 -23 13 10 -22 11 -21 12 -21 11 -20 12 -21 12 -20 11 -20 11 -20 13 10 -20 9 -19 7 -18 5 -16 4 -15 2 -13 2 -12 1 -10 1 -10 1 0 0 0 0 0 0 0 0 0 0 0 0 0 0 0 0 0 0 0 0 0 0 -27 11 -29 8 -28 6 -29 6 -29 5 -31 4 -30 3 -30 3 -30 3 -30 2 -31 3 -30 3 -30 3 -30 4 -31 4 -30 5 -31 6 -30 7 -32 8 -31 9 -31 13 10 -32 11 -32 11 -34 11 -34]
,,,-80,0,0,0,0,0,0,0,0,0,0,-92,0,6,1722359571391,0,0,0,0,1722359571391,124,[20 -3 19 -3 18 -3 17 -3 16 -4 15 -4 14 -5 14 -6 13 -6 13 -7 12 -7 12 -8 12 -8 12 -7 12 -8 12 -7 12 -7 12 -6 11 -5 13 10 -4 9 -4 8 -3 8 -3 7 -3 7 -3 0 0 0 0 0 0 0 0 0 0 0 0 0 0 0 0 0 0 0 0 0 0 20 -8 20 -6 20 -5 21 -3 20 -2 21 -2 21 -1 21 -1 21 0 21 0 21 0 21 -1 21 -1 21 -1 21 -1 21 -1 21 -2 21 -2 22 -2 21 -3 22 -4 22 -4 22 -5 23 -4 23 -4 23]
,,,-80,0,0,0,0,0,0,0,0,0,0,-92,0,6,1722359571433,0,0,0,0,1722359571433,124,[-17 12 -17 12 -15 11 -15 13 10 -14 13 10 -13 9 -12 9 -11 13 10 -9 9 -9 13 10 -8 13 10 -8 13 10 -8 13 10 -7 13 10 -7 13 10 -8 9 -8 9 -8 8 -8 7 -7 6 -7 4 -6 3 -6 3 -5 3 -4 2 0 0 0 0 0 0 0 0 0 0 0 0 0 0 0 0 0 0 0 0 0 0 -13 14 -14 13 -14 12 -15 12 -15 11 -16 11 -17 11 -17 11 -17 13 10 -17 13 10 -17 11 -17 11 -17 11 -17 11 -17 11 -17 12 -17 12 -17 12 -17 13 -17 13 -17]
,,,-80,0,0,0,0,0,0,0,0,0,0,-92,0,6,1722359571444,0,0,0,0,1722359571444,124,[9 18 9 18 9 16 8 15 8 14 8 13 8 12 9 13 10 9 13 10 9 9 9 9 9 8 13 10 8 9 8 9 8 8 8 8 9 7 8 6 8 5 8 4 7 3 6 3 5 2 5 1 4 0 0 0 0 0 0 0 0 0 0 0 0 0 0 0 0 0 0 0 0 0 0 11 13 13 10 15 8 14 8 15 7 14 8 15 7 16 7 16 7 16 7 16 7 17 8 16 8 16 8 17 8 17 8 16 13 10 17 13 10 16 11 17 11 17 11 17 12 17 12 18]
,,,-80,0,0,0,0,0,0,0,0,0,0,-92,0,6,1722359571463,0,0,0,0,1722359571463,124,[-19 5 -18 4 -17 4 -16 4 -14 4 -13 4 -12 4 -11 4 -10 4 -9 4 -9 4 -8 4 -7 5 -7 5 -6 5 -7 4 -6 4 -6 3 -5 3 -4 2 -4 2 -3 1 -2 1 -1 2 0 2 0 0 0 0 0 0 0 0 0 0 0 0 0 0 0 0 0 0 0 0 0 0 -15 9 -15 8 -16 8 -16 7 -16 7 -17 6 -18 6 -18 5 -17 6 -18 5 -18 6 -18 6 -18 6 -18 6 -18 6 -19 7 -19 7 -19 7 -20 8 -20 8 -20 8 -20 8 -20 9 -21 9 -21 8 -21 8]
,,,-80,0,0,0,0,0,0,0,0,0,0,-92,0,6,1722359571485,0,0,0,0,1722359571485,124,[-19 0 -18 0 -16 0 -15 0 -14 0 -13 1 -11 1 -10 2 -10 2 -9 3 -8 2 -8 3 -8 3 -7 3 -7 3 -7 3 -6 3 -6 2 -5 1 -5 1 -4 0 -3 0 -2 0 -1 0 0 1 0 0 0 0 0 0 0 0 0 0 0 0 0 0 0 0 0 0 0 0 0 0 -17 5 -17 3 -17 3 -17 2 -17 2 -18 1 -18 1 -18 0 -18 0 -19 0 -20 0 -19 1 -19 0 -19 1 -19 1 -20 1 -20 2 -19 1 -20 2 -20 3 -20 3 -20 3 -21 3 -22 3 -21 3 -21 2]
,,,-80,0,0,0,0,0,0,0,0,0,0,-92,0,6,1722359571502,0,0,0,0,1722359571502,124,[-28 -3 -26 -3 -25 -3 -22 -3 -21 -2 -20 -1 -18 -1 -17 1 -17 2 -15 2 -14 3 -14 3 -13 3 -14 4 -13 3 -14 3 -13 2 -12 1 -11 0 -11 -1 -9 -2 -8 -3 -6 -3 -4 -3 -2 -2 0 0 0 0 0 0 0 0 0 0 0 0 0 0 0 0 0 0 0 0 0 0 -25 1 -24 -1 -25 -2 -24 -2 -25 -3 -24 -3 -26 -4 -25 -5 -25 -4 -27 -5 -26 -5 -26 -5 -26 -5 -26 -4 -25 -4 -27 -3 -26 -2 -28 -2 -27 -1 -28 0 -28 0 -29 1 -31 1 -31 1 -31 1 -30 0]
,,,-80,0,0,0,0,0,0,0,0,0,0,-92,0,6,1722359571523,0,0,0,0,1722359571523,124,[-20 6 -18 6 -17 5 -16 5 -15 4 -14 4 -13 4 -12 4 -11 4 -10 4 -10 3 -9 3 -9 3 -8 3 -8 3 -8 2 -7 1 -7 0 -7 -1 -6 -1 -5 -3 -5 -4 -4 -4 -2 -4 -1 -5 0 0 0 0 0 0 0 0 0 0 0 0 0 0 0 0 0 0 0 0 0 0 -17 4 -16 3 -16 3 -16 3 -16 3 -16 2 -17 2 -17 3 -17 3 -18 3 -18 4 -18 4 -18 4 -18 5 -18 5 -18 5 -18 6 -18 7 -18 7 -19 8 -19 9 -19 9 -20 9 -20 13 10 -20 13 10]
,,,-80,0,0,0,0,0,0,0,0,0,0,-92,0,6,1722359571565,0,0,0,0,1722359571565,124,[21 3 21 2 19 2 18 2 17 1 16 1 15 0 14 -1 13 -1 14 -2 12 -2 12 -2 12 -2 12 -3 11 -2 13 10 -2 11 -1 13 10 -1 8 0 8 0 7 1 5 1 4 1 3 1 2 1 0 0 0 0 0 0 0 0 0 0 0 0 0 0 0 0 0 0 0 0 0 0 17 -1 17 0 17 0 17 1 17 1 18 3 18 3 18 4 19 4 18 4 19 4 19 4 19 3 19 3 20 3 20 2 20 2 20 1 22 1 22 1 22 0 23 0 23 0 24 0 24 0]
,,,-80,0,0,0,0,0,0,0,0,0,0,-92,0,6,1722359571576,0,0,0,0,1722359571576,124,[14 -18 13 -17 13 -16 11 -15 13 10 -14 9 -13 9 -13 7 -13 7 -13 6 -13 5 -12 5 -12 5 -12 5 -12 4 -11 5 -10 5 -10 5 -9 5 -8 5 -7 5 -6 4 -4 4 -3 3 -3 2 -2 0 0 0 0 0 0 0 0 0 0 0 0 0 0 0 0 0 0 0 0 0 0 7 -16 9 -15 9 -15 9 -15 13 10 -15 11 -15 12 -15 13 -14 13 -15 14 -15 13 -15 13 -15 13 -15 13 -16 13 -16 12 -17 12 -17 12 -17 12 -18 12 -18 12 -19 12 -20 13 -21 13 -21 13 -21]
,,,-80,0,0,0,0,0,0,0,0,0,0,-92,0,6,1722359571588,0,0,0,0,1722359571588,124,[6 20 5 19 5 18 5 16 5 15 5 14 6 13 7 12 7 11 7 11 7 13 10 7 13 10 7 13 10 6 13 10 6 13 10 5 9 4 9 3 9 2 8 1 8 0 7 0 6 -1 5 -2 4 -2 2 0 0 0 0 0 0 0 0 0 0 0 0 0 0 0 0 0 0 0 0 0 0 7 16 6 16 6 16 5 17 5 17 5 18 5 19 4 19 4 20 4 20 4 20 5 20 5 20 5 20 5 21 5 20 6 20 6 20 7 21 8 21 8 21 9 21 9 22 9]
,,,-80,0,0,0,0,0,0,0,0,0,0,-92,0,6,1722359571629,0,0,0,0,1722359571629,124,[-16 -13 -15 -13 -14 -12 -13 -11 -13 -10 -12 -9 -12 -8 -11 -7 -11 -7 -11 -7 -10 -6 -10 -5 -10 -5 -10 -5 -10 -4 -9 -5 -8 -5 -8 -4 -6 -4 -6 -4 -5 -4 -4 -4 -4 -4 -3 -3 -2 -3 0 0 0 0 0 0 0 0 0 0 0 0 0 0 0 0 0 0 0 0 0 0 -15 -9 -14 -10 -14 -11 -13 -11 -13 -12 -13 -13 -13 -13 -13 -14 -12 -14 -12 -15 -12 -15 -11 -14 -12 -14 -12 -14 -12 -13 -14 -13 -13 -12 -14 -12 -15 -12 -16 -12 -16 -11 -17 -11 -17 -12 -18 -13 -18 -13 -17 -13]
,,,-80,0,0,0,0,0,0,0,0,0,0,-92,0,6,1722359571645,0,0,0,0,1722359571645,124,[-27 0 -27 -1 -24 0 -23 0 -21 0 -20 1 -19 1 -18 2 -17 3 -17 4 -15 3 -15 4 -14 4 -14 3 -13 3 -13 2 -12 2 -12 0 -11 0 -10 -1 -8 -2 -7 -3 -6 -3 -4 -4 -2 -4 0 0 0 0 0 0 0 0 0 0 0 0 0 0 0 0 0 0 0 0 0 0 -19 4 -19 2 -20 1 -21 1 -21 0 -22 -1 -23 -2 -23 -2 -23 -2 -24 -2 -24 -2 -24 -1 -24 0 -24 0 -25 0 -25 0 -27 0 -26 1 -28 2 -27 2 -28 3 -28 3 -29 4 -30 4 -30 4 -30 3]
,,,-80,0,0,0,0,0,0,0,0,0,0,-92,0,6,1722359571699,0,0,0,0,1722359571699,124,[-8 18 -8 16 -7 14 -7 13 -5 12 -5 11 -3 13 10 -3 9 -2 9 -1 9 -1 8 0 7 0 7 0 7 0 6 0 6 0 6 -1 5 -1 4 -2 3 -1 2 -1 1 -1 0 -1 0 -1 -1 0 0 0 0 0 0 0 0 0 0 0 0 0 0 0 0 0 0 0 0 0 0 -4 18 -5 17 -6 17 -7 17 -7 16 -8 17 -8 17 -8 17 -9 17 -8 17 -9 18 -8 18 -8 18 -8 19 -8 18 -7 19 -7 19 -6 19 -7 20 -6 20 -6 21 -6 21 -6 21 -6 22 -6 22 -7]
,,,-80,0,0,0,0,0,0,0,0,0,0,-92,0,6,1722359571715,0,0,0,0,1722359571715,124,[-17 13 10 -17 8 -14 8 -13 7 -11 7 -11 7 -9 7 -8 7 -7 7 -6 7 -6 7 -5 7 -5 7 -4 7 -4 8 -3 7 -4 7 -4 6 -3 5 -3 5 -3 3 -2 3 -2 2 -1 2 0 2 0 0 0 0 0 0 0 0 0 0 0 0 0 0 0 0 0 0 0 0 0 0 -12 12 -13 11 -13 11 -15 13 10 -14 13 10 -16 13 10 -17 13 10 -17 13 10 -17 9 -17 9 -18 13 10 -17 13 10 -18 13 10 -17 13 10 -18 13 10 -18 11 -18 12 -18 11 -18 12 -18 12 -18]
,,,-80,0,0,0,0,0,0,0,0,0,0,-92,0,6,1722359571729,0,0,0,0,1722359571729,124,[18 5 18 5 15 4 15 4 13 3 12 2 11 1 11 0 9 -1 13 10 -1 9 -2 8 -3 8 -3 7 -3 8 -3 8 -3 8 -2 7 -2 7 -2 6 -2 5 -1 4 0 4 0 3 0 2 0 0 0 0 0 0 0 0 0 0 0 0 0 0 0 0 0 0 0 0 0 0 0 14 -1 14 0 14 1 15 1 15 2 16 2 17 3 17 3 17 4 17 4 18 4 19 5 19 5 19 5 19 5 19 4 20 5 19 4 21 5 21 4 21 4 21 4 21 4 22 4 22 4 22]
,,,-80,0,0,0,0,0,0,0,0,0,0,-92,0,6,1722359571742,0,0,0,0,1722359571742,124,[-11 17 -11 16 -10 15 -9 13 -8 13 -7 12 -6 11 -5 11 -4 13 10 -3 13 10 -3 9 -2 9 -2 9 -1 9 -1 9 -1 9 -1 8 -2 8 -2 7 -3 7 -3 5 -3 5 -4 4 -4 3 -4 2 0 0 0 0 0 0 0 0 0 0 0 0 0 0 0 0 0 0 0 0 0 0 -4 13 -6 13 -6 14 -7 14 -7 15 -8 15 -9 15 -9 16 -10 16 -11 17 -11 17 -11 17 -11 17 -11 18 -11 17 -11 18 -11 18 -11 19 -11 19 -11 19 -11 19 -11 19 -11 20 -11 20 -11 20]
,,,-80,0,0,0,0,0,0,0,0,0,0,-92,0,6,1722359571762,0,0,0,0,1722359571762,124,[19 4 18 4 17 3 16 3 15 2 14 2 13 1 12 0 12 0 11 -2 11 -2 13 10 -2 13 10 -2 11 -3 13 10 -3 11 -2 13 10 -2 13 10 -2 13 10 -1 9 0 8 1 8 2 7 2 5 3 4 3 0 0 0 0 0 0 0 0 0 0 0 0 0 0 0 0 0 0 0 0 0 0 14 1 14 2 14 2 14 2 14 3 14 3 15 3 15 4 16 5 16 4 17 4 17 4 17 5 17 5 17 4 18 4 18 4 18 3 19 3 19 3 19 2 20 2 20 2]
,,,-80,0,0,0,0,0,0,0,0,0,0,-92,0,6,1722359571782,0,0,0,0,1722359571782,124,[19 -8 19 -7 17 -7 16 -7 15 -6 14 -7 13 -7 11 -7 11 -8 13 10 -9 13 10 -9 9 -9 13 10 -9 13 10 -9 13 10 -10 13 10 -8 13 10 -8 11 -7 13 10 -6 13 10 -5 13 10 -4 9 -3 8 -2 7 -1 7 0 0 0 0 0 0 0 0 0 0 0 0 0 0 0 0 0 0 0 0 0 0 0 12 -7 13 -6 13 -6 14 -5 14 -5 14 -5 15 -4 15 -4 16 -4 16 -4 17 -4 17 -4 16 -4 16 -5 16 -5 16 -5 16 -6 16 -6 17 -7 17 -7 17 -8]
,,,-80,0,0,0,0,0,0,0,0,0,0,-92,0,6,1722359571806,0,0,0,0,1722359571806,124,[13 10 -31 13 10 -28 13 10 -28 9 -25 8 -25 7 -23 7 -23 5 -22 4 -22 3 -21 2 -20 3 -20 2 -20 1 -21 2 -20 4 -20 4 -19 5 -19 6 -17 7 -16 8 -14 8 -13 9 -11 8 -10 9 -7 0 0 0 0 0 0 0 0 0 0 0 0 0 0 0 0 0 0 0 0 0 0 6 -12 7 -12 7 -12 7 -12 7 -14 7 -14 8 -15 8 -16 9 -16 9 -17 9 -18 9 -18 8 -19 8 -19 8 -20 8 -22 7 -22 8 -24 7 -24 7 -25 6 -26 6 -28 6 -29 6 -31 6]
,,,-80,0,0,0,0,0,0,0,0,0,0,-92,0,6,1722359571822,0,0,0,0,1722359571822,124,[25 13 25 14 24 12 22 12 21 12 20 13 10 20 9 19 8 18 7 19 5 18 6 19 5 19 5 18 5 19 5 18 6 18 8 17 8 15 9 14 13 10 11 13 10 9 13 10 7 11 5 13 10 3 13 10 0 0 0 0 0 0 0 0 0 0 0 0 0 0 0 0 0 0 0 0 0 0 11 8 11 9 11 8 11 8 11 8 13 13 10 13 13 10 13 11 14 11 14 11 15 11 16 13 10 17 13 10 17 13 10 18 13 10 18 9 20 9 20 13 10 22 13 10]
,,,-80,0,0,0,0,0,0,0,0,0,0,-92,0,6,1722359571842,0,0,0,0,1722359571842,124,[-20 -24 -19 -23 -19 -21 -17 -20 -18 -18 -17 -17 -17 -15 -18 -14 -18 -13 -19 -12 -19 -11 -20 -11 -20 -12 -20 -12 -20 -13 -19 -14 -18 -15 -16 -16 -13 -17 -11 -17 -8 -17 -6 -16 -3 -15 -1 -14 2 -12 0 0 0 0 0 0 0 0 0 0 0 0 0 0 0 0 0 0 0 0 0 0 -8 -19 -6 -19 -6 -19 -6 -18 -6 -18 -6 -19 -7 -19 -7 -20 -7 -20 -7 -20 -8 -20 -9 -20 -10 -20 -10 -20 -12 -20 -13 -20 -14 -20 -15 -20 -16 -20 -17 -20 -19 -20 -20 -20 -21 -21 -23 -22 -23 -22 -23 -24]
,,,-80,0,0,0,0,0,0,0,0,0,0,-92,0,6,1722359571916,0,0,0,0,1722359571916,124,[-18 -13 -17 -13 -15 -11 -15 -10 -15 -8 -14 -6 -14 -5 -14 -4 -14 -2 -15 -1 -15 -1 -15 -1 -16 -1 -16 -1 -16 -1 -16 -2 -15 -3 -15 -3 -13 -3 -12 -4 -11 -4 -10 -3 -9 -3 -8 -2 -8 -2 0 0 0 0 0 0 0 0 0 0 0 0 0 0 0 0 0 0 0 0 0 0 -15 -5 -15 -6 -14 -6 -15 -7 -15 -7 -16 -8 -15 -8 -16 -9 -16 -9 -17 -9 -18 -10 -18 -10 -18 -10 -18 -10 -19 -11 -19 -10 -20 -11 -20 -10 -21 -11 -21 -10 -22 -11 -22 -11 -23 -11 -24 -12 -23 -12 -22 -13]
,,,-80,0,0,0,0,0,0,0,0,0,0,-92,0,6,1722359571927,0,0,0,0,1722359571927,124,[19 5 19 5 16 3 16 3 15 1 14 0 13 -1 13 -2 12 -3 13 -4 13 -4 14 -4 14 -5 14 -4 14 -4 14 -3 13 -3 13 -2 12 -2 11 -1 13 10 0 8 0 8 0 7 -1 7 -1 0 0 0 0 0 0 0 0 0 0 0 0 0 0 0 0 0 0 0 0 0 0 13 -2 13 -1 13 0 14 0 14 1 15 1 15 1 15 1 16 2 16 1 16 2 17 1 17 1 18 1 18 1 18 2 19 1 19 1 21 1 21 1 21 1 22 1 22 1 23 2 23 3 23]
,,,-80,0,0,0,0,0,0,0,0,0,0,-92,0,6,1722359571942,0,0,0,0,1722359571942,124,[19 -8 18 -7 17 -8 15 -7 15 -8 14 -9 13 -9 12 -10 12 -11 12 -11 12 -11 12 -11 12 -11 12 -11 12 -11 13 -10 12 -9 12 -8 12 -8 11 -7 11 -5 13 10 -5 9 -4 8 -4 8 -4 0 0 0 0 0 0 0 0 0 0 0 0 0 0 0 0 0 0 0 0 0 0 9 -6 13 10 -6 13 10 -6 13 10 -6 11 -6 11 -6 12 -6 12 -6 13 -6 13 -6 13 -6 14 -7 14 -7 15 -7 15 -7 15 -7 15 -8 16 -8 16 -8 17 -9 17 -10 18 -10 18 -10 19 -11]
,,,-80,0,0,0,0,0,0,0,0,0,0,-92,0,6,1722359571967,0,0,0,0,1722359571967,124,[9 20 9 19 8 18 8 17 8 16 8 15 8 15 9 14 9 13 13 10 12 13 10 12 13 10 12 13 10 13 13 10 12 13 10 13 9 12 8 12 7 12 6 11 6 12 5 13 10 4 13 10 4 9 3 9 3 8 0 0 0 0 0 0 0 0 0 0 0 0 0 0 0 0 0 0 0 0 0 0 7 13 10 7 11 6 11 6 11 6 12 7 12 6 13 6 14 6 14 7 14 7 15 7 15 7 15 7 15 7 15 8 16 8 16 9 16 13 10 16 13 10 16 11]
,,,-80,0,0,0,0,0,0,0,0,0,0,-92,0,6,1722359571982,0,0,0,0,1722359571982,124,[2 -23 2 -23 2 -21 1 -21 1 -19 1 -19 0 -18 -1 -18 -2 -17 -3 -17 -3 -17 -3 -17 -3 -17 -3 -17 -3 -17 -3 -16 -2 -16 -1 -16 -1 -15 0 -14 1 -13 0 -12 1 -11 1 -11 1 -10 0 0 0 0 0 0 0 0 0 0 0 0 0 0 0 0 0 0 0 0 0 0 -1 -16 0 -16 1 -16 1 -16 2 -16 2 -17 3 -17 4 -18 4 -18 4 -18 4 -18 4 -18 4 -18 4 -18 3 -19 3 -19 2 -19 2 -19 1 -20 1 -20 1 -21 0 -22 0 -23 0 -23 0 -24 1 -25]
,,,-80,0,0,0,0,0,0,0,0,0,0,-92,0,6,1722359572004,0,0,0,0,1722359572004,124,[8 -21 8 -20 8 -20 7 -19 6 -18 5 -18 5 -18 3 -18 3 -18 2 -19 2 -18 2 -18 2 -19 2 -19 2 -19 4 -18 4 -18 5 -17 5 -15 5 -15 6 -13 6 -11 6 -11 6 -9 6 -9 0 0 0 0 0 0 0 0 0 0 0 0 0 0 0 0 0 0 0 0 0 0 5 -16 6 -15 7 -15 8 -14 9 -14 9 -15 13 10 -15 13 10 -14 13 10 -14 13 10 -14 11 -14 13 10 -14 13 10 -14 9 -15 9 -15 8 -16 8 -16 8 -17 8 -18 7 -18 7 -19 7 -20 7 -21]
,,,-80,0,0,0,0,0,0,0,0,0,0,-92,0,6,1722359572032,0,0,0,0,1722359572032,124,[19 -4 19 -4 18 -4 17 -5 16 -5 16 -6 15 -6 15 -7 15 -7 15 -9 15 -8 15 -9 16 -9 15 -8 16 -8 16 -7 16 -6 16 -5 15 -4 15 -3 13 -1 12 0 12 0 13 10 0 9 1 0 0 0 0 0 0 0 0 0 0 0 0 0 0 0 0 0 0 0 0 0 0 12 -2 13 -1 13 -1 13 0 13 0 14 0 14 1 14 1 14 1 14 1 15 1 15 0 15 1 15 0 15 -1 15 -1 16 -2 16 -2 17 -2 17 -3 17 -4 18 -4 18 -4 19 -5 19 -5 20]
,,,-80,0,0,0,0,0,0,0,0,0,0,-92,0,6,1722359572043,0,0,0,0,1722359572043,124,[11 24 11 24 11 22 11 22 11 21 11 20 12 18 13 17 13 16 14 16 15 16 15 16 15 17 15 17 15 18 14 18 13 19 11 19 9 18 8 18 6 17 5 16 3 16 2 15 1 13 0 0 0 0 0 0 0 0 0 0 0 0 0 0 0 0 0 0 0 0 0 0 5 14 5 15 4 14 4 15 3 16 4 17 3 17 3 18 3 18 3 18 4 19 4 19 4 19 5 19 5 19 5 20 6 20 7 20 8 20 8 21 13 10 21 11 21 11 21 13 23 13 23 13]
,,,-80,0,0,0,0,0,0,0,0,0,0,-92,0,6,1722359572062,0,0,0,0,1722359572062,124,[22 0 22 0 20 0 20 0 18 0 18 -1 17 -2 16 -2 16 -3 16 -5 15 -4 15 -5 16 -5 16 -5 16 -4 16 -4 17 -3 16 -2 15 -1 14 0 13 1 13 2 11 2 13 10 3 9 3 0 0 0 0 0 0 0 0 0 0 0 0 0 0 0 0 0 0 0 0 0 0 13 -2 14 0 14 0 15 1 15 1 16 2 15 3 16 3 16 4 16 3 16 3 16 3 16 3 16 3 16 2 17 2 17 2 17 1 18 1 18 0 19 -1 20 -1 21 -2 22 -2 23 -2 23]
,,,-80,0,0,0,0,0,0,0,0,0,0,-92,0,6,1722359572083,0,0,0,0,1722359572083,124,[7 -24 7 -24 7 -22 6 -22 5 -21 4 -20 3 -19 1 -19 0 -19 -1 -20 -2 -19 -2 -20 -2 -21 -2 -20 -2 -22 0 -21 1 -21 2 -21 3 -20 4 -19 5 -17 6 -15 6 -14 6 -12 7 -11 0 0 0 0 0 0 0 0 0 0 0 0 0 0 0 0 0 0 0 0 0 0 6 -17 8 -17 9 -16 9 -16 13 10 -15 11 -16 11 -16 11 -15 11 -15 11 -15 11 -15 11 -15 13 10 -15 9 -16 9 -16 8 -17 8 -18 7 -18 7 -20 6 -20 5 -21 5 -22 5 -23 5 -25 5 -25]
,,,-80,0,0,0,0,0,0,0,0,0,0,-92,0,6,1722359572104,0,0,0,0,1722359572104,124,[0 20 0 21 1 19 1 18 1 17 2 16 3 16 4 15 5 15 5 16 6 15 6 16 7 17 6 16 6 17 5 17 5 18 3 18 3 17 1 17 0 15 -2 14 -3 13 -3 12 -4 11 0 0 0 0 0 0 0 0 0 0 0 0 0 0 0 0 0 0 0 0 0 0 -5 13 10 -6 13 10 -6 9 -6 9 -6 9 -7 9 -7 9 -6 9 -6 13 10 -6 9 -6 13 10 -4 13 10 -4 11 -4 11 -3 12 -2 12 -2 13 -1 13 0 15 0 15 1 15 2 17 2 17 2]
,,,-80,0,0,0,0,0,0,0,0,0,0,-92,0,6,1722359572122,0,0,0,0,1722359572122,124,[27 -14 27 -13 25 -12 24 -12 23 -11 21 -12 20 -12 18 -13 17 -14 17 -15 16 -15 16 -16 17 -16 16 -17 17 -17 18 -15 19 -15 19 -13 19 -11 19 -10 18 -7 18 -6 16 -4 15 -2 14 -1 0 0 0 0 0 0 0 0 0 0 0 0 0 0 0 0 0 0 0 0 0 0 15 -3 15 -1 16 -1 16 0 16 -1 16 0 17 0 17 0 17 0 16 0 17 -1 17 -1 17 -2 17 -3 16 -5 17 -6 17 -7 18 -8 19 -10 19 -11 20 -13 21 -14 22 -16 24 -17 25 -17 27 -18]
,,,-80,0,0,0,0,0,0,0,0,0,0,-92,0,6,1722359572142,0,0,0,0,1722359572142,124,[26 13 25 12 23 11 21 13 10 20 9 19 8 18 6 17 4 18 3 18 1 18 0 19 -1 19 -1 20 -1 20 0 20 1 20 2 19 3 18 4 17 6 14 7 13 8 11 8 8 8 6 8 0 0 0 0 0 0 0 0 0 0 0 0 0 0 0 0 0 0 0 0 0 0 20 11 19 13 19 14 18 15 18 15 17 17 17 18 17 18 17 19 16 19 16 19 15 18 16 17 16 16 16 15 17 14 18 13 19 12 20 12 21 11 22 13 10 24 9 25 9 27 9 28 9]
,,,-80,0,0,0,0,0,0,0,0,0,0,-92,0,6,1722359572163,0,0,0,0,1722359572163,124,[-23 -8 -23 -8 -20 -6 -19 -6 -18 -5 -17 -4 -16 -3 -15 -1 -14 0 -14 2 -15 3 -15 3 -16 4 -15 5 -16 4 -16 3 -17 2 -16 1 -16 0 -16 -1 -14 -3 -13 -4 -12 -4 -10 -5 -8 -5 0 0 0 0 0 0 0 0 0 0 0 0 0 0 0 0 0 0 0 0 0 0 -22 -9 -21 -11 -20 -12 -20 -13 -19 -13 -20 -14 -18 -15 -18 -15 -17 -15 -17 -15 -17 -15 -17 -14 -18 -13 -17 -12 -17 -11 -17 -11 -19 -10 -19 -9 -20 -9 -19 -7 -22 -6 -22 -5 -23 -5 -24 -5 -26 -5 -26 -5]
,,,-80,0,0,0,0,0,0,0,0,0,0,-92,0,6,1722359572181,0,0,0,0,1722359572181,124,[-27 -8 -25 -8 -24 -8 -23 -7 -21 -6 -20 -5 -19 -4 -18 -2 -17 -1 -17 0 -17 1 -17 2 -17 2 -18 3 -18 3 -19 2 -18 2 -18 1 -18 -1 -18 -2 -16 -4 -15 -4 -14 -6 -11 -7 -10 -7 0 0 0 0 0 0 0 0 0 0 0 0 0 0 0 0 0 0 0 0 0 0 -20 -12 -19 -13 -18 -14 -17 -14 -17 -14 -16 -15 -17 -14 -16 -15 -16 -14 -15 -15 -15 -14 -15 -13 -16 -13 -16 -12 -17 -11 -18 -10 -19 -8 -19 -8 -20 -7 -22 -6 -22 -5 -24 -4 -25 -5 -27 -6 -27 -6 -28 -6]
,,,-80,0,0,0,0,0,0,0,0,0,0,-92,0,6,1722359572202,0,0,0,0,1722359572202,124,[27 -18 26 -17 24 -16 23 -15 21 -15 19 -14 17 -15 15 -15 13 -16 12 -17 11 -17 11 -18 11 -19 11 -20 12 -20 13 -19 14 -19 15 -18 16 -16 16 -14 17 -11 17 -8 16 -6 15 -4 14 -2 0 0 0 0 0 0 0 0 0 0 0 0 0 0 0 0 0 0 0 0 0 0 25 -13 25 -9 25 -8 24 -8 24 -7 24 -6 24 -6 24 -6 24 -6 24 -7 24 -8 24 -8 24 -9 23 -10 23 -11 23 -12 23 -13 23 -14 23 -15 23 -17 22 -18 23 -19 23 -21 24 -22 26 -22 27 -23]
,,,-80,0,0,0,0,0,0,0,0,0,0,-92,0,6,1722359572224,0,0,0,0,1722359572224,124,[-13 15 -12 14 -12 13 -11 12 -9 12 -8 12 -7 12 -6 12 -5 12 -5 13 -5 13 -4 13 -5 14 -5 13 -5 14 -6 13 -7 13 -8 12 -8 13 10 -8 9 -9 6 -9 5 -8 3 -7 2 -7 1 0 0 0 0 0 0 0 0 0 0 0 0 0 0 0 0 0 0 0 0 0 0 -13 11 -14 13 10 -15 9 -14 8 -14 8 -14 8 -15 8 -14 8 -14 8 -15 8 -14 8 -13 8 -14 9 -14 9 -13 13 10 -13 13 10 -12 11 -12 12 -12 13 -11 14 -11 14 -11 15 -11 16 -12 17]
,,,-80,0,0,0,0,0,0,0,0,0,0,-92,0,6,1722359572243,0,0,0,0,1722359572243,124,[-31 3 -30 3 -26 3 -25 4 -23 5 -21 6 -20 7 -18 8 -18 13 10 -18 11 -17 12 -18 12 -18 13 -18 12 -19 12 -19 13 10 -20 9 -19 7 -18 5 -18 3 -15 0 -14 -1 -12 -2 -9 -3 -8 -3 0 0 0 0 0 0 0 0 0 0 0 0 0 0 0 0 0 0 0 0 0 0 -31 5 -31 2 -31 0 -31 -1 -30 -2 -31 -3 -31 -4 -30 -4 -29 -4 -29 -4 -30 -4 -29 -3 -29 -2 -29 -2 -28 -1 -29 0 -30 1 -29 2 -30 3 -30 5 -31 6 -31 7 -32 7 -34 8 -34 8]
,,,-80,0,0,0,0,0,0,0,0,0,0,-92,0,6,1722359572263,0,0,0,0,1722359572263,124,[-11 -10 -11 -9 -10 -7 -9 -6 -9 -4 -10 -3 -10 -1 -11 0 -11 1 -13 2 -14 3 -14 3 -16 3 -15 2 -16 2 -16 2 -16 1 -15 -1 -15 -2 -14 -2 -12 -3 -11 -3 -10 -3 -8 -4 -8 -4 0 0 0 0 0 0 0 0 0 0 0 0 0 0 0 0 0 0 0 0 0 0 -12 -20 -10 -22 -9 -21 -8 -22 -6 -21 -6 -21 -5 -21 -5 -20 -4 -20 -5 -18 -4 -18 -5 -18 -5 -17 -6 -16 -7 -16 -7 -15 -8 -15 -8 -14 -10 -14 -10 -13 -11 -13 -12 -13 -12 -12 -12 -12 -13 -12 -13 -12]
,,,-80,0,0,0,0,0,0,0,0,0,0,-92,0,6,1722359572281,0,0,0,0,1722359572281,124,[-20 15 -19 16 -15 16 -13 17 -11 18 -8 19 -6 21 -5 24 -3 25 -2 28 -2 29 -2 31 -3 33 -4 33 -6 35 -8 33 -11 33 -13 31 -13 28 -15 26 -16 22 -15 19 -15 18 -14 16 -14 14 0 0 0 0 0 0 0 0 0 0 0 0 0 0 0 0 0 0 0 0 0 0 -38 6 -38 1 -36 0 -36 -2 -34 -2 -35 -4 -33 -4 -32 -5 -31 -4 -29 -3 -30 -2 -29 -1 -29 1 -28 3 -28 4 -27 4 -28 6 -26 7 -27 9 -26 13 10 -26 12 -25 13 -25 15 -25 16 -25 17 -25]
,,,-80,0,0,0,0,0,0,0,0,0,0,-92,0,6,1722359572302,0,0,0,0,1722359572302,124,[-11 23 -9 23 -6 21 -4 22 -1 21 0 22 3 22 5 23 5 23 7 25 8 26 8 28 7 30 7 30 5 31 3 31 0 31 -2 30 -3 27 -5 26 -6 22 -6 20 -7 19 -6 17 -7 16 0 0 0 0 0 0 0 0 0 0 0 0 0 0 0 0 0 0 0 0 0 0 -18 28 -21 25 -21 23 -22 22 -21 20 -23 20 -23 20 -22 19 -22 19 -22 19 -21 19 -20 20 -20 20 -19 20 -18 21 -17 21 -18 22 -16 22 -16 24 -14 24 -14 26 -13 26 -13 28 -13 28 -12 28 -13 28]
,,,-80,0,0,0,0,0,0,0,0,0,0,-92,0,6,1722359572322,0,0,0,0,1722359572322,124,[-4 -21 -5 -20 -6 -18 -7 -17 -8 -16 -10 -15 -11 -14 -13 -14 -15 -14 -17 -14 -17 -14 -18 -15 -18 -16 -18 -17 -18 -18 -17 -19 -15 -19 -13 -19 -11 -19 -10 -18 -8 -16 -8 -15 -7 -14 -6 -14 -6 -13 0 0 0 0 0 0 0 0 0 0 0 0 0 0 0 0 0 0 0 0 0 0 -2 -30 1 -30 3 -28 4 -28 5 -27 6 -27 7 -26 8 -25 7 -25 7 -25 6 -24 6 -24 6 -24 5 -23 5 -23 4 -23 3 -23 2 -23 1 -23 -1 -22 -1 -23 -2 -24 -3 -24 -5 -24 -5 -25 -4 -25]
,,,-80,0,0,0,0,0,0,0,0,0,0,-92,0,6,1722359572372,0,0,0,0,1722359572372,124,[-15 5 -14 5 -13 6 -12 6 -11 7 -10 8 -9 9 -9 13 10 -8 11 -9 12 -9 12 -9 13 -9 13 -9 14 -10 14 -11 13 -12 12 -12 11 -12 9 -12 9 -11 7 -11 6 -10 5 -9 4 -9 4 0 0 0 0 0 0 0 0 0 0 0 0 0 0 0 0 0 0 0 0 0 0 -20 4 -20 2 -21 1 -21 0 -20 -1 -21 -2 -20 -3 -20 -3 -19 -4 -19 -4 -20 -4 -18 -3 -18 -4 -17 -3 -17 -3 -17 -2 -17 -1 -16 0 -17 1 -16 2 -16 3 -16 3 -17 4 -17 5 -17 5 -17]
,,,-80,0,0,0,0,0,0,0,0,0,0,-92,0,6,1722359572383,0,0,0,0,1722359572383,124,[5 13 6 13 6 11 7 11 7 9 8 8 9 8 13 10 7 13 10 6 12 5 12 5 13 6 14 6 13 6 14 7 13 7 13 9 12 9 13 10 9 9 13 10 7 9 6 8 6 7 5 7 4 6 0 0 0 0 0 0 0 0 0 0 0 0 0 0 0 0 0 0 0 0 0 0 6 20 3 21 2 19 1 21 0 19 -1 21 -2 20 -3 20 -3 20 -3 19 -2 19 -2 18 -2 18 -1 18 -1 18 -1 17 0 17 1 15 2 16 2 16 3 16 4 16 5 15 6 15]
,,,-80,0,0,0,0,0,0,0,0,0,0,-92,0,6,1722359572395,0,0,0,0,1722359572395,124,[5 14 5 14 5 12 5 11 7 13 10 7 9 8 8 9 7 9 6 13 10 6 11 7 11 7 12 7 11 7 12 8 11 9 11 9 9 13 10 8 13 10 6 9 5 8 4 8 3 7 2 7 2 6 0 0 0 0 0 0 0 0 0 0 0 0 0 0 0 0 0 0 0 0 0 0 5 20 2 20 1 20 0 20 -1 19 -2 20 -3 19 -3 19 -4 19 -4 18 -3 18 -3 18 -3 17 -2 17 -1 17 -1 16 0 16 1 15 1 16 3 16 3 16 4 16 5 16 5 16]
,,,-80,0,0,0,0,0,0,0,0,0,0,-92,0,6,1722359572406,0,0,0,0,1722359572406,124,[-2 -18 -2 -16 -3 -15 -4 -14 -5 -13 -6 -12 -6 -12 -8 -11 -8 -11 -9 -11 -10 -11 -10 -11 -11 -11 -11 -12 -11 -12 -10 -12 -9 -13 -8 -13 -7 -12 -6 -12 -4 -11 -3 -10 -2 -9 -2 -8 -1 -7 0 0 0 0 0 0 0 0 0 0 0 0 0 0 0 0 0 0 0 0 0 0 -1 -22 2 -22 3 -21 4 -21 5 -20 6 -20 6 -20 6 -20 7 -19 7 -19 7 -18 7 -18 6 -18 5 -17 4 -17 3 -17 3 -17 2 -17 1 -18 0 -18 0 -18 -1 -18 -2 -19 -2 -20 -2 -20 -2 -19]
,,,-80,0,0,0,0,0,0,0,0,0,0,-92,0,6,1722359572422,0,0,0,0,1722359572422,124,[-21 -7 -19 -7 -18 -5 -17 -4 -16 -2 -16 -1 -16 0 -16 2 -16 3 -17 5 -17 5 -18 6 -18 6 -18 6 -19 5 -19 5 -19 3 -18 2 -18 1 -17 0 -16 -2 -14 -3 -13 -3 -11 -3 -9 -4 0 0 0 0 0 0 0 0 0 0 0 0 0 0 0 0 0 0 0 0 0 0 -23 -10 -21 -12 -21 -13 -20 -13 -20 -14 -19 -15 -19 -15 -19 -16 -18 -16 -19 -16 -19 -16 -18 -15 -18 -15 -19 -14 -18 -13 -19 -13 -19 -12 -19 -12 -20 -11 -21 -10 -21 -9 -22 -9 -23 -8 -24 -8 -24 -8 -24 -9]
,,,-80,0,0,0,0,0,0,0,0,0,0,-92,0,6,1722359572445,0,0,0,0,1722359572445,124,[16 -6 15 -6 14 -6 13 -7 11 -7 13 10 -8 9 -9 9 -10 8 -11 8 -11 8 -12 8 -12 9 -13 9 -13 13 10 -13 13 10 -12 13 10 -12 11 -10 11 -9 11 -8 11 -6 13 10 -4 9 -4 8 -3 8 -3 0 0 0 0 0 0 0 0 0 0 0 0 0 0 0 0 0 0 0 0 0 0 17 -7 18 -4 18 -4 18 -3 18 -3 19 -2 19 -1 19 -1 19 -1 18 0 19 0 18 0 18 0 18 -1 17 0 17 -1 17 -1 16 -3 16 -3 16 -4 17 -5 17 -6 17 -7 17]
,,,-80,0,0,0,0,0,0,0,0,0,0,-92,0,6,1722359572462,0,0,0,0,1722359572462,124,[-19 -3 -18 -3 -16 -3 -16 -2 -15 -1 -14 1 -13 2 -13 2 -13 4 -14 5 -14 5 -14 6 -14 6 -15 6 -15 5 -16 4 -15 4 -15 2 -14 1 -14 0 -12 -1 -11 -1 -10 -2 -8 -2 -7 -2 0 0 0 0 0 0 0 0 0 0 0 0 0 0 0 0 0 0 0 0 0 0 -20 -1 -20 -4 -20 -4 -19 -5 -19 -6 -19 -6 -20 -7 -20 -8 -20 -8 -20 -8 -20 -9 -19 -8 -20 -9 -19 -8 -19 -8 -19 -8 -19 -8 -18 -7 -18 -6 -19 -5 -19 -5 -19 -4 -20 -3 -20 -3 -21 -3 -20 -3]
,,,-80,0,0,0,0,0,0,0,0,0,0,-92,0,6,1722359572489,0,0,0,0,1722359572489,124,[-21 -8 -20 -8 -18 -7 -17 -7 -16 -5 -15 -4 -15 -3 -14 -1 -14 0 -15 1 -15 1 -15 2 -16 2 -16 3 -16 2 -16 1 -16 0 -15 -1 -14 -2 -13 -2 -12 -3 -10 -3 -10 -3 -8 -3 -7 -3 0 0 0 0 0 0 0 0 0 0 0 0 0 0 0 0 0 0 0 0 0 0 -22 -6 -21 -8 -21 -9 -21 -9 -20 -9 -21 -10 -21 -10 -20 -11 -20 -11 -21 -11 -22 -12 -21 -12 -21 -12 -20 -12 -20 -12 -20 -12 -20 -11 -20 -11 -21 -11 -21 -10 -21 -9 -21 -8 -21 -7 -23 -8 -23 -7 -23 -8]
,,,-80,0,0,0,0,0,0,0,0,0,0,-92,0,6,1722359572507,0,0,0,0,1722359572507,124,[-17 28 -17 26 -14 25 -13 23 -11 22 -10 22 -8 21 -6 22 -4 21 -3 23 -2 23 -1 24 -2 24 -3 25 -3 25 -5 25 -6 24 -8 22 -9 20 -10 18 -9 15 -9 12 -9 11 -8 13 10 -8 9 0 0 0 0 0 0 0 0 0 0 0 0 0 0 0 0 0 0 0 0 0 0 -16 29 -20 27 -20 25 -20 23 -20 23 -21 23 -21 23 -22 22 -21 23 -22 23 -22 24 -22 23 -22 24 -22 23 -21 24 -21 24 -21 25 -19 24 -19 26 -17 26 -17 27 -15 28 -15 29 -16 30 -16 31 -17]
,,,-80,0,0,0,0,0,0,0,0,0,0,-92,0,6,1722359572525,0,0,0,0,1722359572525,124,[16 -17 15 -16 14 -15 12 -15 11 -15 9 -15 9 -15 7 -16 7 -17 6 -17 5 -18 5 -18 6 -18 6 -19 6 -19 9 -18 8 -16 9 -16 9 -14 13 10 -12 13 10 -10 9 -8 8 -7 7 -6 6 -5 0 0 0 0 0 0 0 0 0 0 0 0 0 0 0 0 0 0 0 0 0 0 18 -17 18 -14 19 -13 19 -12 19 -11 19 -11 19 -11 19 -10 19 -10 19 -10 19 -11 19 -11 18 -11 18 -11 17 -12 17 -13 16 -13 16 -14 16 -15 16 -15 15 -16 15 -18 15 -18 16 -19 16 -20]
,,,-80,0,0,0,0,0,0,0,0,0,0,-92,0,6,1722359572543,0,0,0,0,1722359572543,124,[13 10 -14 9 -14 8 -13 7 -13 5 -13 5 -13 3 -13 3 -13 2 -14 1 -15 1 -15 1 -15 1 -16 1 -16 2 -16 3 -16 4 -15 5 -14 5 -13 5 -12 6 -10 6 -8 5 -7 5 -6 4 -5 0 0 0 0 0 0 0 0 0 0 0 0 0 0 0 0 0 0 0 0 0 0 13 -15 15 -13 15 -12 15 -11 15 -11 15 -10 15 -10 15 -9 15 -9 15 -9 15 -9 14 -9 13 -9 13 -10 12 -10 12 -10 11 -11 11 -12 11 -12 13 10 -13 13 10 -14 13 10 -15 13 10 -15 13]
,,,-80,0,0,0,0,0,0,0,0,0,0,-92,0,6,1722359572563,0,0,0,0,1722359572563,124,[-22 -5 -22 -4 -20 -2 -20 -2 -20 -1 -19 1 -19 2 -19 3 -19 3 -19 5 -20 4 -20 5 -21 5 -21 4 -22 3 -22 2 -22 1 -21 -1 -19 -3 -18 -4 -16 -5 -14 -5 -13 -6 -11 -5 -9 -5 0 0 0 0 0 0 0 0 0 0 0 0 0 0 0 0 0 0 0 0 0 0 -23 -7 -22 -9 -21 -10 -20 -11 -19 -11 -20 -12 -19 -12 -19 -13 -18 -12 -18 -12 -19 -12 -18 -11 -18 -11 -18 -10 -18 -9 -19 -9 -19 -8 -19 -7 -21 -7 -21 -6 -22 -5 -23 -5 -23 -4 -24 -4 -25 -5 -25 -4]
,,,-80,0,0,0,0,0,0,0,0,0,0,-92,0,6,1722359572581,0,0,0,0,1722359572581,124,[11 13 12 12 11 13 10 11 13 10 12 8 12 7 12 6 13 5 13 4 14 4 15 4 16 4 16 4 16 5 16 5 15 6 15 7 13 7 12 8 11 8 9 8 8 8 7 7 6 7 5 7 0 0 0 0 0 0 0 0 0 0 0 0 0 0 0 0 0 0 0 0 0 0 13 16 13 10 18 9 17 8 18 8 17 8 18 7 18 7 18 6 18 6 18 7 18 7 17 7 17 7 17 7 16 7 16 8 16 8 14 9 15 13 10 15 13 10 14 11 14 12 14 13]
,,,-80,0,0,0,0,0,0,0,0,0,0,-92,0,6,1722359572602,0,0,0,0,1722359572602,124,[11 -13 13 10 -12 9 -12 8 -12 7 -12 6 -11 5 -12 4 -12 3 -13 2 -14 2 -13 2 -14 2 -14 2 -14 2 -15 3 -14 4 -15 5 -14 5 -12 5 -11 5 -10 5 -9 5 -8 5 -8 5 -7 0 0 0 0 0 0 0 0 0 0 0 0 0 0 0 0 0 0 0 0 0 0 13 10 -15 12 -14 12 -13 13 -13 13 -12 13 -12 13 -12 14 -12 14 -11 14 -11 15 -11 14 -11 14 -11 14 -10 14 -11 13 -11 13 -11 12 -11 12 -12 12 -12 11 -13 11 -13 11 -14 11 -15 11 -15]
,,,-80,0,0,0,0,0,0,0,0,0,0,-92,0,6,1722359572627,0,0,0,0,1722359572627,124,[8 26 7 26 7 24 7 22 8 20 8 19 9 18 13 10 17 13 10 16 11 16 11 16 12 16 12 16 12 16 12 16 11 16 13 10 17 8 17 7 16 5 15 4 13 3 12 2 11 2 13 10 2 13 10 0 0 0 0 0 0 0 0 0 0 0 0 0 0 0 0 0 0 0 0 0 0 13 10 19 8 20 7 19 7 19 6 19 7 22 6 22 6 22 6 23 5 23 5 24 5 25 5 24 5 24 5 24 5 24 6 24 6 23 7 25 8 24 13 10 24 11 25 13]
,,,-80,0,0,0,0,0,0,0,0,0,0,-92,0,6,1722359572645,0,0,0,0,1722359572645,124,[-3 -20 -3 -20 -3 -18 -3 -18 -3 -17 -3 -16 -4 -16 -4 -15 -5 -14 -6 -14 -6 -14 -7 -14 -7 -14 -6 -14 -6 -14 -5 -14 -4 -14 -3 -14 -1 -13 0 -12 0 -11 1 -9 1 -8 1 -7 1 -6 0 0 0 0 0 0 0 0 0 0 0 0 0 0 0 0 0 0 0 0 0 0 -4 -15 -3 -16 -2 -15 -2 -16 -2 -15 -1 -17 -1 -17 0 -17 0 -17 -1 -17 -1 -18 -1 -18 -1 -18 -1 -18 -1 -18 -1 -18 -2 -18 -2 -18 -3 -19 -3 -19 -4 -19 -4 -19 -5 -20 -5 -21 -5 -21 -5 -22]
,,,-80,0,0,0,0,0,0,0,0,0,0,-92,0,6,1722359572663,0,0,0,0,1722359572663,124,[-14 -25 -14 -25 -13 -23 -12 -22 -12 -21 -12 -20 -13 -19 -13 -17 -13 -17 -14 -16 -14 -16 -14 -16 -15 -16 -14 -16 -14 -17 -13 -17 -12 -18 -10 -17 -8 -17 -7 -17 -4 -16 -3 -14 -1 -13 0 -11 1 -10 0 0 0 0 0 0 0 0 0 0 0 0 0 0 0 0 0 0 0 0 0 0 -11 -22 -9 -23 -8 -23 -7 -24 -6 -23 -6 -24 -5 -24 -5 -24 -4 -24 -4 -24 -5 -24 -5 -23 -6 -24 -6 -23 -7 -23 -7 -23 -8 -23 -9 -22 -10 -23 -11 -23 -13 -23 -14 -23 -14 -24 -16 -25 -16 -25 -16 -25]
,,,-80,0,0,0,0,0,0,0,0,0,0,-92,0,6,1722359572684,0,0,0,0,1722359572684,124,[19 -10 19 -10 18 -10 17 -10 16 -9 15 -10 14 -10 13 -11 12 -11 12 -12 12 -12 12 -12 12 -12 12 -13 12 -13 13 -11 14 -11 14 -10 14 -8 13 -7 13 -5 12 -3 11 -2 13 10 -2 9 -1 0 0 0 0 0 0 0 0 0 0 0 0 0 0 0 0 0 0 0 0 0 0 18 -8 19 -6 19 -5 19 -4 19 -3 19 -3 19 -3 18 -2 19 -2 18 -2 18 -2 18 -3 18 -3 17 -4 17 -5 17 -5 17 -6 17 -7 18 -8 18 -9 18 -10 19 -11 18 -11 19 -11 20 -12 20]
,,,-80,0,0,0,0,0,0,0,0,0,0,-92,0,6,1722359572703,0,0,0,0,1722359572703,124,[-22 -8 -22 -7 -21 -7 -20 -6 -19 -5 -19 -4 -18 -3 -18 -2 -18 -2 -18 -1 -18 0 -18 0 -18 0 -18 0 -19 0 -19 -1 -18 -2 -18 -3 -17 -4 -16 -5 -14 -6 -13 -7 -11 -7 -10 -7 -8 -7 0 0 0 0 0 0 0 0 0 0 0 0 0 0 0 0 0 0 0 0 0 0 -21 -7 -20 -9 -19 -10 -19 -10 -19 -11 -18 -12 -18 -12 -18 -12 -17 -13 -17 -13 -18 -12 -17 -12 -18 -11 -18 -11 -18 -10 -19 -10 -19 -10 -20 -9 -20 -9 -21 -8 -22 -8 -22 -8 -23 -8 -23 -7 -24 -7 -24 -7]
,,,-80,0,0,0,0,0,0,0,0,0,0,-92,0,6,1722359572723,0,0,0,0,1722359572723,124,[11 18 11 17 11 16 13 10 15 13 10 14 13 10 13 13 10 11 13 10 13 10 11 9 11 9 11 8 12 7 12 7 12 7 12 8 12 8 11 9 13 10 9 9 9 8 13 10 7 9 6 9 5 8 3 8 2 7 0 0 0 0 0 0 0 0 0 0 0 0 0 0 0 0 0 0 0 0 0 0 13 16 11 17 13 10 18 9 18 9 18 8 19 7 20 7 20 6 21 6 21 6 21 6 20 7 20 7 19 7 19 7 19 8 19 9 18 13 10 18 13 10 18 11]
,,,-80,0,0,0,0,0,0,0,0,0,0,-92,0,6,1722359572741,0,0,0,0,1722359572741,124,[-20 16 -21 17 -19 15 -18 15 -17 14 -15 12 -13 13 -12 12 -11 13 -10 13 -9 13 -8 13 -8 13 -8 13 -7 14 -8 13 -9 13 -10 12 -10 13 10 -10 9 -10 6 -9 5 -9 4 -8 3 -7 2 0 0 0 0 0 0 0 0 0 0 0 0 0 0 0 0 0 0 0 0 0 0 -17 17 -19 16 -19 14 -20 14 -20 13 -22 13 -22 13 -22 12 -22 11 -22 11 -23 12 -22 12 -22 12 -21 12 -21 12 -21 13 -21 14 -20 14 -20 15 -20 16 -19 17 -19 18 -20 18 -20 20 -20 20 -21]
,,,-80,0,0,0,0,0,0,0,0,0,0,-92,0,6,1722359572763,0,0,0,0,1722359572763,124,[-22 -17 -22 -18 -19 -16 -19 -16 -18 -15 -17 -14 -16 -12 -16 -11 -15 -10 -16 -9 -16 -9 -16 -8 -17 -8 -16 -7 -16 -8 -16 -8 -15 -9 -14 -10 -12 -10 -11 -11 -8 -10 -7 -10 -5 -10 -3 -8 -2 -7 0 0 0 0 0 0 0 0 0 0 0 0 0 0 0 0 0 0 0 0 0 0 -16 -14 -15 -15 -15 -15 -14 -16 -14 -16 -14 -17 -14 -17 -13 -18 -13 -17 -13 -18 -14 -18 -14 -17 -15 -17 -15 -17 -16 -17 -16 -16 -17 -16 -18 -16 -19 -16 -20 -16 -21 -15 -21 -15 -22 -15 -24 -16 -24 -17 -24 -17]
,,,-80,0,0,0,0,0,0,0,0,0,0,-92,0,6,1722359572787,0,0,0,0,1722359572787,124,[17 -11 17 -10 16 -10 16 -10 14 -9 14 -9 13 -9 11 -10 11 -10 11 -11 13 10 -11 9 -11 13 10 -11 9 -10 13 10 -10 13 10 -10 11 -9 11 -8 11 -6 13 10 -5 13 10 -3 9 -2 8 -1 7 0 6 1 0 0 0 0 0 0 0 0 0 0 0 0 0 0 0 0 0 0 0 0 0 0 17 -7 17 -6 17 -5 17 -4 18 -4 18 -4 18 -3 18 -3 18 -2 18 -2 18 -3 18 -3 18 -4 17 -4 17 -5 17 -5 17 -6 16 -7 17 -7 16 -8 16 -9 17 -10 16 -11]
,,,-80,0,0,0,0,0,0,0,0,0,0,-92,0,6,1722359572802,0,0,0,0,1722359572802,124,[-25 1 -24 0 -22 0 -21 0 -19 1 -18 2 -17 2 -16 3 -16 3 -15 4 -15 4 -14 4 -14 4 -14 4 -14 4 -14 3 -13 3 -13 1 -12 1 -11 -1 -10 -2 -9 -3 -8 -3 -6 -4 -5 -4 0 0 0 0 0 0 0 0 0 0 0 0 0 0 0 0 0 0 0 0 0 0 -25 -2 -25 -5 -25 -5 -24 -7 -24 -7 -24 -8 -24 -9 -23 -9 -23 -10 -23 -10 -22 -10 -22 -9 -22 -8 -21 -8 -21 -7 -22 -6 -21 -5 -22 -4 -22 -3 -22 -2 -23 -1 -23 0 -24 1 -24 1 -25 2 -25 2]
,,,-80,0,0,0,0,0,0,0,0,0,0,-92,0,6,1722359572821,0,0,0,0,1722359572821,124,[-19 -9 -19 -9 -17 -8 -16 -8 -15 -7 -15 -6 -14 -5 -14 -4 -13 -3 -13 -3 -13 -3 -13 -2 -13 -2 -12 -1 -13 -2 -12 -2 -12 -2 -11 -3 -10 -3 -9 -3 -8 -4 -7 -3 -7 -3 -5 -3 -4 -3 0 0 0 0 0 0 0 0 0 0 0 0 0 0 0 0 0 0 0 0 0 0 -19 -9 -19 -11 -18 -11 -18 -12 -16 -12 -17 -14 -16 -14 -16 -14 -15 -14 -15 -14 -15 -14 -15 -13 -14 -13 -14 -12 -15 -12 -15 -11 -16 -11 -15 -10 -17 -10 -17 -9 -18 -8 -19 -8 -19 -7 -20 -8 -20 -8 -20 -8]
,,,-80,0,0,0,0,0,0,0,0,0,0,-92,0,6,1722359572841,0,0,0,0,1722359572841,124,[15 -18 16 -17 14 -16 14 -16 13 -16 12 -15 11 -15 13 10 -15 9 -15 9 -16 8 -15 8 -16 8 -16 8 -15 8 -16 8 -14 9 -14 9 -13 9 -12 9 -11 9 -9 8 -8 8 -7 7 -7 7 -6 0 0 0 0 0 0 0 0 0 0 0 0 0 0 0 0 0 0 0 0 0 0 11 -17 12 -16 13 -15 14 -15 14 -14 15 -14 16 -13 16 -13 17 -13 17 -12 17 -12 16 -12 16 -12 16 -12 15 -13 15 -13 15 -14 14 -14 14 -15 14 -16 13 -17 14 -18 14 -19 14 -20 15 -20 15]
,,,-80,0,0,0,0,0,0,0,0,0,0,-92,0,6,1722359572862,0,0,0,0,1722359572862,124,[9 20 9 21 9 19 9 19 9 18 9 17 13 10 15 13 10 15 13 10 14 11 14 11 13 11 13 12 14 11 13 12 14 11 14 13 10 15 9 15 8 14 7 14 5 13 4 12 4 12 2 12 1 11 0 0 0 0 0 0 0 0 0 0 0 0 0 0 0 0 0 0 0 0 0 0 7 15 6 16 5 16 4 17 4 17 3 19 2 19 2 19 1 19 1 19 2 20 1 19 2 18 2 18 3 18 3 17 4 18 4 17 6 18 6 18 7 18 8 18 9 18 11 19]
,,,-80,0,0,0,0,0,0,0,0,0,0,-92,0,6,1722359572889,0,0,0,0,1722359572889,124,[20 1 21 1 19 1 19 2 18 1 17 1 16 0 15 -1 15 -2 15 -2 15 -3 15 -3 15 -4 15 -4 15 -4 15 -3 16 -3 16 -1 15 -1 14 1 14 2 13 3 12 4 13 10 5 9 5 0 0 0 0 0 0 0 0 0 0 0 0 0 0 0 0 0 0 0 0 0 0 14 3 14 4 13 5 14 6 13 6 14 7 14 7 14 8 14 7 13 8 14 8 13 8 14 7 13 7 14 6 14 5 15 4 14 3 16 3 16 2 17 1 18 1 18 0 20 0 21 0 21]
,,,-80,0,0,0,0,0,0,0,0,0,0,-92,0,6,1722359572902,0,0,0,0,1722359572902,124,[-15 14 -16 13 -14 13 -14 12 -13 11 -12 11 -11 13 10 -10 11 -9 11 -9 11 -8 11 -8 11 -8 11 -8 11 -8 11 -9 11 -9 11 -10 9 -10 8 -11 7 -10 5 -11 4 -10 3 -10 2 -9 1 0 0 0 0 0 0 0 0 0 0 0 0 0 0 0 0 0 0 0 0 0 0 -13 8 -14 6 -14 6 -14 6 -15 5 -15 5 -16 5 -16 5 -16 5 -16 4 -16 5 -15 5 -15 5 -14 6 -14 6 -14 7 -14 8 -13 8 -13 13 10 -13 13 10 -13 11 -13 12 -13 13 -14 14 -14]
,,,-80,0,0,0,0,0,0,0,0,0,0,-92,0,6,1722359572922,0,0,0,0,1722359572922,124,[25 7 24 7 24 7 22 7 21 6 20 5 19 4 18 3 18 2 18 1 17 1 17 1 17 1 17 1 16 1 16 2 15 2 14 3 13 4 12 5 13 10 5 9 6 7 6 4 6 3 6 0 0 0 0 0 0 0 0 0 0 0 0 0 0 0 0 0 0 0 0 0 0 20 13 10 18 12 18 12 17 13 17 13 16 14 16 15 16 15 16 15 16 14 16 14 16 13 16 13 17 13 17 11 18 11 18 13 10 19 9 20 8 21 7 22 6 23 6 24 5 25 6 27]
,,,-80,0,0,0,0,0,0,0,0,0,0,-92,0,6,1722359572943,0,0,0,0,1722359572943,124,[2 21 2 21 1 19 1 18 1 16 1 15 1 13 2 13 2 12 3 12 3 11 3 11 3 11 2 13 10 2 13 10 2 9 1 9 0 8 -1 7 -2 6 -2 4 -2 3 -2 2 -3 1 -2 0 0 0 0 0 0 0 0 0 0 0 0 0 0 0 0 0 0 0 0 0 0 0 3 17 1 17 0 17 0 17 0 17 -1 18 -1 18 -1 18 -1 18 -1 18 -1 18 -1 18 0 18 0 18 0 18 0 18 1 18 1 18 2 19 3 18 4 19 4 19 5 20 5 21 5 22]
,,,-80,0,0,0,0,0,0,0,0,0,0,-92,0,6,1722359572962,0,0,0,0,1722359572962,124,[-9 -20 -9 -20 -8 -18 -7 -17 -7 -16 -7 -14 -6 -14 -7 -12 -7 -12 -7 -11 -7 -11 -7 -10 -7 -9 -6 -9 -6 -9 -5 -9 -4 -9 -4 -8 -2 -7 -2 -7 -1 -5 -1 -4 0 -3 0 -2 0 -1 0 0 0 0 0 0 0 0 0 0 0 0 0 0 0 0 0 0 0 0 0 0 -9 -15 -8 -15 -7 -15 -7 -16 -6 -16 -6 -16 -6 -17 -6 -17 -6 -17 -5 -17 -5 -18 -6 -17 -6 -17 -6 -17 -6 -17 -7 -17 -8 -17 -8 -17 -9 -17 -10 -17 -11 -17 -11 -18 -11 -18 -12 -19 -12 -19 -12 -20]
,,,-80,0,0,0,0,0,0,0,0,0,0,-92,0,6,1722359572982,0,0,0,0,1722359572982,124,[-19 -10 -19 -10 -17 -9 -16 -9 -15 -7 -14 -7 -13 -6 -13 -5 -12 -4 -12 -3 -12 -3 -11 -2 -12 -2 -10 -2 -11 -1 -10 -1 -9 -2 -9 -2 -7 -2 -7 -1 -6 -2 -5 -1 -4 0 -4 1 -4 2 0 0 0 0 0 0 0 0 0 0 0 0 0 0 0 0 0 0 0 0 0 0 -18 -2 -18 -5 -17 -5 -18 -6 -17 -5 -18 -7 -18 -7 -18 -8 -18 -8 -18 -8 -18 -8 -18 -8 -19 -8 -19 -8 -19 -8 -19 -8 -20 -7 -19 -7 -21 -7 -20 -7 -21 -7 -22 -7 -22 -6 -23 -7 -23 -8 -23 -8]
,,,-80,0,0,0,0,0,0,0,0,0,0,-92,0,6,1722359573002,0,0,0,0,1722359573002,124,[-7 17 -7 18 -6 15 -5 15 -5 15 -4 14 -3 13 -2 13 -1 13 -1 13 0 13 0 12 1 13 1 13 1 13 0 13 1 13 0 12 0 11 0 13 10 -1 9 -1 9 0 9 0 9 0 9 0 0 0 0 0 0 0 0 0 0 0 0 0 0 0 0 0 0 0 0 0 0 -2 19 -4 19 -5 18 -6 18 -6 17 -8 18 -8 18 -9 18 -9 17 -10 17 -11 18 -10 16 -10 17 -10 16 -9 16 -9 16 -9 16 -8 16 -8 17 -7 17 -6 18 -5 18 -6 18 -6 20 -6 20 -6]
,,,-80,0,0,0,0,0,0,0,0,0,0,-92,0,6,1722359573022,0,0,0,0,1722359573022,124,[-14 27 -14 26 -12 25 -12 24 -10 23 -9 22 -7 22 -5 21 -4 21 -3 21 -2 21 -1 21 -1 22 0 21 0 23 -1 23 -2 23 -3 21 -3 20 -4 20 -5 17 -5 16 -4 16 -4 15 -5 15 0 0 0 0 0 0 0 0 0 0 0 0 0 0 0 0 0 0 0 0 0 0 -9 27 -13 26 -13 25 -15 25 -16 23 -17 24 -19 24 -20 23 -20 22 -21 21 -21 22 -21 20 -20 20 -19 20 -19 20 -18 20 -16 21 -15 21 -15 23 -13 23 -13 24 -11 26 -12 27 -12 28 -12 29 -13 30]
,,,-80,0,0,0,0,0,0,0,0,0,0,-92,0,6,1722359573049,0,0,0,0,1722359573049,124,[-1 21 -1 20 0 19 0 17 0 17 1 16 2 16 3 15 4 15 4 15 5 14 5 14 5 14 6 15 6 15 5 16 4 16 3 15 3 14 1 14 1 13 0 12 0 11 0 11 -1 13 10 0 0 0 0 0 0 0 0 0 0 0 0 0 0 0 0 0 0 0 0 0 0 0 19 -1 19 -3 19 -4 18 -4 19 -5 19 -6 19 -7 18 -7 18 -8 18 -8 17 -7 17 -7 16 -6 16 -5 16 -5 16 -4 16 -3 16 -2 17 -1 17 -1 18 1 19 1 20 1 21 2 21 1]
,,,-80,0,0,0,0,0,0,0,0,0,0,-92,0,6,1722359573068,0,0,0,0,1722359573068,124,[13 10 -18 13 10 -18 9 -17 8 -16 8 -16 7 -16 6 -16 5 -16 4 -16 3 -17 3 -17 2 -17 3 -18 2 -18 3 -18 4 -18 4 -18 6 -17 6 -16 6 -15 7 -13 7 -12 7 -11 7 -11 7 -10 0 0 0 0 0 0 0 0 0 0 0 0 0 0 0 0 0 0 0 0 0 0 13 10 -16 12 -15 13 -14 13 -14 14 -13 14 -13 15 -12 15 -11 15 -11 15 -10 15 -11 14 -11 14 -11 13 -11 13 -11 12 -12 11 -12 11 -13 11 -14 13 10 -14 13 10 -15 13 10 -17 9 -17]
,,,-80,0,0,0,0,0,0,0,0,0,0,-92,0,6,1722359573083,0,0,0,0,1722359573083,124,[15 13 15 14 15 13 15 12 14 11 14 13 10 14 9 14 8 14 7 15 7 15 7 15 6 16 6 16 6 16 7 16 7 16 8 15 9 13 9 12 13 10 13 10 9 9 13 10 9 13 10 7 9 6 9 0 0 0 0 0 0 0 0 0 0 0 0 0 0 0 0 0 0 0 0 0 0 12 13 13 10 15 13 10 14 9 15 8 15 8 16 7 16 7 16 7 16 6 16 7 17 6 16 7 16 7 15 8 15 8 14 9 14 13 10 13 11 14 11 13 12 13 13 13]
,,,-80,0,0,0,0,0,0,0,0,0,0,-92,0,6,1722359573102,0,0,0,0,1722359573102,124,[13 10 -24 13 10 -22 9 -22 9 -20 8 -20 7 -19 6 -18 4 -18 4 -18 3 -18 3 -18 3 -18 2 -18 2 -19 3 -18 4 -18 4 -18 5 -17 6 -16 7 -15 7 -12 8 -11 8 -9 7 -8 7 -7 0 0 0 0 0 0 0 0 0 0 0 0 0 0 0 0 0 0 0 0 0 0 13 10 -20 12 -18 13 -18 13 -16 13 -16 13 -15 14 -16 14 -15 14 -16 15 -15 14 -15 14 -15 13 -15 13 -16 12 -16 11 -18 13 10 -17 11 -18 13 10 -19 9 -20 8 -20 8 -22 8 -22 9]
,,,-80,0,0,0,0,0,0,0,0,0,0,-92,0,6,1722359573122,0,0,0,0,1722359573122,124,[16 11 16 11 14 13 10 13 9 13 8 12 7 11 6 11 5 11 4 11 3 11 3 11 2 11 2 11 2 12 2 11 3 13 10 4 9 5 8 4 6 4 5 4 5 4 4 3 3 2 2 2 0 0 0 0 0 0 0 0 0 0 0 0 0 0 0 0 0 0 0 0 0 0 18 7 17 9 15 9 15 9 14 9 15 13 10 14 13 10 15 13 10 14 13 10 14 11 14 13 10 14 13 10 14 13 10 14 9 14 9 14 9 15 9 15 8 17 8 17 8 18 7 18]
,,,-80,0,0,0,0,0,0,0,0,0,0,-92,0,6,1722359573141,0,0,0,0,1722359573141,124,[6 20 5 19 5 18 5 17 5 16 6 14 6 13 6 12 7 11 8 11 8 11 8 11 8 11 9 11 9 11 8 12 7 12 6 11 5 13 10 4 13 10 3 9 3 8 3 8 2 7 2 7 0 0 0 0 0 0 0 0 0 0 0 0 0 0 0 0 0 0 0 0 0 0 7 14 6 14 5 14 5 14 5 14 5 15 5 15 5 15 5 15 5 15 5 16 6 15 6 16 6 16 6 16 6 16 7 17 8 16 8 17 9 17 13 10 17 13 10 18 11 19 13 10]
,,,-80,0,0,0,0,0,0,0,0,0,0,-92,0,6,1722359573164,0,0,0,0,1722359573164,124,[16 -16 15 -15 15 -15 14 -14 13 -14 12 -13 11 -13 13 10 -13 9 -14 9 -14 8 -14 8 -14 8 -14 8 -14 8 -14 8 -13 9 -13 9 -12 8 -10 8 -9 8 -8 7 -7 7 -7 7 -6 7 -6 0 0 0 0 0 0 0 0 0 0 0 0 0 0 0 0 0 0 0 0 0 0 8 -12 9 -11 9 -11 9 -11 13 10 -11 13 10 -11 13 10 -11 12 -12 12 -11 12 -12 13 -12 12 -12 13 -13 13 -13 13 -13 13 -14 13 -14 13 -14 13 -16 13 -16 13 -17 14 -18 14 -18 14 -19]
,,,-80,0,0,0,0,0,0,0,0,0,0,-92,0,6,1722359573183,0,0,0,0,1722359573183,124,[12 18 12 18 11 17 13 10 16 13 10 15 13 10 14 13 10 13 13 10 12 13 10 11 13 10 13 10 13 10 13 10 13 10 13 10 11 13 10 13 10 13 10 13 10 13 10 13 10 13 10 9 13 10 8 13 10 7 13 10 6 13 10 5 9 4 9 4 8 3 8 2 7 0 0 0 0 0 0 0 0 0 0 0 0 0 0 0 0 0 0 0 0 0 0 13 10 13 10 13 10 11 9 11 9 11 9 12 9 12 9 13 9 13 9 14 9 14 9 14 9 15 9 15]
,,,-80,0,0,0,0,0,0,0,0,0,0,-92,0,6,1722359573203,0,0,0,0,1722359573203,124,[11 -19 12 -19 11 -17 13 10 -16 9 -16 8 -15 7 -15 6 -15 5 -14 4 -15 4 -14 3 -14 3 -14 2 -14 2 -14 3 -13 3 -13 3 -13 3 -12 4 -11 3 -10 4 -9 4 -8 4 -8 3 -7 0 0 0 0 0 0 0 0 0 0 0 0 0 0 0 0 0 0 0 0 0 0 5 -17 7 -17 8 -16 9 -17 9 -16 13 10 -17 13 10 -17 11 -16 11 -16 12 -16 12 -16 12 -17 12 -16 12 -16 12 -17 11 -17 11 -18 11 -18 11 -19 13 10 -19 13 10 -19 13 10 -21 13 10]
,,,-80,0,0,0,0,0,0,0,0,0,0,-92,0,6,1722359573223,0,0,0,0,1722359573223,124,[-19 8 -18 8 -17 8 -16 7 -15 7 -14 7 -13 8 -11 8 -11 9 -10 9 -10 9 -9 9 -9 13 10 -9 13 10 -9 13 10 -9 13 10 -10 13 10 -10 9 -10 7 -9 7 -9 6 -9 5 -8 5 -8 5 -7 4 0 0 0 0 0 0 0 0 0 0 0 0 0 0 0 0 0 0 0 0 0 0 -15 12 -16 13 10 -17 13 10 -17 8 -18 8 -19 7 -19 7 -19 6 -19 5 -19 5 -19 6 -19 6 -18 6 -18 6 -17 5 -18 6 -18 6 -17 7 -18 7 -17 8 -17 9 -18 9 -18]
,,,-80,0,0,0,0,0,0,0,0,0,0,-92,0,6,1722359573243,0,0,0,0,1722359573243,124,[13 10 -15 13 10 -15 13 10 -15 9 -13 8 -13 7 -13 7 -13 5 -13 5 -13 4 -14 3 -13 3 -13 3 -14 3 -14 3 -14 4 -14 4 -13 5 -13 5 -12 6 -12 5 -10 5 -9 5 -8 5 -8 5 -8 0 0 0 0 0 0 0 0 0 0 0 0 0 0 0 0 0 0 0 0 0 0 9 -16 13 10 -15 11 -14 11 -13 12 -13 13 -12 13 -12 14 -12 14 -11 14 -11 14 -11 13 -11 13 -11 13 -11 12 -11 12 -12 11 -12 11 -12 13 10 -13 13 10 -13 13 10 -14 13 10 -15]
,,,-80,0,0,0,0,0,0,0,0,0,0,-92,0,6,1722359573266,0,0,0,0,1722359573266,124,[-21 0 -21 0 -19 1 -18 1 -18 2 -17 3 -17 3 -16 4 -16 5 -16 5 -16 5 -16 5 -17 5 -17 6 -17 5 -17 4 -17 4 -17 2 -16 1 -15 0 -14 -1 -13 -1 -12 -2 -10 -1 -9 -1 0 0 0 0 0 0 0 0 0 0 0 0 0 0 0 0 0 0 0 0 0 0 -20 0 -19 -2 -19 -3 -19 -4 -18 -4 -18 -5 -18 -5 -18 -6 -17 -6 -17 -6 -17 -6 -17 -5 -17 -5 -16 -4 -16 -4 -17 -4 -17 -2 -17 -2 -17 -1 -18 0 -18 1 -19 1 -19 2 -21 2 -21 2 -21 2]
,,,-80,0,0,0,0,0,0,0,0,0,0,-92,0,6,1722359573287,0,0,0,0,1722359573287,124,[13 -12 13 -12 12 -12 12 -12 11 -11 13 10 -12 13 10 -12 8 -12 8 -13 8 -13 8 -12 8 -13 8 -13 8 -13 8 -13 9 -12 9 -11 13 10 -10 9 -9 9 -8 9 -6 8 -5 7 -5 6 -4 6 -4 0 0 0 0 0 0 0 0 0 0 0 0 0 0 0 0 0 0 0 0 0 0 12 -13 13 -11 13 -11 14 -10 14 -9 15 -9 15 -8 15 -8 15 -7 15 -7 15 -7 15 -7 15 -7 14 -7 14 -7 14 -8 13 -8 12 -8 12 -9 12 -10 12 -11 12 -12 12 -12 13 -13 13]
,,,-80,0,0,0,0,0,0,0,0,0,0,-92,0,6,1722359573305,0,0,0,0,1722359573305,124,[11 12 11 12 11 13 10 11 13 10 11 9 11 8 11 8 11 7 11 6 12 6 12 6 12 6 12 6 12 6 12 6 11 6 11 7 13 10 7 9 7 8 7 7 6 6 6 6 5 5 4 4 4 0 0 0 0 0 0 0 0 0 0 0 0 0 0 0 0 0 0 0 0 0 0 13 12 11 13 11 14 13 10 14 9 14 9 16 8 16 7 16 6 16 6 15 6 16 6 15 6 15 6 14 6 14 6 13 7 13 7 12 9 12 9 12 13 10 11 11 11 11 11 12]
,,,-80,0,0,0,0,0,0,0,0,0,0,-92,0,6,1722359573326,0,0,0,0,1722359573326,124,[18 3 18 3 16 2 16 2 15 1 14 0 14 -1 14 -1 14 -3 14 -3 14 -3 14 -4 14 -4 14 -4 15 -4 15 -3 14 -2 14 -1 13 -1 12 0 11 0 13 10 0 13 10 0 9 0 9 0 0 0 0 0 0 0 0 0 0 0 0 0 0 0 0 0 0 0 0 0 0 0 19 3 19 5 18 5 18 7 17 7 17 8 16 9 15 9 15 9 14 9 14 9 14 8 14 8 14 7 14 7 14 6 14 6 14 5 15 4 15 3 16 3 17 2 17 2 18 2 19 2]
,,,-80,0,0,0,0,0,0,0,0,0,0,-92,0,6,1722359573343,0,0,0,0,1722359573343,124,[-17 25 -16 24 -14 23 -14 22 -12 22 -10 21 -9 22 -7 21 -6 22 -5 23 -5 22 -4 23 -4 23 -4 24 -4 24 -6 24 -6 23 -8 21 -8 20 -8 18 -8 15 -7 14 -7 14 -7 13 -7 13 0 0 0 0 0 0 0 0 0 0 0 0 0 0 0 0 0 0 0 0 0 0 -18 28 -22 26 -23 24 -24 22 -24 21 -26 20 -26 19 -26 17 -25 17 -25 16 -25 16 -24 16 -23 16 -22 16 -20 16 -20 17 -19 18 -18 19 -18 20 -17 21 -16 23 -15 24 -15 25 -16 27 -16 27 -17 28]
,,,-80,0,0,0,0,0,0,0,0,0,0,-92,0,6,1722359573361,0,0,0,0,1722359573361,124,[-6 -19 -5 -17 -5 -16 -5 -15 -6 -15 -6 -14 -6 -13 -7 -12 -8 -12 -8 -12 -9 -11 -9 -11 -9 -11 -9 -11 -9 -11 -9 -11 -8 -12 -7 -12 -6 -11 -5 -11 -5 -10 -4 -9 -4 -8 -3 -8 -3 -7 0 0 0 0 0 0 0 0 0 0 0 0 0 0 0 0 0 0 0 0 0 0 -5 -20 -3 -21 -1 -21 0 -20 1 -20 1 -20 2 -20 3 -19 2 -19 3 -19 3 -18 2 -17 2 -18 2 -17 1 -17 0 -17 -1 -17 -1 -16 -2 -17 -3 -17 -4 -17 -5 -17 -5 -17 -6 -18 -6 -19 -6 -19]
,,,-80,0,0,0,0,0,0,0,0,0,0,-92,0,6,1722359573382,0,0,0,0,1722359573382,124,[7 -19 8 -19 7 -17 7 -17 5 -16 4 -16 3 -15 3 -15 2 -15 1 -15 1 -14 0 -15 0 -15 -1 -15 0 -15 1 -14 1 -15 2 -14 3 -13 3 -11 3 -10 3 -9 4 -7 3 -6 3 -6 0 0 0 0 0 0 0 0 0 0 0 0 0 0 0 0 0 0 0 0 0 0 9 -21 12 -20 12 -18 13 -17 13 -16 15 -16 14 -16 15 -15 14 -14 14 -13 14 -13 13 -13 13 -14 12 -14 11 -14 13 10 -14 13 10 -15 9 -15 9 -17 7 -17 7 -18 6 -19 6 -19 6 -21 6 -21]
,,,-80,0,0,0,0,0,0,0,0,0,0,-92,0,6,1722359573401,0,0,0,0,1722359573401,124,[23 19 23 20 21 17 20 17 19 15 18 13 18 12 18 13 10 17 9 19 8 18 8 18 7 19 8 18 7 18 7 17 8 17 9 15 9 13 13 10 11 13 10 9 9 7 8 6 8 4 6 3 5 0 0 0 0 0 0 0 0 0 0 0 0 0 0 0 0 0 0 0 0 0 0 23 21 21 24 18 24 17 25 15 24 15 25 13 25 13 24 12 24 11 22 12 22 12 21 13 20 13 19 15 19 15 17 17 17 17 16 20 16 21 15 22 15 24 15 24 15 26 16 27]
,,,-80,0,0,0,0,0,0,0,0,0,0,-92,0,6,1722359573422,0,0,0,0,1722359573422,124,[-16 21 -18 20 -15 18 -15 17 -12 16 -10 15 -9 15 -8 15 -7 14 -6 15 -5 14 -5 14 -5 15 -4 14 -4 16 -5 14 -5 15 -6 13 -6 12 -6 13 10 -6 8 -5 7 -5 6 -3 5 -3 6 0 0 0 0 0 0 0 0 0 0 0 0 0 0 0 0 0 0 0 0 0 0 -12 21 -15 19 -15 18 -16 17 -15 16 -17 17 -16 16 -17 15 -16 15 -16 14 -15 15 -15 15 -15 15 -14 16 -13 17 -13 17 -13 19 -12 18 -12 21 -11 21 -11 22 -11 23 -11 24 -13 26 -14 26 -15]
,,,-80,0,0,0,0,0,0,0,0,0,0,-92,0,6,1722359573441,0,0,0,0,1722359573441,124,[1 -20 1 -19 1 -17 0 -16 -1 -15 -2 -14 -3 -13 -4 -12 -5 -12 -6 -13 -7 -12 -6 -12 -7 -12 -7 -13 -8 -13 -7 -13 -6 -13 -5 -13 -4 -12 -3 -12 -2 -11 -2 -10 -2 -9 -1 -8 -1 -7 0 0 0 0 0 0 0 0 0 0 0 0 0 0 0 0 0 0 0 0 0 0 -1 -20 1 -19 2 -19 3 -19 3 -19 4 -20 5 -19 5 -19 5 -18 5 -18 6 -18 6 -17 5 -17 5 -17 4 -17 3 -17 2 -17 2 -18 1 -19 0 -19 0 -19 -1 -20 -1 -20 -1 -22 -1 -22 0 -22]
,,,-80,0,0,0,0,0,0,0,0,0,0,-92,0,6,1722359573463,0,0,0,0,1722359573463,124,[-17 -12 -17 -11 -16 -10 -16 -10 -15 -9 -15 -7 -15 -7 -15 -6 -16 -5 -16 -4 -16 -4 -17 -4 -17 -4 -17 -4 -17 -4 -17 -5 -16 -6 -15 -7 -14 -7 -12 -7 -10 -8 -9 -7 -8 -7 -6 -6 -6 -6 0 0 0 0 0 0 0 0 0 0 0 0 0 0 0 0 0 0 0 0 0 0 -17 -12 -16 -14 -15 -15 -14 -16 -13 -16 -13 -17 -12 -17 -12 -17 -11 -17 -10 -17 -11 -17 -10 -16 -10 -16 -10 -15 -11 -14 -11 -13 -13 -13 -13 -12 -14 -12 -15 -12 -16 -11 -16 -11 -17 -11 -18 -12 -19 -12 -19 -12]
,,,-80,0,0,0,0,0,0,0,0,0,0,-92,0,6,1722359573483,0,0,0,0,1722359573483,124,[20 6 19 6 18 5 18 5 17 4 17 3 17 2 16 1 16 1 17 0 16 0 17 0 17 0 17 0 17 0 17 1 16 2 15 3 14 4 13 5 11 5 13 10 5 9 5 7 5 6 5 0 0 0 0 0 0 0 0 0 0 0 0 0 0 0 0 0 0 0 0 0 0 18 9 17 11 16 11 15 12 15 12 14 14 14 14 13 14 13 14 12 14 12 14 12 13 12 13 12 12 13 11 13 13 10 13 9 14 8 15 8 16 7 17 6 17 5 18 6 19 6 20 6]
,,,-80,0,0,0,0,0,0,0,0,0,0,-92,0,6,1722359573504,0,0,0,0,1722359573504,124,[-12 -19 -12 -19 -11 -17 -11 -17 -11 -16 -11 -15 -11 -14 -11 -13 -12 -12 -12 -12 -12 -12 -12 -11 -13 -11 -12 -11 -12 -12 -12 -12 -11 -13 -10 -14 -8 -13 -7 -14 -5 -12 -3 -12 -2 -11 -1 -10 0 -9 0 0 0 0 0 0 0 0 0 0 0 0 0 0 0 0 0 0 0 0 0 0 -5 -20 -4 -20 -2 -20 -2 -20 -1 -19 -1 -20 0 -20 0 -20 1 -19 0 -19 0 -19 -1 -18 -2 -18 -2 -17 -2 -16 -3 -16 -4 -16 -5 -16 -7 -17 -8 -16 -9 -16 -10 -17 -11 -16 -12 -17 -13 -18 -13 -18]
,,,-80,0,0,0,0,0,0,0,0,0,0,-92,0,6,1722359573523,0,0,0,0,1722359573523,124,[-1 -21 -1 -21 0 -19 0 -18 -1 -17 -1 -16 -2 -15 -3 -14 -3 -13 -4 -13 -4 -12 -4 -12 -5 -12 -4 -12 -4 -12 -4 -12 -3 -12 -1 -12 0 -11 1 -11 3 -9 3 -7 4 -6 4 -4 4 -3 0 0 0 0 0 0 0 0 0 0 0 0 0 0 0 0 0 0 0 0 0 0 5 -20 7 -18 8 -18 8 -18 9 -17 9 -17 13 10 -16 9 -16 13 10 -16 9 -15 8 -15 7 -15 6 -15 6 -15 4 -15 3 -15 2 -16 1 -16 0 -17 -1 -17 -2 -18 -2 -19 -3 -19 -4 -20 -4 -22]
,,,-80,0,0,0,0,0,0,0,0,0,0,-92,0,6,1722359573544,0,0,0,0,1722359573544,124,[-21 5 -21 4 -19 4 -17 3 -15 3 -14 4 -13 4 -12 5 -11 5 -10 7 -10 7 -9 7 -9 7 -9 7 -9 7 -9 7 -9 6 -9 5 -8 3 -7 2 -6 1 -5 1 -4 1 -3 1 -1 1 0 0 0 0 0 0 0 0 0 0 0 0 0 0 0 0 0 0 0 0 0 0 -21 6 -22 4 -22 3 -22 2 -21 1 -22 0 -22 -1 -21 -2 -21 -2 -20 -3 -20 -1 -19 -1 -19 0 -18 0 -18 1 -18 3 -19 4 -18 5 -19 5 -19 6 -19 8 -20 8 -21 8 -22 8 -23 9 -23 8]
,,,-80,0,0,0,0,0,0,0,0,0,0,-92,0,6,1722359573562,0,0,0,0,1722359573562,124,[5 23 5 22 5 20 5 19 6 17 6 15 7 14 8 13 9 12 13 10 12 13 10 11 13 10 11 11 11 11 12 11 12 13 10 12 13 10 13 9 13 7 12 7 11 5 13 10 4 9 3 8 3 7 3 7 0 0 0 0 0 0 0 0 0 0 0 0 0 0 0 0 0 0 0 0 0 0 8 24 6 24 4 25 3 24 2 24 0 25 -1 24 -1 24 -2 23 -2 23 -2 23 -1 22 -1 21 0 21 1 20 1 21 3 21 4 21 5 21 6 21 8 22 8 22 9 23]
,,,-80,0,0,0,0,0,0,0,0,0,0,-92,0,6,1722359573582,0,0,0,0,1722359573582,124,[9 -20 8 -20 7 -18 6 -18 5 -17 4 -17 3 -16 1 -16 0 -17 -1 -17 -1 -17 -2 -17 -2 -18 -3 -18 -2 -19 -1 -18 0 -19 1 -18 2 -17 3 -16 4 -14 4 -12 4 -12 3 -11 4 -9 0 0 0 0 0 0 0 0 0 0 0 0 0 0 0 0 0 0 0 0 0 0 11 -21 14 -20 14 -19 15 -18 16 -17 17 -17 17 -16 18 -15 18 -14 17 -14 16 -14 15 -14 15 -14 14 -14 13 -14 13 -15 12 -16 11 -16 11 -17 13 10 -17 9 -18 9 -20 8 -20 8 -21 8 -22 9]
,,,-80,0,0,0,0,0,0,0,0,0,0,-92,0,6,1722359573606,0,0,0,0,1722359573606,124,[18 -4 19 -4 17 -4 17 -4 16 -5 15 -5 14 -6 13 -6 12 -8 12 -8 12 -8 12 -9 12 -9 11 -9 12 -9 12 -9 13 -8 13 -7 13 -6 12 -4 11 -3 11 -2 13 10 -1 8 -1 7 -1 0 0 0 0 0 0 0 0 0 0 0 0 0 0 0 0 0 0 0 0 0 0 21 -1 21 1 21 2 21 3 20 4 20 5 20 6 19 6 19 7 18 7 18 6 17 6 17 5 17 5 17 4 16 3 17 2 16 1 17 0 16 -1 17 -2 18 -2 17 -4 19 -5 19 -5 20]
,,,-80,0,0,0,0,0,0,0,0,0,0,-92,0,6,1722359573622,0,0,0,0,1722359573622,124,[-3 -20 -3 -19 -3 -18 -3 -17 -3 -17 -4 -16 -4 -15 -5 -14 -5 -14 -6 -14 -6 -13 -7 -13 -7 -13 -7 -13 -7 -13 -6 -14 -5 -13 -5 -14 -3 -13 -2 -13 -1 -11 0 -10 1 -9 1 -8 1 -6 0 0 0 0 0 0 0 0 0 0 0 0 0 0 0 0 0 0 0 0 0 0 0 -20 1 -20 3 -20 3 -20 4 -20 5 -20 6 -19 6 -19 7 -18 7 -18 7 -17 6 -17 5 -17 5 -16 4 -15 3 -16 2 -16 1 -16 0 -17 -1 -17 -2 -17 -2 -18 -3 -19 -3 -20 -4 -20 -4 -20]
,,,-80,0,0,0,0,0,0,0,0,0,0,-92,0,6,1722359573641,0,0,0,0,1722359573641,124,[4 -18 4 -17 3 -16 3 -16 3 -15 2 -15 1 -14 0 -13 0 -13 -1 -13 -2 -14 -2 -13 -1 -14 -2 -14 -1 -14 -1 -13 0 -13 1 -13 3 -12 3 -10 3 -9 3 -7 3 -6 3 -5 3 -4 0 0 0 0 0 0 0 0 0 0 0 0 0 0 0 0 0 0 0 0 0 0 6 -16 8 -15 8 -14 9 -14 9 -13 13 10 -14 11 -13 11 -12 11 -12 11 -12 13 10 -12 13 10 -11 9 -11 8 -11 8 -12 7 -12 6 -12 5 -13 5 -14 4 -14 4 -15 4 -16 3 -16 3 -18 3]
,,,-80,0,0,0,0,0,0,0,0,0,0,-92,0,6,1722359573662,0,0,0,0,1722359573662,124,[-21 6 -20 6 -19 6 -18 5 -17 5 -16 6 -15 6 -14 6 -14 7 -14 8 -13 7 -13 8 -14 8 -13 8 -13 7 -14 6 -13 5 -13 3 -12 2 -12 1 -10 -1 -9 -1 -7 -2 -6 -2 -4 -2 0 0 0 0 0 0 0 0 0 0 0 0 0 0 0 0 0 0 0 0 0 0 -18 4 -18 2 -19 0 -18 0 -18 -1 -18 -1 -18 -2 -18 -2 -18 -3 -17 -3 -17 -2 -16 -1 -16 -1 -16 0 -16 0 -17 1 -16 2 -16 3 -16 4 -17 5 -18 6 -18 7 -19 8 -20 9 -20 9 -21 9]
,,,-80,0,0,0,0,0,0,0,0,0,0,-92,0,6,1722359573683,0,0,0,0,1722359573683,124,[16 -11 16 -11 15 -10 14 -10 13 -9 12 -9 11 -9 13 10 -10 9 -10 9 -11 8 -11 8 -11 8 -10 8 -10 9 -10 9 -9 9 -8 8 -7 8 -5 8 -4 6 -3 6 -2 5 -2 3 -1 2 -1 0 0 0 0 0 0 0 0 0 0 0 0 0 0 0 0 0 0 0 0 0 0 14 -9 15 -8 15 -7 15 -7 15 -6 16 -6 16 -5 15 -5 16 -5 15 -5 15 -5 15 -6 15 -6 14 -7 14 -7 14 -7 14 -8 14 -9 14 -10 14 -11 14 -12 15 -13 15 -13 16 -14 17 -14 17]
,,,-80,0,0,0,0,0,0,0,0,0,0,-92,0,6,1722359573702,0,0,0,0,1722359573702,124,[-13 -18 -12 -17 -11 -16 -11 -15 -11 -14 -11 -12 -11 -11 -11 -10 -11 -10 -11 -9 -11 -9 -11 -8 -12 -8 -12 -8 -11 -8 -11 -9 -10 -9 -9 -8 -8 -8 -7 -8 -6 -7 -4 -6 -4 -6 -3 -5 -3 -4 0 0 0 0 0 0 0 0 0 0 0 0 0 0 0 0 0 0 0 0 0 0 -14 -15 -13 -17 -12 -17 -11 -17 -10 -17 -10 -18 -9 -18 -9 -18 -8 -18 -8 -18 -8 -18 -8 -18 -9 -18 -9 -18 -9 -17 -10 -17 -11 -17 -11 -17 -12 -16 -13 -16 -14 -16 -15 -16 -15 -17 -15 -18 -15 -18 -15 -18]
,,,-80,0,0,0,0,0,0,0,0,0,0,-92,0,6,1722359573723,0,0,0,0,1722359573723,124,[19 -5 19 -5 17 -4 16 -5 15 -5 14 -5 13 -6 11 -7 11 -7 13 10 -8 13 10 -8 9 -8 9 -8 9 -9 9 -9 9 -8 13 10 -8 9 -6 8 -6 7 -5 6 -4 6 -3 5 -2 3 -3 2 -3 0 0 0 0 0 0 0 0 0 0 0 0 0 0 0 0 0 0 0 0 0 0 22 -7 22 -5 22 -4 22 -2 22 -1 23 0 22 1 21 2 21 2 20 2 21 2 20 1 20 1 19 0 19 -1 19 -1 19 -2 19 -3 19 -3 20 -4 19 -5 20 -6 20 -6 21 -7 21]
,,,-80,0,0,0,0,0,0,0,0,0,0,-92,0,6,1722359573743,0,0,0,0,1722359573743,124,[-34 4 -34 3 -30 3 -30 3 -27 4 -25 4 -23 6 -23 7 -21 7 -21 9 -20 9 -20 9 -21 13 10 -19 13 10 -20 13 10 -20 9 -20 8 -19 6 -17 5 -16 3 -14 2 -12 1 -11 1 -9 2 -7 3 0 0 0 0 0 0 0 0 0 0 0 0 0 0 0 0 0 0 0 0 0 0 -37 9 -38 5 -36 2 -37 0 -35 -1 -36 -3 -35 -3 -34 -4 -33 -4 -32 -4 -33 -5 -32 -4 -32 -4 -31 -2 -31 -1 -31 0 -32 2 -30 2 -32 3 -32 5 -33 6 -33 6 -34 7 -36 7 -37]
,,,-80,0,0,0,0,0,0,0,0,0,0,-92,0,6,1722359573761,0,0,0,0,1722359573761,124,[-14 14 -15 14 -13 12 -13 12 -11 11 -10 13 10 -9 13 10 -8 13 10 -7 13 10 -7 11 -6 13 10 -6 13 10 -6 11 -5 13 10 -5 13 10 -5 13 10 -6 9 -6 8 -6 7 -6 6 -5 4 -4 3 -4 3 -3 2 -2 3 0 0 0 0 0 0 0 0 0 0 0 0 0 0 0 0 0 0 0 0 0 0 -13 16 -15 14 -15 13 -16 12 -15 11 -17 11 -17 11 -16 13 10 -16 13 10 -15 9 -16 13 10 -16 13 10 -15 13 10 -15 13 10 -14 13 10 -14 11 -14 12 -13 12]
,,,-80,0,0,0,0,0,0,0,0,0,0,-92,0,6,1722359573790,0,0,0,0,1722359573790,124,[16 -12 16 -11 15 -10 14 -9 12 -9 11 -9 13 10 -9 8 -9 8 -9 7 -10 6 -10 6 -10 6 -10 6 -10 6 -9 7 -9 7 -9 7 -7 6 -6 6 -4 5 -3 4 -1 3 -1 1 -1 0 -1 0 0 0 0 0 0 0 0 0 0 0 0 0 0 0 0 0 0 0 0 0 0 17 -13 18 -11 18 -9 18 -8 17 -8 18 -7 18 -6 18 -6 18 -5 17 -6 17 -6 16 -6 16 -7 16 -7 15 -8 15 -8 15 -9 14 -10 15 -11 14 -11 14 -12 15 -13 15 -14 15 -15 16 -15 17]
,,,-80,0,0,0,0,0,0,0,0,0,0,-92,0,6,1722359573802,0,0,0,0,1722359573802,124,[2 19 2 19 2 17 2 16 3 14 3 13 4 13 4 12 4 11 5 11 5 13 10 5 13 10 6 13 10 5 13 10 5 13 10 4 13 10 3 13 10 2 9 1 9 0 8 -1 6 -1 5 -1 3 -1 2 0 1 0 0 0 0 0 0 0 0 0 0 0 0 0 0 0 0 0 0 0 0 0 0 4 18 2 18 1 18 1 17 0 17 0 17 -1 17 -1 17 -1 17 -1 16 -1 17 -1 16 -1 17 0 16 1 16 1 16 2 16 2 16 3 17 4 17 5 17 5 18 6]
,,,-80,0,0,0,0,0,0,0,0,0,0,-92,0,6,1722359573822,0,0,0,0,1722359573822,124,[18 13 16 13 16 12 14 11 13 9 13 8 13 7 12 5 13 4 13 2 13 2 13 1 13 1 14 1 14 2 14 2 13 3 12 4 11 4 9 5 8 5 7 4 5 4 4 2 3 1 0 0 0 0 0 0 0 0 0 0 0 0 0 0 0 0 0 0 0 0 0 0 20 13 18 14 18 15 16 15 16 16 15 17 15 18 14 18 14 17 14 19 14 18 14 17 14 17 14 17 13 15 15 15 14 14 16 14 16 13 17 14 17 13 18 13 20 13 20 13 21 13 21 13]
,,,-80,0,0,0,0,0,0,0,0,0,0,-92,0,6,1722359573842,0,0,0,0,1722359573842,124,[15 5 14 4 13 3 12 2 11 1 11 0 13 10 -1 13 10 -2 13 10 -3 9 -4 9 -5 9 -5 13 10 -5 13 10 -6 11 -5 11 -5 11 -4 13 10 -3 9 -2 8 -1 7 -1 6 -1 5 -1 3 -1 3 -2 0 0 0 0 0 0 0 0 0 0 0 0 0 0 0 0 0 0 0 0 0 0 20 2 19 4 18 5 18 6 18 6 18 8 17 9 17 9 17 13 10 16 9 16 9 15 9 15 9 15 8 15 8 14 7 15 7 15 6 15 6 15 5 16 5 16 4 17]
,,,-80,0,0,0,0,0,0,0,0,0,0,-92,0,6,1722359573863,0,0,0,0,1722359573863,124,[1 16 2 15 2 13 2 12 3 11 4 9 5 8 6 7 7 6 8 6 8 6 9 6 13 10 6 13 10 6 13 10 6 13 10 7 9 8 9 8 8 7 7 7 6 6 5 5 5 5 4 4 5 4 0 0 0 0 0 0 0 0 0 0 0 0 0 0 0 0 0 0 0 0 0 0 6 19 4 20 3 19 2 20 1 19 0 20 0 20 -1 20 -1 20 -2 20 -2 20 -2 19 -2 19 -1 19 -1 18 -1 18 0 18 0 18 1 18 2 18 3 18 3 18 3 18 3 19]
,,,-80,0,0,0,0,0,0,0,0,0,0,-92,0,6,1722359573888,0,0,0,0,1722359573888,124,[7 14 7 14 7 12 7 11 8 9 8 8 9 7 13 10 6 11 6 11 5 12 5 13 5 14 5 14 5 14 6 14 7 13 8 12 9 13 10 8 9 9 8 8 7 8 7 7 5 6 5 6 0 0 0 0 0 0 0 0 0 0 0 0 0 0 0 0 0 0 0 0 0 0 11 15 9 17 8 16 7 17 6 17 6 18 5 18 4 18 4 19 4 18 4 19 3 18 4 17 4 17 4 17 4 16 4 16 5 16 6 16 6 16 7 16 7 16 8 15 9 16 9 16]
,,,-80,0,0,0,0,0,0,0,0,0,0,-92,0,6,1722359573902,0,0,0,0,1722359573902,124,[-16 8 -16 8 -14 8 -13 8 -12 8 -11 9 -10 13 10 -10 13 10 -9 11 -8 12 -8 12 -8 13 -9 13 -9 13 -9 14 -10 13 -11 12 -11 11 -11 9 -11 8 -11 6 -9 6 -9 5 -8 5 -8 5 0 0 0 0 0 0 0 0 0 0 0 0 0 0 0 0 0 0 0 0 0 0 -15 11 -16 9 -17 8 -17 7 -17 6 -18 6 -18 5 -19 5 -19 5 -18 4 -18 5 -18 4 -18 5 -18 4 -17 4 -17 5 -17 6 -16 6 -17 6 -17 7 -16 8 -16 8 -17 9 -17 13 10 -17]
,,,-80,0,0,0,0,0,0,0,0,0,0,-92,0,6,1722359573921,0,0,0,0,1722359573921,124,[-11 -20 -12 -19 -11 -17 -12 -18 -11 -15 -12 -14 -12 -14 -13 -12 -13 -12 -15 -11 -15 -12 -16 -11 -16 -11 -15 -12 -16 -13 -15 -13 -14 -15 -12 -14 -11 -14 -9 -13 -7 -12 -7 -11 -6 -11 -5 -10 -5 -9 0 0 0 0 0 0 0 0 0 0 0 0 0 0 0 0 0 0 0 0 0 0 -14 -18 -12 -20 -10 -20 -10 -20 -9 -20 -9 -22 -8 -22 -7 -22 -7 -22 -7 -22 -7 -22 -7 -22 -7 -22 -7 -21 -7 -21 -7 -21 -8 -21 -8 -20 -10 -20 -9 -20 -11 -19 -11 -19 -12 -19 -12 -20 -13 -20 -13 -20]
,,,-80,0,0,0,0,0,0,0,0,0,0,-92,0,6,1722359573942,0,0,0,0,1722359573942,124,[16 -9 16 -9 15 -8 14 -9 13 -8 12 -9 12 -9 11 -10 11 -10 13 10 -11 11 -11 13 10 -11 11 -11 11 -11 12 -11 12 -10 12 -9 12 -8 11 -7 11 -6 13 10 -4 9 -4 8 -3 7 -3 6 -3 0 0 0 0 0 0 0 0 0 0 0 0 0 0 0 0 0 0 0 0 0 0 14 -9 15 -8 15 -7 16 -7 16 -6 17 -6 17 -5 17 -4 17 -4 17 -3 18 -4 17 -4 17 -4 17 -4 16 -4 16 -4 16 -5 16 -5 16 -6 16 -6 15 -7 16 -8 15 -8 16 -9 16]
,,,-80,0,0,0,0,0,0,0,0,0,0,-92,0,6,1722359573962,0,0,0,0,1722359573962,124,[17 18 16 18 17 16 16 16 16 15 16 13 16 12 16 11 17 13 10 18 13 10 17 9 18 9 18 9 18 13 10 17 13 10 16 13 10 15 11 14 12 12 11 13 10 11 9 13 10 8 9 7 8 6 7 5 7 0 0 0 0 0 0 0 0 0 0 0 0 0 0 0 0 0 0 0 0 0 0 17 16 15 18 14 19 13 19 13 20 12 21 12 22 11 22 13 10 22 13 10 22 13 10 23 13 10 22 13 10 22 13 10 22 13 10 20 13 10 21 11 20 12 20 12]
,,,-80,0,0,0,0,0,0,0,0,0,0,-92,0,6,1722359573983,0,0,0,0,1722359573983,124,[-19 8 -18 8 -17 8 -17 8 -16 8 -15 8 -14 8 -13 9 -13 9 -12 13 10 -12 13 10 -12 9 -12 13 10 -12 13 10 -12 13 10 -13 9 -13 8 -12 7 -12 5 -11 4 -10 3 -9 2 -9 2 -7 1 -7 2 0 0 0 0 0 0 0 0 0 0 0 0 0 0 0 0 0 0 0 0 0 0 -17 9 -17 7 -18 6 -18 6 -18 5 -19 5 -19 4 -20 3 -20 3 -20 2 -20 3 -20 2 -20 3 -19 3 -19 3 -19 4 -19 4 -18 4 -19 5 -18 6 -18 7 -18 7 -18 8 -19]
,,,-80,0,0,0,0,0,0,0,0,0,0,-92,0,6,1722359574002,0,0,0,0,1722359574002,124,[-16 -14 -17 -14 -15 -12 -15 -12 -15 -11 -15 -10 -14 -10 -15 -8 -14 -7 -15 -7 -15 -6 -15 -6 -15 -6 -14 -6 -15 -7 -14 -7 -13 -7 -12 -8 -11 -8 -10 -8 -8 -8 -7 -7 -6 -7 -5 -6 -5 -5 0 0 0 0 0 0 0 0 0 0 0 0 0 0 0 0 0 0 0 0 0 0 -15 -12 -14 -14 -13 -14 -13 -15 -12 -15 -12 -16 -12 -16 -12 -17 -11 -17 -11 -17 -11 -17 -11 -16 -11 -16 -11 -16 -12 -16 -12 -16 -12 -15 -12 -14 -13 -15 -14 -14 -15 -13 -15 -14 -16 -13 -17 -13 -18 -13 -18 -13]
,,,-80,0,0,0,0,0,0,0,0,0,0,-92,0,6,1722359574023,0,0,0,0,1722359574023,124,[13 16 13 15 12 15 12 14 12 13 11 12 11 11 12 13 10 12 13 10 12 9 12 9 13 8 12 9 12 9 12 9 12 9 11 9 9 13 10 8 9 7 9 6 9 5 8 4 7 3 7 2 6 0 0 0 0 0 0 0 0 0 0 0 0 0 0 0 0 0 0 0 0 0 0 12 14 13 10 14 13 10 15 9 15 9 16 8 16 8 17 7 17 7 17 7 17 7 18 7 17 7 17 7 17 7 16 8 16 9 15 13 10 15 13 10 15 11 15 12 14 12 15 13]
,,,-80,0,0,0,0,0,0,0,0,0,0,-92,0,6,1722359574042,0,0,0,0,1722359574042,124,[19 0 20 -1 18 -1 18 -1 17 -2 16 -2 16 -3 15 -4 15 -4 15 -5 14 -5 15 -5 15 -5 15 -5 16 -5 15 -4 15 -3 14 -2 13 -1 12 0 11 1 13 10 1 9 1 7 1 7 1 0 0 0 0 0 0 0 0 0 0 0 0 0 0 0 0 0 0 0 0 0 0 19 -1 19 1 18 1 18 2 17 3 18 4 18 4 18 5 17 5 17 5 17 5 17 5 17 5 17 4 17 4 17 3 17 2 17 2 18 1 18 0 18 -1 19 -1 19 -1 20 -1 21 -2 21]
,,,-80,0,0,0,0,0,0,0,0,0,0,-92,0,6,1722359574067,0,0,0,0,1722359574067,124,[-10 -18 -10 -18 -9 -16 -10 -16 -10 -15 -10 -14 -10 -13 -11 -13 -11 -12 -12 -11 -12 -11 -12 -11 -13 -11 -12 -12 -12 -12 -11 -12 -11 -13 -9 -13 -8 -13 -7 -12 -6 -11 -5 -10 -5 -9 -4 -9 -4 -8 0 0 0 0 0 0 0 0 0 0 0 0 0 0 0 0 0 0 0 0 0 0 -10 -17 -8 -18 -7 -18 -6 -19 -5 -18 -5 -19 -4 -19 -3 -19 -3 -19 -3 -19 -3 -19 -4 -18 -4 -18 -4 -18 -4 -18 -5 -17 -6 -17 -6 -17 -7 -17 -8 -17 -9 -17 -9 -17 -10 -17 -11 -18 -11 -18 -11 -19]
,,,-80,0,0,0,0,0,0,0,0,0,0,-92,0,6,1722359574086,0,0,0,0,1722359574086,124,[-21 4 -21 4 -19 4 -19 4 -18 4 -17 5 -16 5 -16 6 -15 7 -15 8 -14 8 -14 8 -15 9 -14 8 -15 8 -15 7 -15 7 -15 5 -14 4 -13 3 -12 2 -11 2 -10 1 -9 1 -9 1 0 0 0 0 0 0 0 0 0 0 0 0 0 0 0 0 0 0 0 0 0 0 -19 5 -20 4 -19 2 -20 1 -19 1 -21 0 -20 -1 -20 -2 -20 -2 -20 -2 -20 -1 -20 -1 -19 -1 -19 -1 -19 -1 -19 0 -20 1 -19 2 -20 2 -19 3 -20 4 -20 4 -21 6 -22 6 -22 6 -23 6]
,,,-80,0,0,0,0,0,0,0,0,0,0,-92,0,6,1722359574105,0,0,0,0,1722359574105,124,[13 10 -20 13 10 -19 9 -19 8 -18 7 -17 6 -17 5 -17 4 -17 3 -17 2 -17 2 -17 2 -17 2 -17 2 -17 2 -17 3 -17 4 -16 4 -16 5 -14 5 -13 5 -11 5 -10 5 -9 4 -9 4 -8 0 0 0 0 0 0 0 0 0 0 0 0 0 0 0 0 0 0 0 0 0 0 8 -17 9 -17 13 10 -16 11 -16 11 -16 12 -15 13 -15 13 -15 13 -15 14 -14 14 -15 13 -14 13 -15 13 -15 12 -15 12 -16 11 -16 11 -16 13 10 -17 9 -18 9 -19 9 -20 9 -21 9 -21]
,,,-80,0,0,0,0,0,0,0,0,0,0,-92,0,6,1722359574124,0,0,0,0,1722359574124,124,[18 12 17 12 17 11 16 11 15 13 10 15 8 15 8 15 7 15 6 15 5 15 5 15 5 16 5 16 4 16 5 15 6 15 6 13 7 12 7 11 7 9 7 8 7 7 7 6 6 5 6 0 0 0 0 0 0 0 0 0 0 0 0 0 0 0 0 0 0 0 0 0 0 17 9 16 11 15 11 15 12 14 13 15 14 14 14 13 15 13 15 13 15 13 16 13 15 13 15 13 14 13 14 14 14 14 13 14 12 15 13 16 12 16 12 18 11 18 12 19 12 20 12 20]
,,,-80,0,0,0,0,0,0,0,0,0,0,-92,0,6,1722359574145,0,0,0,0,1722359574145,124,[-13 -18 -12 -18 -11 -16 -11 -16 -11 -15 -11 -14 -11 -13 -12 -12 -12 -11 -13 -11 -13 -10 -13 -10 -13 -10 -13 -10 -13 -10 -12 -11 -12 -11 -10 -12 -9 -11 -8 -11 -7 -11 -6 -10 -5 -9 -4 -8 -3 -8 0 0 0 0 0 0 0 0 0 0 0 0 0 0 0 0 0 0 0 0 0 0 -12 -17 -11 -18 -9 -18 -9 -19 -8 -19 -7 -20 -6 -20 -6 -20 -5 -20 -5 -20 -6 -19 -5 -19 -6 -19 -6 -18 -6 -18 -7 -18 -8 -17 -9 -17 -9 -17 -10 -17 -11 -17 -12 -17 -13 -17 -14 -17 -14 -18 -14 -18]
,,,-80,0,0,0,0,0,0,0,0,0,0,-92,0,6,1722359574164,0,0,0,0,1722359574164,124,[2 31 2 30 2 28 2 27 3 26 4 25 5 24 6 23 7 22 8 22 9 21 9 22 9 22 9 21 9 22 7 22 6 22 4 21 2 20 0 19 -1 17 -1 15 -2 14 -3 12 -4 13 10 0 0 0 0 0 0 0 0 0 0 0 0 0 0 0 0 0 0 0 0 0 0 1 31 -3 31 -4 30 -6 30 -7 29 -8 30 -10 29 -10 29 -12 28 -11 28 -10 28 -9 26 -8 26 -8 26 -7 26 -6 25 -6 26 -3 25 -2 26 -1 27 0 28 1 29 3 29 4 31 4 32 4]
,,,-80,0,0,0,0,0,0,0,0,0,0,-92,0,6,1722359574183,0,0,0,0,1722359574183,124,[-20 -17 -20 -17 -19 -15 -18 -15 -19 -13 -18 -12 -19 -11 -18 -10 -19 -9 -20 -9 -19 -8 -19 -8 -20 -7 -19 -8 -19 -8 -19 -10 -17 -10 -16 -11 -14 -11 -13 -12 -10 -11 -9 -10 -7 -10 -6 -9 -4 -8 0 0 0 0 0 0 0 0 0 0 0 0 0 0 0 0 0 0 0 0 0 0 -19 -21 -17 -23 -16 -23 -14 -24 -13 -24 -12 -25 -11 -24 -11 -25 -10 -24 -9 -25 -9 -24 -9 -23 -10 -22 -10 -21 -10 -20 -11 -19 -12 -19 -13 -18 -14 -18 -16 -17 -17 -16 -18 -16 -20 -16 -21 -16 -21 -17 -22 -17]
,,,-80,0,0,0,0,0,0,0,0,0,0,-92,0,6,1722359574208,0,0,0,0,1722359574208,124,[-17 12 -17 12 -15 11 -15 11 -14 11 -13 11 -12 11 -11 12 -11 12 -10 12 -10 12 -10 12 -10 12 -10 13 -10 12 -11 11 -11 11 -11 9 -11 8 -11 6 -10 4 -10 3 -9 2 -8 1 -6 1 0 0 0 0 0 0 0 0 0 0 0 0 0 0 0 0 0 0 0 0 0 0 -19 13 10 -20 8 -20 7 -21 6 -20 5 -20 4 -21 4 -21 3 -20 3 -20 2 -20 2 -19 3 -19 3 -17 3 -17 4 -17 5 -16 6 -16 7 -16 8 -16 9 -15 13 10 -15 11 -16 12 -17 13 -17 14]
,,,-80,0,0,0,0,0,0,0,0,0,0,-92,0,6,1722359574225,0,0,0,0,1722359574225,124,[25 3 25 3 23 2 23 2 22 0 21 0 21 -1 20 -2 20 -3 20 -4 20 -4 20 -4 20 -4 19 -3 20 -3 20 -2 19 0 18 1 16 2 14 3 12 4 11 4 9 4 7 4 6 4 0 0 0 0 0 0 0 0 0 0 0 0 0 0 0 0 0 0 0 0 0 0 25 4 24 7 23 8 22 9 22 13 10 22 11 21 12 20 12 20 12 19 12 20 12 19 13 10 19 13 10 19 9 19 8 19 7 19 7 20 5 21 4 22 3 23 2 24 2 24 1 26 1 27]
,,,-80,0,0,0,0,0,0,0,0,0,0,-92,0,6,1722359574247,0,0,0,0,1722359574247,124,[-11 -16 -11 -16 -10 -14 -11 -14 -11 -13 -10 -13 -11 -12 -11 -11 -12 -10 -12 -10 -12 -10 -12 -10 -13 -11 -12 -10 -12 -11 -10 -11 -10 -11 -9 -11 -7 -11 -6 -11 -5 -10 -4 -9 -3 -8 -2 -7 -2 -6 0 0 0 0 0 0 0 0 0 0 0 0 0 0 0 0 0 0 0 0 0 0 -9 -16 -8 -17 -7 -17 -6 -17 -5 -16 -5 -18 -4 -17 -4 -17 -3 -17 -4 -16 -4 -16 -4 -16 -4 -16 -5 -15 -5 -15 -6 -15 -7 -15 -7 -14 -9 -15 -9 -14 -10 -15 -11 -15 -12 -15 -12 -16 -13 -16 -13 -17]
,,,-80,0,0,0,0,0,0,0,0,0,0,-92,0,6,1722359574263,0,0,0,0,1722359574263,124,[-25 -7 -25 -7 -24 -6 -23 -5 -22 -4 -21 -4 -21 -3 -21 -2 -20 -2 -21 0 -20 0 -20 0 -21 -1 -20 -1 -20 -1 -20 -2 -19 -3 -17 -4 -16 -5 -15 -6 -13 -6 -11 -6 -10 -6 -8 -5 -7 -5 0 0 0 0 0 0 0 0 0 0 0 0 0 0 0 0 0 0 0 0 0 0 -24 -6 -23 -8 -21 -9 -21 -10 -20 -10 -20 -12 -20 -12 -20 -13 -19 -13 -19 -12 -19 -12 -19 -11 -19 -11 -19 -10 -19 -10 -19 -9 -21 -8 -21 -7 -22 -6 -23 -6 -24 -6 -25 -5 -26 -5 -27 -5 -27 -5 -28 -5]
,,,-80,0,0,0,0,0,0,0,0,0,0,-92,0,6,1722359574285,0,0,0,0,1722359574285,124,[-3 21 -4 21 -3 19 -3 19 -2 18 -1 17 -1 16 0 16 0 16 0 16 0 15 1 15 1 16 1 15 0 16 -1 15 -2 15 -2 14 -3 12 -4 11 -4 9 -5 8 -4 7 -4 5 -4 4 0 0 0 0 0 0 0 0 0 0 0 0 0 0 0 0 0 0 0 0 0 0 -3 18 -5 18 -5 17 -6 17 -6 16 -8 17 -8 17 -8 16 -8 16 -8 16 -8 16 -8 16 -7 16 -7 16 -6 16 -6 16 -5 17 -4 17 -3 18 -3 19 -2 19 -1 20 -2 20 -2 22 -2 22 -2 22]
,,,-80,0,0,0,0,0,0,0,0,0,0,-92,0,6,1722359574303,0,0,0,0,1722359574303,124,[13 10 -26 13 10 -24 13 10 -24 9 -22 8 -21 7 -21 7 -20 5 -20 4 -20 4 -20 4 -19 3 -19 4 -19 4 -19 5 -18 5 -18 5 -16 7 -15 7 -13 7 -12 7 -10 7 -8 6 -6 5 -6 5 -5 0 0 0 0 0 0 0 0 0 0 0 0 0 0 0 0 0 0 0 0 0 0 9 -22 13 10 -20 12 -20 12 -18 13 -19 13 -18 14 -18 14 -18 15 -18 14 -18 14 -18 13 -17 13 -17 12 -18 11 -18 11 -19 13 10 -19 13 10 -21 9 -21 8 -22 8 -23 8 -24 8 -27]
,,,-80,0,0,0,0,0,0,0,0,0,0,-92,0,6,1722359574324,0,0,0,0,1722359574324,124,[18 9 17 9 17 8 15 8 15 7 14 6 14 5 14 5 14 4 14 4 13 3 13 3 13 3 13 3 12 3 12 4 11 4 13 10 5 9 5 8 5 6 5 5 5 4 5 3 4 2 3 0 0 0 0 0 0 0 0 0 0 0 0 0 0 0 0 0 0 0 0 0 0 16 7 15 9 15 13 10 14 13 10 13 13 10 13 11 13 11 13 11 12 11 12 12 12 12 12 13 10 12 13 10 12 13 10 12 9 14 9 13 8 14 8 15 7 16 7 17 6 18 6 19]
,,,-80,0,0,0,0,0,0,0,0,0,0,-92,0,6,1722359574343,0,0,0,0,1722359574343,124,[20 6 20 6 19 5 18 5 17 4 16 3 15 2 15 2 14 1 15 0 14 0 14 0 14 0 14 -1 14 0 13 0 13 1 12 2 11 2 13 10 3 8 3 7 2 6 2 4 2 3 2 0 0 0 0 0 0 0 0 0 0 0 0 0 0 0 0 0 0 0 0 0 0 19 5 18 7 17 7 17 8 16 9 16 13 10 16 13 10 15 11 15 13 10 15 13 10 15 13 10 15 9 15 9 15 8 15 8 16 7 16 6 16 6 18 5 18 4 19 4 20 4 21 4]
,,,-80,0,0,0,0,0,0,0,0,0,0,-92,0,6,1722359574364,0,0,0,0,1722359574364,124,[3 32 4 30 4 29 4 26 4 25 5 24 6 22 6 22 7 21 9 20 9 19 9 19 9 19 9 19 8 18 8 20 6 19 4 18 3 17 2 15 1 13 1 12 0 13 10 0 9 0 7 0 0 0 0 0 0 0 0 0 0 0 0 0 0 0 0 0 0 0 0 0 0 8 30 4 30 2 30 1 29 0 30 -2 29 -3 29 -4 29 -4 28 -5 28 -3 28 -3 27 -2 27 -1 26 0 25 0 26 1 26 3 27 4 27 5 28 6 29 7 30 8 31 9 32 9 33 8]
,,,-80,0,0,0,0,0,0,0,0,0,0,-92,0,6,1722359574386,0,0,0,0,1722359574386,124,[-20 -4 -21 -4 -18 -3 -18 -4 -17 -3 -17 -2 -16 -1 -16 -1 -15 0 -15 0 -15 0 -15 1 -15 1 -14 1 -15 1 -14 0 -14 -1 -13 -2 -11 -2 -10 -3 -9 -3 -8 -3 -7 -3 -5 -2 -4 -2 0 0 0 0 0 0 0 0 0 0 0 0 0 0 0 0 0 0 0 0 0 0 -20 -3 -20 -5 -19 -6 -19 -7 -17 -7 -18 -8 -17 -8 -17 -9 -17 -9 -16 -9 -16 -9 -16 -8 -16 -8 -16 -7 -16 -6 -16 -6 -17 -5 -17 -4 -19 -4 -19 -3 -20 -2 -20 -2 -21 -2 -22 -2 -22 -3 -23 -3]
,,,-80,0,0,0,0,0,0,0,0,0,0,-92,0,6,1722359574403,0,0,0,0,1722359574403,124,[11 -19 11 -18 11 -17 13 10 -17 9 -17 7 -16 7 -15 6 -15 6 -15 5 -15 5 -15 4 -14 4 -15 4 -15 5 -15 6 -14 5 -13 6 -12 6 -10 6 -9 5 -7 5 -6 5 -5 4 -4 2 -4 0 0 0 0 0 0 0 0 0 0 0 0 0 0 0 0 0 0 0 0 0 0 13 10 -18 12 -16 12 -15 12 -14 12 -14 13 -14 13 -13 13 -13 13 -13 13 -12 13 -12 13 -13 12 -12 11 -13 11 -13 13 10 -14 13 10 -14 9 -16 9 -16 8 -18 8 -18 8 -20 9 -20 13 10]
,,,-80,0,0,0,0,0,0,0,0,0,0,-92,0,6,1722359574425,0,0,0,0,1722359574425,124,[20 -1 19 0 19 0 18 -1 17 -1 16 -2 15 -2 15 -2 14 -3 14 -4 13 -3 13 -4 13 -3 13 -4 13 -3 13 -2 13 -1 11 -1 13 10 0 9 1 8 1 7 1 6 2 4 1 3 1 0 0 0 0 0 0 0 0 0 0 0 0 0 0 0 0 0 0 0 0 0 0 17 -1 16 1 16 2 15 2 15 3 15 3 15 3 15 3 15 3 15 3 15 3 15 2 15 1 15 1 15 1 15 0 16 0 16 -1 17 -2 18 -2 18 -3 19 -3 20 -3 21 -4 21 -3 22]
,,,-80,0,0,0,0,0,0,0,0,0,0,-92,0,6,1722359574441,0,0,0,0,1722359574441,124,[-11 23 -11 22 -10 21 -10 20 -9 19 -8 18 -7 18 -6 17 -5 17 -5 17 -4 16 -5 16 -4 16 -3 16 -4 16 -5 15 -6 15 -6 13 -6 12 -7 13 10 -6 8 -6 6 -6 5 -4 4 -4 3 0 0 0 0 0 0 0 0 0 0 0 0 0 0 0 0 0 0 0 0 0 0 -8 18 -10 17 -10 16 -11 15 -11 15 -11 15 -11 15 -11 14 -11 15 -11 15 -11 15 -11 15 -10 17 -10 16 -9 17 -9 18 -8 18 -8 19 -8 20 -7 21 -7 22 -6 24 -8 24 -8 25 -9 25 -9]
,,,-80,0,0,0,0,0,0,0,0,0,0,-92,0,6,1722359574462,0,0,0,0,1722359574462,124,[-7 36 -8 36 -6 32 -7 31 -5 29 -4 27 -3 26 -2 25 -1 23 0 24 1 22 1 23 2 24 2 22 1 23 0 22 -1 22 -2 20 -4 18 -4 16 -4 12 -4 13 10 -3 8 -3 8 -1 6 0 0 0 0 0 0 0 0 0 0 0 0 0 0 0 0 0 0 0 0 0 0 -1 31 -4 30 -5 28 -6 29 -7 26 -8 29 -8 28 -8 28 -8 28 -8 27 -8 28 -7 28 -6 28 -6 28 -5 29 -5 29 -3 31 -3 30 -2 33 0 33 0 35 1 37 0 37 0 40 -1 41 -2]
,,,-80,0,0,0,0,0,0,0,0,0,0,-92,0,6,1722359574482,0,0,0,0,1722359574482,124,[18 7 18 7 16 6 16 6 15 5 13 4 12 3 12 2 12 1 12 1 11 0 11 0 11 0 11 0 11 0 11 1 11 1 9 2 8 2 7 2 6 2 4 2 3 1 2 0 2 -1 0 0 0 0 0 0 0 0 0 0 0 0 0 0 0 0 0 0 0 0 0 0 17 3 16 5 16 5 15 6 15 6 15 7 14 7 14 7 14 7 14 7 14 7 14 6 14 6 15 6 15 5 15 4 16 4 16 4 17 4 18 3 18 3 20 3 20 3 21 3 22 4 22 4]
,,,-80,0,0,0,0,0,0,0,0,0,0,-92,0,6,1722359574502,0,0,0,0,1722359574502,124,[19 13 10 18 13 10 16 8 15 8 14 8 13 6 13 5 12 4 12 3 12 2 11 2 11 1 11 1 11 1 11 2 13 10 2 13 10 2 9 2 7 3 6 3 5 3 4 2 3 2 1 1 1 0 0 0 0 0 0 0 0 0 0 0 0 0 0 0 0 0 0 0 0 0 0 0 17 7 16 8 16 9 15 9 14 13 10 14 13 10 14 13 10 14 13 10 13 13 10 13 13 10 14 13 10 14 9 14 9 14 8 15 8 15 7 16 7 17 7 18 7 18 6 19]
,,,-80,0,0,0,0,0,0,0,0,0,0,-92,0,6,1722359574525,0,0,0,0,1722359574525,124,[-12 -15 -12 -16 -11 -14 -10 -14 -10 -12 -9 -11 -9 -10 -9 -9 -9 -8 -10 -8 -10 -8 -9 -7 -9 -7 -9 -6 -9 -6 -8 -7 -8 -7 -7 -7 -6 -7 -5 -6 -3 -5 -2 -5 -2 -4 -1 -3 0 -2 0 0 0 0 0 0 0 0 0 0 0 0 0 0 0 0 0 0 0 0 0 0 -11 -14 -10 -15 -8 -15 -8 -15 -8 -15 -7 -16 -7 -15 -7 -16 -7 -15 -6 -15 -7 -15 -8 -15 -7 -15 -8 -14 -9 -14 -9 -14 -10 -14 -11 -13 -12 -14 -13 -13 -13 -13 -14 -14 -14 -14 -15 -15 -15 -16 -15 -16]
,,,-80,0,0,0,0,0,0,0,0,0,0,-92,0,6,1722359574543,0,0,0,0,1722359574543,124,[-2 -36 -1 -35 -1 -32 -1 -31 -1 -28 -2 -27 -3 -26 -5 -24 -5 -23 -7 -22 -7 -21 -7 -20 -8 -20 -7 -20 -7 -20 -6 -20 -5 -20 -3 -18 -1 -16 0 -15 1 -12 2 -9 2 -7 3 -5 2 -3 0 0 0 0 0 0 0 0 0 0 0 0 0 0 0 0 0 0 0 0 0 0 -4 -34 0 -34 2 -34 3 -33 3 -31 5 -32 5 -32 6 -32 6 -31 6 -31 6 -32 4 -31 4 -31 3 -30 2 -30 1 -31 -1 -31 -1 -31 -3 -33 -4 -34 -5 -35 -6 -36 -7 -37 -7 -39 -6 -39 -5 -40]
,,,-80,0,0,0,0,0,0,0,0,0,0,-92,0,6,1722359574563,0,0,0,0,1722359574563,124,[-7 17 -7 17 -6 15 -5 14 -4 14 -4 13 -3 12 -2 12 -1 11 0 11 0 11 0 11 0 11 1 11 0 11 0 11 -1 13 10 -2 9 -2 9 -3 8 -3 6 -3 4 -3 3 -3 2 -2 1 0 0 0 0 0 0 0 0 0 0 0 0 0 0 0 0 0 0 0 0 0 0 -5 18 -7 17 -8 16 -9 16 -9 15 -9 15 -10 15 -10 15 -10 15 -10 14 -10 14 -9 14 -9 14 -8 14 -8 14 -7 15 -7 15 -6 15 -6 16 -5 17 -4 17 -4 19 -4 19 -5 20 -5 20 -5]
,,,-80,0,0,0,0,0,0,0,0,0,0,-92,0,6,1722359574583,0,0,0,0,1722359574583,124,[3 18 3 18 3 16 3 15 3 14 4 12 4 11 5 11 6 13 10 6 9 6 9 7 9 7 9 7 9 7 9 7 9 6 13 10 5 9 4 9 3 9 1 7 1 6 0 5 0 3 0 2 0 0 0 0 0 0 0 0 0 0 0 0 0 0 0 0 0 0 0 0 0 0 5 20 2 20 1 19 0 19 -1 18 -1 19 -2 19 -2 18 -2 18 -2 17 -2 18 -1 17 -1 17 -1 17 0 16 1 16 2 17 2 16 3 17 4 17 5 18 6 18 7 19 8 19 7 20]
,,,-80,0,0,0,0,0,0,0,0,0,0,-92,0,6,1722359574603,0,0,0,0,1722359574603,124,[-20 -4 -19 -4 -17 -3 -16 -3 -15 -2 -14 -2 -13 -1 -12 1 -12 1 -12 3 -11 3 -11 3 -12 4 -11 4 -11 4 -11 4 -12 3 -11 2 -10 1 -10 1 -8 0 -7 0 -6 0 -4 1 -3 1 0 0 0 0 0 0 0 0 0 0 0 0 0 0 0 0 0 0 0 0 0 0 -22 -2 -22 -5 -21 -6 -20 -7 -19 -7 -19 -8 -19 -9 -18 -9 -18 -9 -17 -9 -17 -8 -16 -7 -17 -7 -16 -6 -16 -6 -17 -5 -17 -4 -17 -3 -17 -3 -18 -2 -19 -1 -20 -1 -21 0 -22 0 -22 -1 -22 -1]
,,,-80,0,0,0,0,0,0,0,0,0,0,-92,0,6,1722359574622,0,0,0,0,1722359574622,124,[-20 -13 -20 -13 -17 -11 -16 -11 -15 -9 -14 -8 -14 -6 -13 -4 -13 -3 -13 -2 -13 -1 -14 -1 -14 0 -13 0 -14 0 -14 0 -14 -1 -13 -2 -12 -2 -10 -3 -9 -3 -7 -3 -6 -2 -4 -1 -4 0 0 0 0 0 0 0 0 0 0 0 0 0 0 0 0 0 0 0 0 0 0 0 -25 -17 -23 -20 -21 -20 -19 -21 -18 -21 -17 -22 -16 -22 -15 -22 -15 -21 -14 -21 -14 -21 -13 -20 -13 -19 -13 -17 -14 -16 -15 -15 -15 -14 -16 -13 -17 -13 -18 -12 -20 -11 -21 -10 -22 -10 -23 -11 -24 -12 -24 -13]
,,,-80,0,0,0,0,0,0,0,0,0,0,-92,0,6,1722359574641,0,0,0,0,1722359574641,124,[-13 -16 -12 -16 -11 -14 -11 -13 -10 -12 -10 -10 -10 -9 -10 -8 -10 -7 -10 -6 -10 -5 -10 -5 -11 -4 -11 -4 -11 -4 -11 -4 -11 -4 -10 -5 -8 -6 -8 -6 -6 -6 -5 -5 -4 -4 -3 -3 -2 -3 0 0 0 0 0 0 0 0 0 0 0 0 0 0 0 0 0 0 0 0 0 0 -14 -21 -11 -23 -10 -23 -9 -23 -8 -22 -7 -23 -6 -23 -5 -23 -5 -22 -4 -21 -5 -21 -5 -20 -5 -19 -6 -18 -6 -17 -7 -17 -8 -16 -8 -16 -10 -16 -10 -15 -11 -15 -12 -15 -14 -15 -15 -15 -15 -16 -15 -16]
,,,-80,0,0,0,0,0,0,0,0,0,0,-92,0,6,1722359574661,0,0,0,0,1722359574661,124,[27 17 27 18 26 16 23 15 22 13 21 12 20 11 20 8 20 7 20 5 18 5 18 4 19 3 19 3 19 2 19 3 18 4 17 5 15 6 13 6 11 6 13 10 7 7 7 5 6 3 4 0 0 0 0 0 0 0 0 0 0 0 0 0 0 0 0 0 0 0 0 0 0 33 22 30 25 28 26 26 27 25 28 23 29 22 30 21 30 20 30 19 30 19 29 19 27 19 26 19 25 19 23 20 23 21 21 21 21 23 20 23 18 26 17 26 16 28 16 30 16 30 16 31]
,,,-80,0,0,0,0,0,0,0,0,0,0,-92,0,6,1722359574682,0,0,0,0,1722359574682,124,[2 -19 2 -18 2 -18 2 -17 1 -16 1 -15 0 -14 -1 -14 -1 -14 -2 -14 -2 -13 -3 -13 -3 -12 -3 -13 -3 -12 -2 -12 -2 -12 -1 -12 0 -11 1 -10 2 -8 1 -7 2 -6 2 -5 2 -5 0 0 0 0 0 0 0 0 0 0 0 0 0 0 0 0 0 0 0 0 0 0 2 -20 4 -20 5 -19 5 -19 6 -18 7 -18 8 -18 8 -18 8 -17 8 -17 8 -17 8 -17 7 -17 6 -17 6 -17 6 -17 5 -17 4 -17 4 -17 3 -17 2 -18 2 -19 1 -19 1 -20 1 -20 1 -21]
,,,-80,0,0,0,0,0,0,0,0,0,0,-92,0,6,1722359574702,0,0,0,0,1722359574702,124,[-5 19 -5 18 -5 17 -4 16 -4 15 -3 15 -2 14 -1 14 -1 13 0 13 0 13 0 13 0 13 1 13 0 13 -1 13 -1 13 -2 12 -2 11 -3 13 10 -4 8 -4 7 -4 6 -4 5 -3 4 0 0 0 0 0 0 0 0 0 0 0 0 0 0 0 0 0 0 0 0 0 0 -6 19 -8 18 -9 17 -9 17 -10 16 -11 16 -11 16 -11 15 -11 15 -11 14 -11 15 -11 14 -10 14 -10 14 -9 14 -9 14 -8 15 -7 15 -7 15 -6 16 -5 16 -4 17 -4 18 -4 19 -4 20 -4]
,,,-80,0,0,0,0,0,0,0,0,0,0,-92,0,6,1722359574722,0,0,0,0,1722359574722,124,[-4 19 -4 18 -2 18 -2 17 -2 16 -1 16 0 15 0 14 1 14 2 14 2 14 2 14 2 14 3 14 3 14 2 14 1 14 0 13 0 12 -1 12 -2 13 10 -3 9 -2 7 -2 7 -2 6 0 0 0 0 0 0 0 0 0 0 0 0 0 0 0 0 0 0 0 0 0 0 -6 21 -8 21 -9 20 -10 19 -10 18 -12 19 -12 18 -13 17 -13 17 -13 16 -13 16 -12 16 -12 16 -12 15 -10 15 -10 15 -9 15 -8 16 -7 16 -6 16 -5 17 -4 18 -4 18 -4 19 -3 20 -3]
,,,-80,0,0,0,0,0,0,0,0,0,0,-92,0,6,1722359574742,0,0,0,0,1722359574742,124,[-16 11 -16 11 -14 11 -13 11 -12 11 -12 13 10 -10 11 -10 11 -9 11 -8 12 -7 12 -7 12 -8 12 -7 12 -8 12 -8 12 -8 11 -9 13 10 -9 9 -9 8 -9 6 -8 5 -7 4 -7 4 -6 3 0 0 0 0 0 0 0 0 0 0 0 0 0 0 0 0 0 0 0 0 0 0 -15 13 -17 12 -18 11 -18 13 10 -19 9 -20 9 -20 8 -20 7 -20 7 -20 6 -21 7 -20 7 -20 6 -19 6 -19 6 -18 7 -18 7 -17 8 -17 8 -16 9 -16 13 10 -16 11 -16 12 -16 13]
,,,-80,0,0,0,0,0,0,0,0,0,0,-92,0,6,1722359574761,0,0,0,0,1722359574761,124,[-20 -4 -19 -4 -18 -4 -17 -3 -16 -2 -16 -2 -15 -1 -14 0 -14 0 -14 1 -14 1 -14 2 -14 2 -14 2 -15 2 -15 1 -14 1 -14 -1 -13 -1 -12 -2 -11 -3 -10 -3 -9 -4 -7 -3 -6 -3 0 0 0 0 0 0 0 0 0 0 0 0 0 0 0 0 0 0 0 0 0 0 -18 -1 -18 -3 -17 -4 -17 -4 -17 -4 -18 -5 -18 -6 -18 -6 -18 -7 -18 -7 -18 -7 -18 -7 -18 -7 -17 -7 -17 -7 -17 -6 -18 -6 -18 -5 -18 -4 -18 -4 -19 -3 -20 -3 -20 -2 -21 -3 -22 -3 -21 -3]
,,,-80,0,0,0,0,0,0,0,0,0,0,-92,0,6,1722359574784,0,0,0,0,1722359574784,124,[-7 21 -7 20 -6 19 -6 18 -5 17 -5 16 -4 15 -2 15 -2 15 -1 15 -1 14 -1 14 -1 14 0 14 0 14 -1 14 -2 14 -3 13 -3 12 -4 11 -4 9 -5 8 -5 7 -4 6 -4 5 0 0 0 0 0 0 0 0 0 0 0 0 0 0 0 0 0 0 0 0 0 0 -5 16 -6 16 -7 15 -7 15 -7 15 -8 15 -8 15 -9 15 -8 15 -9 15 -9 15 -9 15 -8 16 -8 16 -7 16 -7 16 -7 16 -6 17 -6 18 -5 19 -5 19 -4 20 -4 21 -4 22 -5 22 -5 23]
,,,-80,0,0,0,0,0,0,0,0,0,0,-92,0,6,1722359574803,0,0,0,0,1722359574803,124,[21 5 21 5 20 4 19 5 18 4 17 3 16 2 16 2 16 1 16 0 15 0 15 0 15 0 15 0 15 0 14 1 14 2 13 2 12 3 11 4 9 4 8 5 7 4 5 4 4 4 0 0 0 0 0 0 0 0 0 0 0 0 0 0 0 0 0 0 0 0 0 0 16 5 15 7 14 7 13 7 13 7 13 8 13 8 13 8 13 8 13 8 13 7 14 7 14 6 14 6 15 5 15 5 15 4 16 4 17 4 18 3 18 2 19 2 20 2 21 2 22 2 23 3]
,,,-80,0,0,0,0,0,0,0,0,0,0,-92,0,6,1722359574822,0,0,0,0,1722359574822,124,[-4 -22 -3 -23 -3 -20 -3 -20 -4 -19 -4 -18 -4 -17 -5 -17 -5 -16 -6 -16 -6 -16 -7 -16 -6 -16 -6 -15 -6 -16 -5 -15 -4 -16 -3 -16 -2 -15 -1 -14 0 -12 1 -11 1 -10 2 -9 2 -8 0 0 0 0 0 0 0 0 0 0 0 0 0 0 0 0 0 0 0 0 0 0 1 -19 3 -19 3 -17 4 -17 4 -16 5 -16 5 -16 5 -16 4 -15 4 -15 3 -15 3 -15 2 -15 2 -16 0 -16 0 -16 -1 -17 -1 -17 -2 -18 -3 -18 -4 -18 -5 -19 -5 -19 -6 -21 -6 -22 -6 -23]
,,,-80,0,0,0,0,0,0,0,0,0,0,-92,0,6,1722359574842,0,0,0,0,1722359574842,124,[-22 0 -22 0 -21 0 -20 0 -19 1 -18 1 -17 2 -17 2 -16 3 -16 4 -16 4 -16 4 -16 4 -16 5 -16 4 -17 4 -17 2 -16 1 -15 0 -14 -1 -12 -2 -11 -2 -10 -2 -9 -2 -7 -2 0 0 0 0 0 0 0 0 0 0 0 0 0 0 0 0 0 0 0 0 0 0 -22 -3 -21 -5 -21 -7 -20 -7 -19 -8 -18 -9 -18 -9 -17 -10 -16 -9 -16 -9 -16 -8 -16 -7 -15 -6 -16 -6 -15 -5 -16 -4 -16 -3 -17 -2 -17 -1 -18 -1 -19 0 -20 1 -20 2 -21 2 -22 2 -23 2]
,,,-80,0,0,0,0,0,0,0,0,0,0,-92,0,6,1722359574884,0,0,0,0,1722359574884,124,[-20 -12 -19 -12 -18 -11 -17 -10 -17 -9 -16 -8 -16 -7 -15 -5 -15 -5 -16 -4 -16 -4 -15 -3 -16 -3 -16 -3 -16 -3 -16 -4 -15 -4 -15 -5 -13 -6 -13 -6 -11 -6 -10 -6 -9 -6 -8 -6 -7 -5 0 0 0 0 0 0 0 0 0 0 0 0 0 0 0 0 0 0 0 0 0 0 -18 -8 -17 -10 -16 -11 -16 -11 -15 -12 -15 -12 -15 -13 -15 -13 -14 -13 -14 -13 -15 -13 -15 -12 -15 -12 -15 -12 -15 -11 -16 -11 -17 -10 -17 -10 -18 -9 -18 -9 -19 -8 -20 -9 -21 -9 -22 -9 -23 -10 -23 -11]
,,,-80,0,0,0,0,0,0,0,0,0,0,-92,0,6,1722359574911,0,0,0,0,1722359574911,124,[-3 21 -3 20 -3 19 -3 18 -2 16 -2 15 -1 15 0 14 0 14 2 14 2 13 2 13 2 13 2 13 2 13 1 14 0 14 0 13 -1 12 -1 11 -2 9 -2 9 -2 8 -2 7 -2 7 0 0 0 0 0 0 0 0 0 0 0 0 0 0 0 0 0 0 0 0 0 0 0 16 -2 16 -3 15 -4 14 -4 14 -4 14 -4 15 -5 14 -4 14 -4 15 -3 15 -3 15 -3 15 -2 15 -2 15 -2 16 -2 16 -1 17 -1 17 0 18 0 18 1 19 1 20 2 21 1 22 0 22]
,,,-80,0,0,0,0,0,0,0,0,0,0,-92,0,6,1722359574923,0,0,0,0,1722359574923,124,[27 -4 27 -3 25 -3 24 -3 22 -4 21 -5 20 -5 19 -6 18 -7 19 -7 18 -7 18 -7 18 -7 18 -7 19 -7 18 -5 18 -5 17 -4 16 -3 14 -2 13 -1 12 0 13 10 0 13 10 0 9 -1 0 0 0 0 0 0 0 0 0 0 0 0 0 0 0 0 0 0 0 0 0 0 21 -5 21 -2 20 -1 20 -1 19 0 19 1 18 0 18 0 18 0 17 0 18 -1 18 -2 18 -2 19 -2 19 -4 19 -4 20 -5 20 -5 22 -7 21 -8 22 -9 23 -9 24 -10 26 -10 27 -9]
,,,-80,0,0,0,0,0,0,0,0,0,0,-92,0,6,1722359574945,0,0,0,0,1722359574945,124,[13 10 18 13 10 18 9 16 9 16 9 15 9 14 9 14 9 13 13 10 12 11 12 13 10 12 13 10 12 13 10 12 9 12 13 10 12 9 12 8 13 6 12 5 11 4 11 3 9 3 8 2 7 3 7 2 6 0 0 0 0 0 0 0 0 0 0 0 0 0 0 0 0 0 0 0 0 0 0 8 16 6 17 5 16 4 17 3 15 3 16 2 15 1 16 2 15 2 14 2 14 3 14 4 13 4 13 5 13 6 13 7 13 7 13 8 13 9 14 13 10 14 11 14]
,,,-80,0,0,0,0,0,0,0,0,0,0,-92,0,6,1722359574963,0,0,0,0,1722359574963,124,[11 25 11 25 11 22 11 22 11 21 11 19 11 18 12 17 13 16 13 16 13 15 13 16 14 16 13 15 12 15 11 16 11 16 9 16 7 14 7 14 6 12 6 11 5 13 10 5 9 5 9 0 0 0 0 0 0 0 0 0 0 0 0 0 0 0 0 0 0 0 0 0 0 13 22 13 10 24 8 23 7 23 6 22 5 23 4 23 4 22 3 21 3 21 4 21 5 20 6 20 6 20 7 20 8 20 9 20 13 10 19 11 21 12 22 13 22 14 22 15 22 16 24 16]
,,,-80,0,0,0,0,0,0,0,0,0,0,-92,0,6,1722359574982,0,0,0,0,1722359574982,124,[21 1 20 2 19 1 18 1 16 0 16 0 15 -1 15 -2 15 -3 14 -3 14 -3 14 -3 14 -3 14 -3 13 -3 13 -2 12 -1 11 -1 13 10 0 9 -1 7 -1 6 -1 6 -2 5 -3 6 -4 0 0 0 0 0 0 0 0 0 0 0 0 0 0 0 0 0 0 0 0 0 0 19 -1 18 1 18 2 17 3 17 3 16 4 16 4 15 4 15 4 15 4 15 3 15 2 15 1 15 1 16 0 17 0 17 -1 18 -2 18 -2 19 -2 20 -3 21 -3 22 -2 23 -2 23 -1 24]
,,,-80,0,0,0,0,0,0,0,0,0,0,-92,0,6,1722359575004,0,0,0,0,1722359575004,124,[-34 4 -33 3 -30 3 -28 4 -26 5 -24 5 -22 6 -21 7 -20 8 -20 9 -20 9 -20 13 10 -20 9 -19 9 -19 8 -19 7 -19 4 -17 2 -15 0 -12 -2 -9 -3 -6 -3 -4 -3 0 -2 2 0 0 0 0 0 0 0 0 0 0 0 0 0 0 0 0 0 0 0 0 0 0 0 -33 -11 -30 -14 -28 -15 -26 -16 -24 -16 -23 -16 -22 -15 -20 -14 -20 -13 -19 -11 -19 -10 -19 -7 -19 -5 -20 -4 -21 -2 -22 0 -23 2 -24 4 -26 6 -27 7 -28 9 -30 13 10 -32 11 -35 11 -36 13]
,,,-80,0,0,0,0,0,0,0,0,0,0,-92,0,6,1722359575042,0,0,0,0,1722359575042,124,[9 12 13 10 12 9 13 10 9 9 9 8 9 7 13 10 6 13 10 5 13 10 4 11 4 11 3 11 3 12 4 12 3 12 4 12 4 11 5 13 10 6 9 6 8 6 6 6 5 5 4 5 3 4 3 3 0 0 0 0 0 0 0 0 0 0 0 0 0 0 0 0 0 0 0 0 0 0 13 14 11 15 13 10 15 9 16 8 16 8 17 7 17 6 17 6 17 5 17 6 17 6 16 6 16 6 15 6 15 7 15 7 14 7 13 8 14 9 13 9 13 13 10 12]
,,,-80,0,0,0,0,0,0,0,0,0,0,-92,0,6,1722359575054,0,0,0,0,1722359575054,124,[-14 -21 -14 -20 -13 -17 -13 -16 -13 -14 -13 -12 -14 -11 -15 -9 -15 -8 -17 -8 -17 -7 -17 -7 -19 -7 -19 -7 -19 -8 -18 -9 -17 -10 -16 -11 -13 -11 -12 -11 -9 -10 -8 -9 -7 -8 -5 -7 -4 -5 0 0 0 0 0 0 0 0 0 0 0 0 0 0 0 0 0 0 0 0 0 0 -17 -25 -15 -27 -13 -27 -12 -28 -11 -27 -10 -28 -9 -28 -8 -29 -7 -28 -7 -28 -7 -28 -7 -27 -7 -26 -8 -26 -8 -25 -9 -24 -10 -24 -10 -23 -11 -23 -12 -23 -13 -22 -14 -23 -15 -22 -16 -22 -16 -23 -16 -22]
,,,-80,0,0,0,0,0,0,0,0,0,0,-92,0,6,1722359575088,0,0,0,0,1722359575088,124,[16 -12 16 -12 14 -11 14 -11 12 -11 11 -10 11 -10 9 -10 8 -10 8 -11 7 -11 6 -11 6 -11 6 -11 6 -12 7 -11 7 -11 7 -10 7 -9 7 -8 7 -6 7 -5 7 -5 6 -4 5 -3 0 0 0 0 0 0 0 0 0 0 0 0 0 0 0 0 0 0 0 0 0 0 15 -13 16 -12 17 -11 17 -10 17 -8 18 -9 17 -8 18 -7 17 -7 17 -6 17 -7 16 -7 16 -7 15 -8 15 -9 15 -9 15 -10 14 -10 15 -11 15 -12 14 -13 14 -13 15 -14 15 -15 15 -15 17 -16]
,,,-80,0,0,0,0,0,0,0,0,0,0,-92,0,6,1722359575112,0,0,0,0,1722359575112,124,[9 19 8 18 8 17 8 16 8 15 8 14 9 13 9 12 9 11 13 10 11 13 10 11 13 10 13 10 11 13 10 11 13 10 11 13 10 13 10 11 9 11 9 11 7 13 10 6 13 10 5 9 5 9 4 8 3 8 2 7 0 0 0 0 0 0 0 0 0 0 0 0 0 0 0 0 0 0 0 0 0 0 11 17 8 18 8 18 7 18 6 18 5 19 5 19 4 19 4 20 4 19 4 19 4 19 5 19 5 18 5 18 6 19 6 18 7 18 8 18 8 18 9 19]
,,,-80,0,0,0,0,0,0,0,0,0,0,-92,0,6,1722359575124,0,0,0,0,1722359575124,124,[-19 -11 -19 -10 -17 -9 -16 -9 -16 -8 -16 -7 -15 -6 -15 -5 -15 -5 -15 -4 -15 -4 -15 -3 -15 -3 -15 -3 -15 -3 -15 -3 -14 -4 -13 -4 -12 -5 -11 -5 -10 -5 -9 -5 -8 -4 -7 -4 -6 -3 0 0 0 0 0 0 0 0 0 0 0 0 0 0 0 0 0 0 0 0 0 0 -19 -7 -18 -9 -17 -9 -17 -10 -17 -10 -16 -11 -16 -12 -16 -12 -16 -12 -16 -12 -16 -13 -16 -12 -16 -12 -16 -12 -16 -11 -17 -11 -17 -11 -18 -10 -18 -10 -19 -10 -19 -9 -20 -9 -20 -9 -21 -10 -21 -10 -21 -10]
,,,-80,0,0,0,0,0,0,0,0,0,0,-92,0,6,1722359575142,0,0,0,0,1722359575142,124,[-7 32 -7 33 -5 29 -6 28 -4 27 -3 25 -1 24 0 24 1 23 2 23 2 23 2 23 2 23 2 22 1 23 0 22 -1 22 -3 20 -3 18 -4 16 -4 13 -4 11 -3 13 10 -3 9 -2 8 0 0 0 0 0 0 0 0 0 0 0 0 0 0 0 0 0 0 0 0 0 0 1 31 -3 32 -4 29 -6 29 -6 28 -8 30 -8 29 -8 29 -8 29 -9 28 -9 29 -8 29 -8 29 -8 29 -7 29 -6 30 -6 31 -5 30 -5 32 -3 32 -3 33 -2 34 -2 34 -3 36 -4 37 -4]
,,,-80,0,0,0,0,0,0,0,0,0,0,-92,0,6,1722359575162,0,0,0,0,1722359575162,124,[-21 -2 -21 -2 -19 -1 -18 -1 -17 -1 -16 0 -15 1 -14 2 -13 2 -13 3 -13 3 -13 3 -13 3 -12 4 -13 3 -12 2 -12 1 -11 1 -10 0 -8 -1 -7 -1 -6 -1 -4 -1 -3 0 -2 0 0 0 0 0 0 0 0 0 0 0 0 0 0 0 0 0 0 0 0 0 0 0 -23 0 -23 -2 -22 -4 -21 -5 -20 -5 -20 -6 -20 -6 -19 -7 -19 -6 -18 -6 -19 -7 -18 -6 -18 -5 -18 -4 -18 -4 -19 -3 -19 -2 -19 -2 -20 -1 -20 1 -21 1 -21 2 -22 2 -23 1 -24 1 -24 1]
,,,-80,0,0,0,0,0,0,0,0,0,0,-92,0,6,1722359575183,0,0,0,0,1722359575183,124,[-23 -11 -23 -12 -21 -11 -21 -10 -19 -9 -19 -8 -18 -8 -18 -6 -18 -5 -19 -4 -18 -4 -18 -3 -19 -4 -18 -4 -19 -4 -18 -5 -17 -6 -16 -7 -15 -7 -13 -8 -12 -8 -10 -7 -9 -7 -7 -6 -6 -6 0 0 0 0 0 0 0 0 0 0 0 0 0 0 0 0 0 0 0 0 0 0 -19 -11 -18 -13 -17 -14 -16 -14 -15 -15 -14 -15 -14 -15 -14 -15 -13 -15 -13 -14 -13 -14 -14 -13 -15 -12 -15 -12 -15 -11 -17 -11 -18 -10 -18 -10 -19 -9 -20 -9 -21 -9 -22 -9 -23 -9 -25 -9 -25 -10 -25 -10]
,,,-80,0,0,0,0,0,0,0,0,0,0,-92,0,6,1722359575205,0,0,0,0,1722359575205,124,[19 18 19 18 18 15 17 15 16 13 16 11 16 13 10 16 8 16 7 16 6 16 5 16 4 16 4 16 4 16 4 16 4 15 5 14 6 12 6 13 10 6 8 5 7 4 6 4 4 3 4 1 0 0 0 0 0 0 0 0 0 0 0 0 0 0 0 0 0 0 0 0 0 0 18 30 14 31 12 31 13 10 31 8 31 6 31 5 30 4 30 3 29 2 27 3 27 3 25 4 23 4 22 6 20 7 19 9 18 13 10 17 12 17 14 16 15 16 17 15 19 15 21 16]
,,,-80,0,0,0,0,0,0,0,0,0,0,-92,0,6,1722359575223,0,0,0,0,1722359575223,124,[15 6 15 6 14 5 14 5 14 4 13 2 12 1 12 1 12 0 12 -1 12 -1 12 -1 12 -1 12 -1 12 -1 12 0 12 0 11 1 13 10 1 9 2 8 2 7 2 7 3 5 2 4 2 0 0 0 0 0 0 0 0 0 0 0 0 0 0 0 0 0 0 0 0 0 0 18 6 17 8 16 9 16 13 10 15 13 10 15 12 14 12 14 12 13 12 13 12 13 12 12 11 12 11 12 13 10 12 9 12 9 13 9 13 8 14 7 14 6 15 5 15 5 15 4 17 5]
,,,-80,0,0,0,0,0,0,0,0,0,0,-92,0,6,1722359575244,0,0,0,0,1722359575244,124,[-3 19 -3 19 -2 17 -2 16 -2 15 -1 14 -1 14 0 13 1 12 2 13 2 12 2 12 2 12 3 12 2 12 2 12 1 12 0 12 0 13 10 0 13 10 -1 9 -1 8 -1 7 -2 6 -2 6 0 0 0 0 0 0 0 0 0 0 0 0 0 0 0 0 0 0 0 0 0 0 -1 18 -3 19 -4 18 -5 18 -6 17 -7 17 -8 17 -8 17 -8 17 -8 16 -7 16 -7 16 -7 16 -6 16 -5 16 -5 16 -5 16 -4 16 -3 17 -3 18 -3 18 -2 18 -2 19 -1 20 -1 20]
,,,-80,0,0,0,0,0,0,0,0,0,0,-92,0,6,1722359575263,0,0,0,0,1722359575263,124,[25 2 25 2 23 1 21 2 21 1 20 0 19 -1 18 -1 18 -2 17 -3 17 -3 16 -3 16 -3 16 -4 16 -3 16 -3 15 -2 15 -1 14 0 13 0 11 1 11 1 13 10 2 9 1 8 2 0 0 0 0 0 0 0 0 0 0 0 0 0 0 0 0 0 0 0 0 0 0 21 -1 22 1 21 2 21 3 20 4 21 5 21 5 21 6 20 6 20 6 21 6 20 5 20 5 20 5 21 4 21 3 21 3 21 2 23 2 23 1 23 0 24 0 24 -1 26 -1 26 0 27]
,,,-80,0,0,0,0,0,0,0,0,0,0,-92,0,6,1722359575282,0,0,0,0,1722359575282,124,[20 -17 20 -16 19 -15 18 -14 16 -14 14 -14 14 -13 12 -13 11 -14 13 10 -14 9 -14 9 -14 9 -14 8 -14 9 -14 9 -13 9 -13 9 -12 9 -10 8 -9 8 -7 7 -6 7 -5 6 -5 6 -5 0 0 0 0 0 0 0 0 0 0 0 0 0 0 0 0 0 0 0 0 0 0 16 -17 18 -15 18 -14 19 -14 19 -12 20 -13 20 -12 20 -12 20 -11 20 -11 21 -11 20 -11 20 -12 19 -12 19 -13 19 -13 19 -14 18 -15 19 -16 18 -17 18 -17 19 -18 18 -18 20 -20 20 -20 21]
,,,-80,0,0,0,0,0,0,0,0,0,0,-92,0,6,1722359575304,0,0,0,0,1722359575304,124,[-22 -12 -21 -12 -19 -11 -18 -11 -16 -10 -16 -8 -15 -7 -15 -5 -14 -4 -14 -3 -14 -3 -14 -2 -14 -2 -13 -2 -13 -1 -13 -2 -12 -2 -11 -3 -10 -3 -9 -3 -8 -3 -7 -2 -6 -2 -4 -1 -4 -1 0 0 0 0 0 0 0 0 0 0 0 0 0 0 0 0 0 0 0 0 0 0 -26 -11 -24 -14 -23 -15 -22 -16 -21 -17 -21 -18 -21 -19 -20 -19 -19 -19 -18 -19 -18 -19 -18 -18 -18 -18 -18 -17 -18 -17 -18 -16 -19 -15 -19 -14 -20 -13 -21 -13 -21 -12 -22 -12 -22 -11 -24 -11 -24 -11 -24 -12]
,,,-80,0,0,0,0,0,0,0,0,0,0,-92,0,6,1722359575322,0,0,0,0,1722359575322,124,[-18 -4 -17 -4 -15 -3 -14 -3 -13 -2 -13 -2 -12 -1 -12 -1 -11 0 -11 1 -10 1 -10 1 -10 2 -10 2 -9 2 -9 2 -9 1 -9 0 -7 0 -7 0 -6 -1 -5 -1 -4 0 -3 0 -3 0 0 0 0 0 0 0 0 0 0 0 0 0 0 0 0 0 0 0 0 0 0 0 -20 -2 -19 -4 -19 -5 -19 -6 -18 -7 -18 -8 -18 -8 -18 -9 -17 -9 -17 -10 -17 -10 -16 -9 -16 -9 -16 -8 -15 -8 -16 -7 -16 -7 -16 -6 -16 -5 -16 -4 -17 -4 -17 -3 -18 -3 -18 -2 -19 -2 -19 -3]
,,,-80,0,0,0,0,0,0,0,0,0,0,-92,0,6,1722359575347,0,0,0,0,1722359575347,124,[-19 -8 -19 -8 -17 -7 -17 -7 -16 -6 -15 -6 -14 -5 -15 -4 -13 -3 -14 -2 -14 -2 -13 -2 -13 -2 -12 -2 -13 -2 -12 -2 -12 -3 -11 -3 -10 -3 -9 -4 -8 -4 -7 -3 -6 -3 -5 -3 -4 -3 0 0 0 0 0 0 0 0 0 0 0 0 0 0 0 0 0 0 0 0 0 0 -18 -6 -17 -7 -17 -8 -17 -9 -16 -9 -17 -10 -16 -11 -16 -12 -16 -12 -15 -12 -16 -12 -15 -11 -15 -11 -15 -10 -15 -10 -15 -10 -16 -9 -16 -9 -17 -8 -17 -7 -18 -7 -19 -7 -19 -6 -20 -6 -21 -6 -21 -6]
,,,-80,0,0,0,0,0,0,0,0,0,0,-92,0,6,1722359575362,0,0,0,0,1722359575362,124,[15 -16 15 -15 14 -15 13 -14 13 -13 11 -13 11 -13 13 10 -13 9 -14 9 -14 8 -13 8 -13 8 -13 8 -13 8 -13 9 -12 8 -12 9 -11 9 -9 8 -8 8 -7 7 -6 7 -5 6 -5 5 -4 0 0 0 0 0 0 0 0 0 0 0 0 0 0 0 0 0 0 0 0 0 0 11 -15 13 -14 13 -13 14 -12 14 -12 15 -11 16 -11 17 -11 17 -10 17 -10 17 -10 16 -10 16 -10 16 -10 15 -10 15 -11 15 -11 14 -12 14 -12 14 -13 13 -14 13 -15 13 -15 14 -16 14 -17 14]
,,,-80,0,0,0,0,0,0,0,0,0,0,-92,0,6,1722359575382,0,0,0,0,1722359575382,124,[20 -21 20 -21 18 -20 17 -20 16 -19 15 -19 14 -18 12 -19 11 -20 13 10 -20 13 10 -20 9 -20 9 -20 9 -20 13 10 -20 13 10 -19 11 -19 11 -18 11 -16 11 -15 11 -12 13 10 -11 13 10 -10 9 -10 9 -9 0 0 0 0 0 0 0 0 0 0 0 0 0 0 0 0 0 0 0 0 0 0 15 -23 17 -22 18 -20 19 -20 20 -18 22 -18 22 -18 23 -17 24 -16 24 -15 24 -15 24 -15 23 -15 23 -15 22 -15 21 -16 22 -17 21 -17 21 -18 20 -19 20 -20 19 -21 20 -21]
,,,-80,0,0,0,0,0,0,0,0,0,0,-92,0,6,1722359575401,0,0,0,0,1722359575401,124,[9 -18 9 -17 9 -16 8 -15 6 -15 5 -15 5 -14 4 -14 3 -14 2 -14 1 -14 1 -14 1 -15 1 -15 1 -15 2 -14 2 -14 2 -14 3 -12 3 -12 3 -10 3 -9 3 -8 2 -8 2 -8 0 0 0 0 0 0 0 0 0 0 0 0 0 0 0 0 0 0 0 0 0 0 8 -19 9 -18 13 10 -17 11 -17 12 -16 13 -16 13 -15 14 -15 14 -14 14 -14 14 -14 14 -13 13 -13 13 -13 12 -13 11 -14 11 -15 13 10 -15 13 10 -16 9 -16 9 -17 9 -18 9 -19 9 -19 9]
,,,-80,0,0,0,0,0,0,0,0,0,0,-92,0,6,1722359575422,0,0,0,0,1722359575422,124,[6 -24 7 -24 6 -22 6 -21 4 -19 3 -18 2 -18 0 -17 0 -17 -2 -17 -2 -17 -2 -16 -3 -18 -3 -17 -2 -17 -1 -17 0 -17 1 -16 1 -14 2 -13 2 -11 2 -9 2 -8 1 -7 0 -7 0 0 0 0 0 0 0 0 0 0 0 0 0 0 0 0 0 0 0 0 0 0 5 -24 7 -24 8 -22 9 -22 13 10 -20 11 -21 11 -20 12 -20 12 -19 11 -19 11 -19 13 10 -19 13 10 -18 9 -18 8 -19 7 -19 6 -20 5 -20 5 -22 4 -22 3 -23 3 -25 3 -25 4 -26 4]
,,,-80,0,0,0,0,0,0,0,0,0,0,-92,0,6,1722359575442,0,0,0,0,1722359575442,124,[-20 18 -20 18 -18 16 -17 15 -16 15 -14 13 -12 13 -11 13 -10 14 -9 14 -8 14 -7 14 -8 15 -8 14 -8 14 -8 14 -9 13 -10 12 -10 13 10 -10 8 -9 6 -8 4 -8 3 -7 2 -5 1 0 0 0 0 0 0 0 0 0 0 0 0 0 0 0 0 0 0 0 0 0 0 -20 16 -21 13 -22 12 -22 11 -22 13 10 -22 9 -23 9 -23 8 -23 8 -22 8 -22 8 -21 8 -20 9 -19 13 10 -18 13 10 -19 11 -18 12 -16 13 -17 14 -16 15 -16 17 -16 18 -16 19 -16 21]
,,,-80,0,0,0,0,0,0,0,0,0,0,-92,0,6,1722359575462,0,0,0,0,1722359575462,124,[-17 -11 -18 -12 -15 -10 -15 -10 -14 -9 -14 -8 -13 -7 -13 -6 -13 -5 -14 -4 -13 -4 -13 -3 -14 -3 -13 -3 -14 -3 -13 -4 -13 -5 -12 -5 -11 -6 -10 -6 -8 -6 -7 -6 -6 -6 -5 -6 -3 -6 0 0 0 0 0 0 0 0 0 0 0 0 0 0 0 0 0 0 0 0 0 0 -16 -14 -15 -16 -13 -16 -13 -17 -12 -17 -12 -19 -11 -19 -10 -19 -9 -19 -9 -18 -9 -19 -9 -17 -9 -17 -9 -16 -9 -16 -10 -14 -11 -15 -10 -13 -12 -13 -12 -12 -14 -11 -15 -11 -15 -10 -17 -10 -18 -10 -19 -11]
,,,-80,0,0,0,0,0,0,0,0,0,0,-92,0,6,1722359575481,0,0,0,0,1722359575481,124,[-16 -20 -16 -20 -15 -18 -15 -17 -14 -15 -14 -14 -14 -12 -15 -11 -15 -10 -16 -8 -16 -8 -17 -7 -17 -8 -17 -7 -18 -8 -17 -8 -17 -9 -16 -10 -14 -10 -12 -10 -10 -10 -9 -9 -8 -9 -6 -8 -5 -8 0 0 0 0 0 0 0 0 0 0 0 0 0 0 0 0 0 0 0 0 0 0 -15 -26 -12 -29 -10 -28 -8 -29 -8 -28 -7 -30 -5 -30 -5 -29 -3 -29 -2 -29 -2 -28 -2 -26 -3 -25 -3 -24 -4 -24 -5 -22 -6 -21 -8 -20 -9 -21 -11 -19 -12 -19 -14 -19 -15 -18 -17 -19 -18 -19 -18 -20]
,,,-80,0,0,0,0,0,0,0,0,0,0,-92,0,6,1722359575503,0,0,0,0,1722359575503,124,[33 0 34 0 30 -1 29 -1 27 -2 25 -3 23 -5 22 -6 21 -8 22 -9 21 -10 21 -11 22 -11 22 -11 24 -11 23 -9 24 -9 24 -6 22 -4 21 -2 18 0 16 1 15 2 12 1 11 2 0 0 0 0 0 0 0 0 0 0 0 0 0 0 0 0 0 0 0 0 0 0 33 0 34 5 31 6 32 7 30 8 31 13 10 30 13 10 30 13 10 29 11 28 13 10 28 12 27 13 10 27 9 25 8 26 7 25 5 27 4 26 2 29 2 28 -1 29 -2 30 -3 31 -4 33]
,,,-80,0,0,0,0,0,0,0,0,0,0,-92,0,6,1722359575540,0,0,0,0,1722359575540,124,[8 18 7 18 7 16 6 15 6 14 6 12 6 11 7 9 7 8 7 8 8 7 8 7 8 6 8 6 8 6 8 6 7 7 6 7 5 6 4 6 3 5 2 4 1 4 0 3 0 2 0 0 0 0 0 0 0 0 0 0 0 0 0 0 0 0 0 0 0 0 0 0 9 19 7 20 6 20 5 20 5 20 4 21 4 21 4 21 3 21 2 21 2 21 2 20 2 20 2 20 3 18 3 18 4 18 5 17 6 18 7 17 8 17 9 16 13 10 17 11 18 11 18 11]
,,,-80,0,0,0,0,0,0,0,0,0,0,-92,0,6,1722359575552,0,0,0,0,1722359575552,124,[-21 4 -20 3 -19 2 -17 2 -16 2 -15 2 -13 2 -12 4 -11 4 -10 4 -10 4 -9 5 -9 5 -9 5 -8 5 -9 5 -9 5 -9 4 -8 2 -8 2 -7 0 -6 0 -5 -1 -4 -1 -3 -1 0 0 0 0 0 0 0 0 0 0 0 0 0 0 0 0 0 0 0 0 0 0 -21 5 -22 3 -22 2 -22 1 -21 0 -22 0 -22 -1 -22 -1 -22 -2 -22 -3 -22 -3 -21 -3 -21 -3 -20 -2 -20 -1 -20 -1 -20 0 -19 1 -19 2 -19 3 -19 4 -20 5 -20 5 -20 6 -21 6 -21 6]
,,,-80,0,0,0,0,0,0,0,0,0,0,-92,0,6,1722359575563,0,0,0,0,1722359575563,124,[1 20 1 21 1 18 0 18 0 17 0 15 1 14 1 13 2 11 3 11 3 11 4 13 10 4 13 10 3 13 10 4 13 10 3 9 3 13 10 2 13 10 1 9 0 9 -1 7 -2 6 -2 6 -2 5 -3 4 0 0 0 0 0 0 0 0 0 0 0 0 0 0 0 0 0 0 0 0 0 0 2 20 0 20 -1 19 -2 20 -2 19 -3 21 -4 20 -4 21 -5 20 -5 19 -4 20 -4 19 -4 19 -4 18 -3 19 -3 18 -2 19 -1 17 -1 19 0 18 1 18 2 19 3 19]
,,,-80,0,0,0,0,0,0,0,0,0,0,-92,0,6,1722359575581,0,0,0,0,1722359575581,124,[-25 -10 -25 -10 -23 -9 -23 -9 -22 -8 -21 -7 -20 -6 -19 -5 -19 -4 -19 -3 -19 -2 -19 -2 -19 -2 -18 -2 -19 -2 -18 -2 -18 -3 -18 -5 -17 -5 -16 -6 -14 -7 -13 -7 -12 -8 -9 -8 -8 -9 0 0 0 0 0 0 0 0 0 0 0 0 0 0 0 0 0 0 0 0 0 0 -22 -8 -21 -11 -20 -11 -20 -12 -19 -12 -20 -13 -19 -15 -19 -15 -19 -16 -19 -16 -19 -16 -18 -15 -19 -15 -19 -14 -18 -14 -19 -13 -19 -12 -19 -11 -21 -11 -21 -10 -22 -9 -23 -8 -23 -7 -26 -7 -26 -7 -27 -7]
,,,-80,0,0,0,0,0,0,0,0,0,0,-92,0,6,1722359575603,0,0,0,0,1722359575603,124,[19 8 18 7 17 7 16 6 15 6 15 5 15 5 15 3 14 3 14 2 14 2 15 1 14 1 15 1 14 1 15 2 14 3 14 3 13 4 12 5 11 5 13 10 6 9 6 7 6 6 6 0 0 0 0 0 0 0 0 0 0 0 0 0 0 0 0 0 0 0 0 0 0 15 6 14 7 14 7 13 7 14 9 13 9 14 9 14 13 10 14 11 14 11 13 11 13 11 13 11 13 13 10 13 9 14 9 14 8 15 8 15 8 15 7 16 7 18 6 18 6 19 6 19]
,,,-80,0,0,0,0,0,0,0,0,0,0,-92,0,6,1722359575622,0,0,0,0,1722359575622,124,[13 -17 13 -17 12 -16 12 -15 11 -14 13 10 -14 9 -14 8 -14 7 -14 6 -15 6 -15 5 -15 6 -16 6 -15 7 -16 7 -15 8 -15 9 -14 9 -12 9 -12 9 -9 9 -8 9 -7 8 -6 8 -5 0 0 0 0 0 0 0 0 0 0 0 0 0 0 0 0 0 0 0 0 0 0 11 -13 13 -12 13 -11 14 -11 14 -10 15 -11 16 -10 16 -10 16 -10 15 -9 16 -10 15 -10 15 -10 14 -10 14 -11 14 -11 14 -12 13 -12 13 -13 13 -13 13 -14 12 -15 12 -16 12 -18 12 -18 13]
,,,-80,0,0,0,0,0,0,0,0,0,0,-92,0,6,1722359575645,0,0,0,0,1722359575645,124,[18 -7 18 -7 16 -7 16 -7 15 -7 14 -8 12 -8 12 -9 11 -9 11 -10 11 -10 13 10 -10 11 -11 11 -10 11 -11 11 -10 12 -9 12 -8 11 -7 11 -6 11 -4 13 10 -3 13 10 -2 8 -1 8 -1 0 0 0 0 0 0 0 0 0 0 0 0 0 0 0 0 0 0 0 0 0 0 17 -7 18 -5 18 -4 18 -3 18 -3 19 -2 19 -2 19 -1 19 0 19 -1 19 -1 18 -1 18 -1 18 -1 18 -2 18 -2 18 -3 18 -3 18 -4 18 -5 18 -6 18 -6 17 -7 18 -7 19]
,,,-80,0,0,0,0,0,0,0,0,0,0,-92,0,6,1722359575662,0,0,0,0,1722359575662,124,[-11 -18 -11 -18 -10 -16 -10 -16 -9 -14 -10 -13 -10 -12 -10 -11 -11 -10 -12 -10 -12 -9 -12 -9 -12 -9 -11 -9 -12 -9 -11 -9 -10 -10 -10 -10 -8 -10 -7 -10 -6 -10 -4 -9 -3 -8 -2 -8 -2 -7 0 0 0 0 0 0 0 0 0 0 0 0 0 0 0 0 0 0 0 0 0 0 -12 -16 -10 -18 -9 -18 -9 -19 -8 -19 -8 -20 -7 -20 -7 -20 -6 -21 -6 -21 -6 -21 -6 -21 -6 -20 -6 -20 -6 -20 -7 -19 -8 -19 -8 -18 -9 -19 -9 -19 -10 -18 -10 -18 -11 -18 -12 -19 -12 -19 -12 -19]
,,,-80,0,0,0,0,0,0,0,0,0,0,-92,0,6,1722359575682,0,0,0,0,1722359575682,124,[-12 20 -13 20 -11 18 -11 18 -9 17 -8 16 -8 16 -6 15 -6 15 -5 15 -5 15 -4 15 -4 16 -4 15 -4 15 -4 14 -5 15 -6 13 -6 12 -7 11 -7 9 -7 7 -7 6 -7 5 -6 4 0 0 0 0 0 0 0 0 0 0 0 0 0 0 0 0 0 0 0 0 0 0 -7 17 -9 17 -10 16 -11 16 -11 16 -11 16 -12 16 -13 16 -13 17 -14 16 -14 17 -14 17 -14 17 -14 17 -14 17 -13 17 -13 18 -12 18 -13 19 -12 19 -11 20 -11 21 -11 21 -11 22 -11 22 -12 22]
,,,-80,0,0,0,0,0,0,0,0,0,0,-92,0,6,1722359575708,0,0,0,0,1722359575708,124,[-9 -23 -8 -23 -8 -22 -8 -20 -7 -19 -7 -18 -7 -17 -8 -16 -8 -15 -9 -14 -9 -14 -9 -13 -9 -13 -9 -13 -8 -13 -8 -13 -7 -13 -6 -12 -5 -12 -4 -11 -3 -10 -3 -9 -2 -8 -2 -8 -1 -7 0 0 0 0 0 0 0 0 0 0 0 0 0 0 0 0 0 0 0 0 0 0 -10 -16 -8 -17 -7 -17 -7 -18 -7 -18 -6 -19 -5 -20 -5 -20 -5 -20 -5 -20 -5 -21 -5 -20 -6 -20 -6 -20 -6 -20 -6 -20 -7 -20 -7 -20 -8 -21 -9 -21 -9 -21 -10 -21 -11 -21 -12 -22 -12 -23 -11 -23]
,,,-80,0,0,0,0,0,0,0,0,0,0,-92,0,6,1722359575725,0,0,0,0,1722359575725,124,[8 20 8 19 7 18 7 17 7 16 7 15 8 14 8 12 9 12 9 12 9 11 9 11 9 11 9 11 9 11 9 11 8 11 7 11 6 11 5 11 3 13 10 3 9 2 8 1 7 1 6 0 0 0 0 0 0 0 0 0 0 0 0 0 0 0 0 0 0 0 0 0 0 13 10 18 8 18 7 18 6 19 5 19 5 20 4 21 3 21 2 21 2 21 2 21 2 20 2 20 3 19 3 18 4 18 4 19 5 18 6 18 7 18 7 18 8 18 9 19 13 10 20 13]
,,,-80,0,0,0,0,0,0,0,0,0,0,-92,0,6,1722359575744,0,0,0,0,1722359575744,124,[0 -22 -1 -20 0 -21 0 -19 -1 -18 -2 -17 -3 -17 -4 -16 -5 -17 -6 -16 -5 -16 -6 -16 -6 -16 -6 -16 -6 -16 -5 -17 -4 -16 -3 -16 -2 -15 -1 -14 -1 -13 0 -12 1 -10 1 -10 2 -9 0 0 0 0 0 0 0 0 0 0 0 0 0 0 0 0 0 0 0 0 0 0 1 -23 3 -22 4 -23 5 -21 6 -22 7 -21 7 -22 9 -21 9 -21 13 10 -21 13 10 -20 9 -19 9 -19 8 -19 7 -18 7 -19 5 -18 5 -19 4 -19 3 -20 2 -19 1 -21 1 -22 0 -22 0 -22]
,,,-80,0,0,0,0,0,0,0,0,0,0,-92,0,6,1722359575763,0,0,0,0,1722359575763,124,[-20 7 -20 7 -18 7 -18 7 -16 7 -15 7 -14 8 -14 9 -13 9 -13 13 10 -13 9 -14 13 10 -14 11 -13 13 10 -14 13 10 -14 9 -14 8 -14 7 -14 6 -14 5 -13 3 -12 2 -11 1 -10 0 -9 0 0 0 0 0 0 0 0 0 0 0 0 0 0 0 0 0 0 0 0 0 0 0 -20 6 -21 4 -20 3 -21 2 -20 1 -21 1 -20 1 -20 -1 -21 0 -20 -1 -20 -1 -20 -1 -19 -1 -19 0 -19 1 -18 1 -19 2 -18 3 -19 3 -18 5 -19 5 -19 7 -19 7 -20 8]
,,,-80,0,0,0,0,0,0,0,0,0,0,-92,0,6,1722359575784,0,0,0,0,1722359575784,124,[-5 -21 -4 -20 -4 -19 -4 -18 -4 -17 -4 -16 -5 -15 -6 -15 -6 -14 -7 -14 -7 -13 -7 -13 -8 -14 -7 -14 -7 -14 -6 -14 -5 -14 -4 -14 -3 -13 -2 -13 -1 -11 0 -10 0 -9 1 -8 1 -8 0 0 0 0 0 0 0 0 0 0 0 0 0 0 0 0 0 0 0 0 0 0 -5 -20 -3 -20 -2 -20 -1 -19 -1 -19 0 -20 1 -20 1 -20 1 -19 1 -20 1 -19 1 -19 1 -19 0 -19 0 -19 -2 -19 -2 -19 -2 -19 -3 -19 -4 -19 -4 -20 -5 -20 -5 -20 -6 -21 -6 -22 -6 -22]
,,,-80,0,0,0,0,0,0,0,0,0,0,-92,0,6,1722359575801,0,0,0,0,1722359575801,124,[5 24 5 23 5 21 4 20 4 18 5 18 6 16 6 15 7 14 8 13 8 13 9 13 9 14 9 14 8 14 8 14 7 14 5 14 3 13 2 13 1 11 0 13 10 0 8 -1 8 -1 6 0 0 0 0 0 0 0 0 0 0 0 0 0 0 0 0 0 0 0 0 0 0 7 23 4 23 3 22 2 22 2 22 1 22 0 22 0 22 0 22 0 22 1 22 1 22 1 22 2 22 2 22 3 22 3 22 4 22 5 23 5 23 6 23 6 24 7 24 8 24 8 25 8]
,,,-80,0,0,0,0,0,0,0,0,0,0,-92,0,6,1722359575826,0,0,0,0,1722359575826,124,[9 -14 9 -13 8 -13 7 -12 6 -12 5 -11 4 -11 3 -11 2 -11 1 -11 0 -11 0 -11 0 -12 0 -12 0 -13 1 -12 1 -13 2 -12 3 -11 3 -10 3 -9 3 -7 3 -6 3 -6 3 -5 0 0 0 0 0 0 0 0 0 0 0 0 0 0 0 0 0 0 0 0 0 0 7 -16 9 -15 9 -15 13 10 -14 13 10 -14 13 10 -14 13 10 -14 11 -14 11 -14 12 -13 12 -14 12 -14 12 -13 12 -14 12 -14 11 -14 11 -14 13 10 -14 13 10 -15 13 10 -15 9 -16 13 10 -16]
,,,-80,0,0,0,0,0,0,0,0,0,0,-92,0,6,1722359575846,0,0,0,0,1722359575846,124,[13 10 16 13 10 15 13 10 14 9 13 9 11 8 13 10 9 9 9 8 9 7 9 6 9 6 13 10 5 13 10 5 11 5 11 5 13 10 6 13 10 6 9 7 8 7 7 7 6 6 5 6 4 6 2 5 2 5 0 0 0 0 0 0 0 0 0 0 0 0 0 0 0 0 0 0 0 0 0 0 12 12 13 10 13 13 10 13 9 13 9 14 9 14 9 15 9 16 9 16 8 17 8 17 8 17 9 17 8 17 9 16 9 17 13 10 16 13 10 16 13 10 16 11]
,,,-80,0,0,0,0,0,0,0,0,0,0,-92,0,6,1722359575865,0,0,0,0,1722359575865,124,[-22 -6 -21 -7 -20 -6 -18 -6 -18 -5 -17 -4 -16 -3 -15 -2 -15 -1 -15 -1 -15 -1 -15 0 -15 0 -15 0 -15 0 -15 -1 -14 -2 -14 -2 -13 -3 -12 -4 -10 -4 -9 -4 -8 -4 -7 -4 -6 -4 0 0 0 0 0 0 0 0 0 0 0 0 0 0 0 0 0 0 0 0 0 0 -18 -2 -18 -4 -18 -4 -18 -5 -18 -5 -18 -6 -18 -6 -18 -6 -19 -7 -19 -7 -19 -8 -20 -8 -19 -8 -19 -8 -19 -8 -20 -7 -20 -7 -20 -7 -20 -6 -21 -6 -21 -6 -22 -5 -22 -5 -23 -5 -23 -5 -23 -6]
,,,-80,0,0,0,0,0,0,0,0,0,0,-92,0,6,1722359575886,0,0,0,0,1722359575886,124,[12 15 12 15 11 13 11 13 12 12 11 11 11 13 10 11 9 11 8 12 8 12 8 12 8 12 8 13 8 13 8 12 9 11 13 10 9 13 10 7 13 10 6 9 5 9 4 8 3 7 2 6 1 5 0 0 0 0 0 0 0 0 0 0 0 0 0 0 0 0 0 0 0 0 0 0 13 10 14 9 15 8 14 8 15 7 15 6 16 7 16 7 16 7 16 7 16 7 16 7 16 8 16 8 16 8 16 8 16 9 15 13 10 15 13 10 15 13 10 15 12 14 12 15]
,,,-80,0,0,0,0,0,0,0,0,0,0,-92,0,6,1722359575904,0,0,0,0,1722359575904,124,[19 -4 19 -4 18 -4 17 -5 16 -5 16 -6 15 -6 14 -7 14 -8 14 -9 13 -8 14 -9 14 -9 14 -9 15 -8 15 -7 15 -6 15 -5 14 -3 13 -2 12 -1 11 0 9 1 8 1 7 1 0 0 0 0 0 0 0 0 0 0 0 0 0 0 0 0 0 0 0 0 0 0 19 -3 19 -1 19 0 19 0 18 1 19 2 19 2 18 2 18 2 18 3 18 3 18 3 18 2 18 2 18 1 18 0 18 0 18 -1 18 -1 19 -2 19 -3 19 -4 19 -4 20 -4 21 -5 21 -5]
,,,-80,0,0,0,0,0,0,0,0,0,0,-92,0,6,1722359575922,0,0,0,0,1722359575922,124,[-19 -5 -18 -4 -18 -4 -17 -3 -17 -2 -16 -1 -16 -1 -16 1 -16 1 -16 2 -16 2 -17 2 -17 2 -17 2 -18 2 -18 0 -17 0 -17 -2 -15 -2 -14 -3 -12 -4 -12 -4 -10 -4 -8 -4 -8 -4 0 0 0 0 0 0 0 0 0 0 0 0 0 0 0 0 0 0 0 0 0 0 -18 -8 -17 -10 -17 -10 -16 -11 -16 -11 -15 -12 -15 -12 -15 -12 -14 -12 -14 -12 -15 -12 -14 -11 -14 -12 -14 -11 -14 -10 -15 -10 -16 -9 -16 -8 -17 -8 -17 -7 -17 -7 -18 -6 -19 -6 -20 -6 -19 -5 -20 -5]
,,,-80,0,0,0,0,0,0,0,0,0,0,-92,0,6,1722359575942,0,0,0,0,1722359575942,124,[3 17 4 16 4 15 5 14 5 14 5 13 6 12 7 11 8 11 9 11 9 11 9 11 9 12 9 12 9 13 8 13 7 14 5 14 4 13 3 12 1 11 0 13 10 0 9 -1 8 -2 7 0 0 0 0 0 0 0 0 0 0 0 0 0 0 0 0 0 0 0 0 0 0 3 17 2 18 1 17 0 17 0 16 0 17 -1 17 -2 17 -1 18 -2 17 -1 18 -1 18 -1 18 -1 17 -1 17 0 17 0 17 1 16 1 17 2 17 2 17 3 17 4 18 4 18 5 19 5]
,,,-80,0,0,0,0,0,0,0,0,0,0,-92,0,6,1722359575963,0,0,0,0,1722359575963,124,[-23 -3 -22 -3 -21 -1 -20 -1 -20 1 -19 2 -19 3 -18 4 -19 5 -19 6 -19 6 -20 6 -21 7 -21 7 -22 6 -22 4 -22 3 -22 1 -20 -1 -19 -2 -17 -4 -15 -5 -13 -6 -11 -6 -9 -6 0 0 0 0 0 0 0 0 0 0 0 0 0 0 0 0 0 0 0 0 0 0 -22 -8 -21 -9 -20 -10 -19 -10 -20 -10 -19 -11 -20 -11 -20 -11 -20 -11 -20 -12 -20 -12 -20 -11 -20 -11 -20 -11 -20 -10 -20 -10 -20 -9 -20 -8 -21 -7 -21 -5 -22 -5 -22 -4 -23 -4 -24 -4 -25 -3 -24 -3]
,,,-80,0,0,0,0,0,0,0,0,0,0,-92,0,6,1722359575985,0,0,0,0,1722359575985,124,[1 -16 1 -16 0 -15 -1 -14 -2 -13 -3 -13 -4 -12 -5 -12 -6 -13 -7 -13 -8 -13 -9 -14 -9 -14 -9 -15 -9 -16 -7 -16 -7 -17 -5 -17 -3 -16 -2 -16 -1 -14 0 -13 0 -12 1 -12 2 -11 0 0 0 0 0 0 0 0 0 0 0 0 0 0 0 0 0 0 0 0 0 0 5 -17 7 -17 7 -15 8 -15 8 -14 8 -15 8 -14 9 -15 9 -14 8 -14 8 -15 8 -15 8 -15 7 -15 7 -15 7 -15 6 -15 6 -14 5 -15 4 -15 3 -16 3 -16 2 -16 2 -17 2 -18 1 -18]
,,,-80,0,0,0,0,0,0,0,0,0,0,-92,0,6,1722359576001,0,0,0,0,1722359576001,124,[-18 2 -17 3 -15 3 -15 4 -14 5 -13 5 -12 6 -11 7 -10 8 -11 9 -11 13 10 -11 11 -12 12 -12 12 -13 12 -13 11 -14 13 10 -14 9 -14 8 -14 6 -14 5 -13 4 -12 3 -12 2 -11 1 0 0 0 0 0 0 0 0 0 0 0 0 0 0 0 0 0 0 0 0 0 0 -18 1 -19 -1 -18 -1 -18 -2 -17 -2 -18 -3 -18 -3 -18 -4 -18 -4 -18 -4 -19 -4 -18 -4 -18 -4 -18 -3 -18 -3 -18 -2 -18 -2 -17 -1 -18 0 -17 0 -18 1 -18 2 -18 2 -19 3 -19 3]
,,,-80,0,0,0,0,0,0,0,0,0,0,-92,0,6,1722359576024,0,0,0,0,1722359576024,124,[16 -6 16 -6 15 -6 14 -6 13 -7 11 -7 11 -8 9 -9 9 -9 9 -11 8 -11 8 -12 9 -13 9 -13 13 10 -13 13 10 -13 11 -12 11 -11 12 -10 11 -9 12 -8 11 -7 11 -6 13 10 -5 13 10 -4 0 0 0 0 0 0 0 0 0 0 0 0 0 0 0 0 0 0 0 0 0 0 17 -6 17 -5 17 -4 17 -3 17 -3 18 -3 18 -2 18 -1 18 -1 18 -1 18 -1 18 -1 18 -1 18 -1 18 -1 17 -1 17 -2 16 -3 17 -4 17 -4 17 -5 16 -6 17 -6 18 -7]
,,,-80,0,0,0,0,0,0,0,0,0,0,-92,0,6,1722359576043,0,0,0,0,1722359576043,124,[-14 6 -14 6 -12 6 -11 6 -10 7 -9 7 -8 8 -7 9 -7 9 -6 13 10 -6 11 -6 11 -7 12 -6 12 -7 13 -8 12 -8 12 -9 12 -9 13 10 -10 13 10 -10 8 -10 7 -10 6 -9 6 -9 5 0 0 0 0 0 0 0 0 0 0 0 0 0 0 0 0 0 0 0 0 0 0 -16 6 -16 5 -16 3 -17 3 -16 3 -17 2 -18 2 -17 1 -17 1 -17 1 -18 1 -17 1 -17 1 -17 1 -16 1 -16 1 -16 2 -15 3 -16 3 -15 4 -15 4 -15 5 -15 6 -16 6 -16]
,,,-80,0,0,0,0,0,0,0,0,0,0,-92,0,6,1722359576064,0,0,0,0,1722359576064,124,[14 7 14 6 12 5 12 4 12 3 11 2 11 0 11 -1 11 -1 11 -3 12 -4 13 -4 14 -4 13 -4 14 -4 15 -3 15 -2 15 -1 14 0 14 0 13 2 12 2 11 3 9 3 9 3 0 0 0 0 0 0 0 0 0 0 0 0 0 0 0 0 0 0 0 0 0 0 16 5 15 7 15 8 15 8 14 9 15 13 10 14 13 10 14 11 14 12 14 11 14 11 13 11 13 11 13 11 13 11 13 13 10 13 13 10 13 9 14 9 14 8 14 8 15 7 15 6 16 7]
,,,-80,0,0,0,0,0,0,0,0,0,0,-92,0,6,1722359576088,0,0,0,0,1722359576088,124,[15 -8 15 -8 13 -8 12 -8 11 -8 13 10 -8 9 -9 8 -10 7 -10 7 -12 7 -12 6 -13 7 -13 7 -13 7 -14 8 -13 8 -13 9 -12 9 -11 9 -10 9 -8 9 -7 9 -6 8 -6 8 -5 0 0 0 0 0 0 0 0 0 0 0 0 0 0 0 0 0 0 0 0 0 0 14 -10 15 -8 16 -8 17 -7 17 -7 18 -6 18 -5 19 -4 19 -4 19 -4 19 -4 19 -4 19 -3 18 -3 18 -3 17 -4 17 -4 17 -5 17 -5 16 -5 16 -6 16 -8 16 -8 16 -9 16 -9 17]
,,,-80,0,0,0,0,0,0,0,0,0,0,-92,0,6,1722359576102,0,0,0,0,1722359576102,124,[3 -16 2 -16 1 -15 1 -15 0 -14 -1 -13 -2 -14 -3 -13 -4 -13 -5 -14 -5 -14 -5 -14 -5 -15 -6 -15 -5 -15 -4 -15 -3 -16 -3 -15 -2 -14 -1 -13 -1 -12 -1 -11 0 -10 0 -10 0 -9 0 0 0 0 0 0 0 0 0 0 0 0 0 0 0 0 0 0 0 0 0 0 4 -20 6 -20 7 -18 8 -18 8 -17 9 -17 13 10 -17 11 -16 11 -16 11 -15 11 -15 11 -15 13 10 -14 13 10 -14 13 10 -14 9 -14 8 -14 8 -13 7 -14 6 -15 5 -15 4 -15 3 -16 3 -17]
,,,-80,0,0,0,0,0,0,0,0,0,0,-92,0,6,1722359576123,0,0,0,0,1722359576123,124,[6 -12 6 -12 4 -12 4 -12 2 -12 1 -12 0 -12 -2 -13 -2 -13 -3 -14 -3 -14 -4 -14 -4 -15 -4 -15 -4 -16 -3 -15 -2 -15 -2 -15 -1 -14 -1 -13 0 -12 -1 -11 -1 -11 -1 -10 -1 -10 0 0 0 0 0 0 0 0 0 0 0 0 0 0 0 0 0 0 0 0 0 0 17 -17 18 -15 19 -13 19 -12 19 -11 20 -10 20 -8 20 -7 19 -7 19 -7 18 -6 17 -6 17 -6 16 -6 15 -6 14 -7 13 -7 12 -8 12 -9 11 -9 13 10 -10 9 -11 8 -12 8 -12 8 -13 8]
,,,-80,0,0,0,0,0,0,0,0,0,0,-92,0,6,1722359576143,0,0,0,0,1722359576143,124,[-12 -12 -12 -11 -11 -9 -11 -8 -11 -6 -11 -5 -11 -4 -12 -2 -12 -2 -13 0 -13 0 -14 0 -15 1 -14 1 -15 1 -15 0 -15 -1 -14 -2 -13 -2 -13 -2 -12 -2 -11 -2 -10 -2 -9 -2 -9 -2 0 0 0 0 0 0 0 0 0 0 0 0 0 0 0 0 0 0 0 0 0 0 -16 -19 -14 -20 -12 -21 -11 -21 -10 -21 -10 -22 -9 -22 -8 -22 -7 -22 -7 -21 -7 -21 -6 -20 -6 -20 -6 -19 -7 -19 -7 -18 -8 -17 -8 -16 -9 -16 -10 -15 -10 -15 -11 -14 -12 -13 -13 -13 -13 -13 -13 -13]
,,,-80,0,0,0,0,0,0,0,0,0,0,-92,0,6,1722359576167,0,0,0,0,1722359576167,124,[17 -3 16 -3 15 -3 14 -3 13 -4 11 -4 11 -5 13 10 -6 13 10 -7 13 10 -8 9 -8 9 -9 13 10 -9 13 10 -9 13 10 -10 11 -9 11 -9 11 -8 11 -6 11 -5 13 10 -4 13 10 -3 9 -2 8 -2 8 -2 0 0 0 0 0 0 0 0 0 0 0 0 0 0 0 0 0 0 0 0 0 0 18 -5 18 -3 17 -2 18 -1 17 -1 18 0 18 0 18 1 18 1 17 1 18 2 17 1 17 1 17 2 17 1 17 0 17 0 16 -1 17 -1 17 -2 17 -3 17 -4]
,,,-80,0,0,0,0,0,0,0,0,0,0,-92,0,6,1722359576184,0,0,0,0,1722359576184,124,[-9 -13 -9 -12 -8 -11 -9 -10 -9 -9 -9 -9 -9 -8 -10 -7 -11 -6 -12 -5 -12 -5 -13 -5 -13 -5 -13 -6 -13 -6 -12 -7 -12 -8 -10 -8 -9 -8 -8 -8 -7 -7 -6 -7 -5 -6 -4 -6 -4 -5 0 0 0 0 0 0 0 0 0 0 0 0 0 0 0 0 0 0 0 0 0 0 -11 -15 -9 -16 -8 -16 -7 -16 -6 -16 -6 -17 -6 -17 -5 -17 -5 -17 -5 -17 -5 -17 -5 -16 -6 -17 -6 -16 -5 -16 -6 -16 -6 -16 -7 -15 -7 -16 -7 -15 -8 -15 -9 -15 -9 -14 -10 -14 -10 -14 -10 -14]
,,,-80,0,0,0,0,0,0,0,0,0,0,-92,0,6,1722359576201,0,0,0,0,1722359576201,124,[-10 -13 -10 -12 -10 -11 -9 -10 -10 -9 -10 -8 -11 -7 -11 -6 -12 -5 -13 -5 -13 -4 -13 -5 -14 -5 -14 -5 -14 -5 -14 -7 -12 -7 -11 -8 -10 -8 -8 -8 -7 -7 -6 -7 -5 -6 -3 -5 -3 -4 0 0 0 0 0 0 0 0 0 0 0 0 0 0 0 0 0 0 0 0 0 0 -12 -16 -11 -17 -10 -18 -9 -18 -9 -19 -8 -20 -7 -20 -6 -20 -6 -20 -6 -20 -5 -20 -5 -19 -5 -19 -5 -19 -5 -18 -6 -18 -6 -17 -6 -17 -7 -17 -8 -16 -8 -15 -9 -15 -10 -15 -10 -15 -11 -14 -11 -14]
,,,-80,0,0,0,0,0,0,0,0,0,0,-92,0,6,1722359576223,0,0,0,0,1722359576223,124,[6 13 6 13 7 11 6 13 10 8 9 8 8 8 7 9 6 13 10 6 11 6 11 6 12 6 12 6 12 6 12 7 12 7 11 8 13 10 9 9 9 7 9 6 8 5 7 4 7 3 6 2 6 0 0 0 0 0 0 0 0 0 0 0 0 0 0 0 0 0 0 0 0 0 0 6 17 4 18 3 17 3 17 2 18 1 18 1 18 0 18 0 18 -1 18 -1 18 -1 18 -1 17 0 16 0 16 0 16 1 16 2 15 2 15 3 15 4 14 5 14 5 13 7 14 7]
,,,-80,0,0,0,0,0,0,0,0,0,0,-92,0,6,1722359576247,0,0,0,0,1722359576247,124,[-19 2 -18 2 -16 2 -15 3 -14 4 -13 4 -12 5 -11 6 -11 7 -11 8 -10 8 -11 9 -11 9 -11 9 -11 13 10 -12 8 -12 8 -12 7 -12 6 -11 5 -11 4 -10 3 -9 2 -9 2 -8 2 0 0 0 0 0 0 0 0 0 0 0 0 0 0 0 0 0 0 0 0 0 0 -20 5 -20 3 -20 2 -20 0 -20 0 -20 -1 -20 -1 -20 -1 -20 -2 -20 -2 -20 -2 -19 -2 -19 -2 -19 -1 -19 -1 -19 -1 -19 0 -19 0 -19 1 -19 2 -19 3 -19 3 -19 4 -20 4 -20 4 -20]
,,,-80,0,0,0,0,0,0,0,0,0,0,-92,0,6,1722359576261,0,0,0,0,1722359576261,124,[12 12 11 12 13 10 11 13 10 9 13 10 8 9 7 9 6 9 5 9 4 13 10 3 13 10 2 13 10 2 11 2 11 2 11 2 11 3 11 4 13 10 4 9 4 8 4 7 4 6 4 5 3 4 3 4 2 0 0 0 0 0 0 0 0 0 0 0 0 0 0 0 0 0 0 0 0 0 0 14 13 10 13 12 12 12 11 12 11 13 13 10 13 13 10 13 13 10 14 9 14 9 14 9 14 9 13 13 10 13 13 10 13 9 12 13 10 12 13 10 12 11 12 11]
,,,-80,0,0,0,0,0,0,0,0,0,0,-92,0,6,1722359576281,0,0,0,0,1722359576281,124,[-11 -17 -11 -17 -10 -15 -10 -14 -10 -12 -10 -11 -10 -10 -11 -9 -11 -8 -12 -7 -13 -7 -13 -7 -14 -7 -13 -7 -13 -8 -13 -9 -12 -9 -11 -9 -9 -9 -8 -9 -7 -9 -6 -7 -5 -6 -4 -5 -4 -5 0 0 0 0 0 0 0 0 0 0 0 0 0 0 0 0 0 0 0 0 0 0 -12 -16 -11 -18 -10 -18 -9 -18 -8 -18 -8 -19 -7 -19 -7 -19 -6 -19 -6 -19 -7 -19 -7 -19 -7 -18 -7 -18 -8 -18 -8 -17 -9 -17 -9 -17 -10 -17 -11 -16 -12 -17 -12 -17 -14 -16 -14 -18 -14 -17 -14 -18]
,,,-80,0,0,0,0,0,0,0,0,0,0,-92,0,6,1722359576302,0,0,0,0,1722359576302,124,[-11 -17 -11 -16 -10 -14 -11 -13 -11 -12 -11 -11 -12 -10 -12 -9 -13 -9 -14 -8 -15 -8 -14 -9 -15 -9 -15 -10 -15 -10 -13 -11 -13 -11 -11 -12 -9 -12 -8 -11 -7 -11 -6 -9 -5 -9 -4 -7 -3 -7 0 0 0 0 0 0 0 0 0 0 0 0 0 0 0 0 0 0 0 0 0 0 -11 -14 -9 -15 -9 -15 -8 -15 -7 -16 -7 -17 -6 -17 -6 -17 -6 -17 -6 -17 -6 -17 -6 -16 -6 -16 -7 -16 -7 -16 -8 -16 -8 -15 -9 -15 -10 -16 -10 -15 -11 -15 -12 -16 -12 -16 -14 -17 -13 -17 -13 -17]
,,,-80,0,0,0,0,0,0,0,0,0,0,-92,0,6,1722359576321,0,0,0,0,1722359576321,124,[-16 13 -15 12 -14 12 -12 11 -11 11 -10 11 -9 11 -8 12 -7 12 -7 12 -7 12 -7 13 -8 13 -7 13 -8 12 -9 12 -8 11 -9 9 -9 9 -9 7 -8 6 -7 5 -7 4 -6 5 -5 4 0 0 0 0 0 0 0 0 0 0 0 0 0 0 0 0 0 0 0 0 0 0 -8 12 -9 11 -10 11 -10 13 10 -11 13 10 -11 13 10 -12 13 10 -12 13 10 -12 13 10 -13 13 10 -13 11 -14 11 -13 11 -13 11 -12 11 -13 12 -13 12 -13 13 -13 13 -13 14 -13 15 -13 16 -14]
,,,-80,0,0,0,0,0,0,0,0,0,0,-92,0,6,1722359576342,0,0,0,0,1722359576342,124,[-21 -7 -20 -7 -18 -7 -17 -6 -16 -5 -15 -4 -14 -3 -14 -2 -14 -2 -13 -1 -13 0 -13 0 -14 0 -13 0 -13 0 -13 -1 -12 -2 -12 -2 -11 -2 -10 -3 -9 -3 -7 -3 -7 -3 -5 -2 -5 -2 0 0 0 0 0 0 0 0 0 0 0 0 0 0 0 0 0 0 0 0 0 0 -14 -2 -14 -3 -14 -3 -14 -4 -14 -4 -14 -5 -15 -5 -15 -5 -15 -5 -16 -5 -16 -5 -16 -5 -16 -5 -16 -5 -17 -5 -17 -5 -18 -4 -18 -3 -19 -3 -20 -3 -21 -2 -21 -2 -22 -3 -24 -4 -24 -4 -23 -5]
,,,-80,0,0,0,0,0,0,0,0,0,0,-92,0,6,1722359576363,0,0,0,0,1722359576363,124,[-9 18 -8 17 -8 16 -7 15 -6 14 -5 13 -4 12 -3 12 -2 12 -1 12 -1 12 -1 11 -1 12 -1 12 -1 12 -2 11 -2 11 -3 13 10 -3 8 -4 7 -4 5 -4 4 -4 3 -3 2 -2 1 0 0 0 0 0 0 0 0 0 0 0 0 0 0 0 0 0 0 0 0 0 0 -6 16 -8 16 -8 15 -9 15 -9 15 -10 14 -11 15 -11 14 -11 14 -11 13 -11 13 -11 13 -10 13 -10 14 -9 14 -8 14 -8 15 -7 15 -7 16 -6 17 -6 17 -5 19 -6 19 -6 20 -7 21 -7]
,,,-80,0,0,0,0,0,0,0,0,0,0,-92,0,6,1722359576382,0,0,0,0,1722359576382,124,[12 16 12 16 11 13 11 13 11 13 10 13 10 9 13 10 8 11 7 11 6 12 5 13 5 12 5 13 6 12 6 13 7 11 7 11 7 9 7 8 7 6 7 5 6 4 6 3 5 2 4 1 3 0 0 0 0 0 0 0 0 0 0 0 0 0 0 0 0 0 0 0 0 0 0 12 12 13 10 13 9 12 13 10 13 9 13 13 10 15 9 15 9 15 9 15 9 15 9 16 9 15 9 15 9 15 13 10 14 13 10 14 11 14 11 14 12 14 13 13 14 13 15 13]
,,,-80,0,0,0,0,0,0,0,0,0,0,-92,0,6,1722359576402,0,0,0,0,1722359576402,124,[-23 -33 -21 -32 -19 -29 -18 -28 -18 -25 -17 -23 -18 -21 -18 -19 -18 -17 -20 -16 -20 -15 -21 -15 -21 -15 -20 -16 -20 -16 -19 -17 -17 -16 -16 -16 -13 -17 -12 -16 -9 -15 -8 -14 -6 -13 -5 -12 -3 -11 0 0 0 0 0 0 0 0 0 0 0 0 0 0 0 0 0 0 0 0 0 0 -13 -18 -11 -18 -11 -17 -12 -17 -13 -18 -13 -19 -14 -19 -14 -20 -14 -21 -16 -21 -16 -22 -17 -22 -18 -23 -19 -23 -19 -24 -20 -24 -22 -24 -21 -24 -23 -25 -24 -25 -26 -26 -27 -27 -30 -27 -30 -29 -29 -31 -29 -32]
,,,-80,0,0,0,0,0,0,0,0,0,0,-92,0,6,1722359576422,0,0,0,0,1722359576422,124,[-15 21 -15 20 -14 18 -14 17 -12 17 -11 16 -10 15 -9 15 -7 15 -7 15 -6 15 -6 15 -6 16 -6 15 -6 15 -7 14 -7 14 -8 13 -8 11 -8 13 10 -8 8 -8 6 -8 5 -7 4 -7 3 0 0 0 0 0 0 0 0 0 0 0 0 0 0 0 0 0 0 0 0 0 0 -8 15 -10 15 -10 14 -10 14 -10 14 -12 15 -12 15 -13 15 -14 15 -13 15 -14 16 -13 16 -14 16 -13 16 -13 17 -13 16 -13 18 -12 18 -12 19 -11 19 -11 20 -11 22 -12 23 -12 23 -13 24 -13]
,,,-80,0,0,0,0,0,0,0,0,0,0,-92,0,6,1722359576443,0,0,0,0,1722359576443,124,[13 19 12 19 11 17 13 10 17 11 15 13 10 14 13 10 13 11 12 11 11 11 13 10 11 13 10 11 13 10 11 11 11 13 10 11 13 10 13 10 11 9 11 8 11 7 13 10 5 13 10 4 9 3 8 2 8 1 7 0 6 0 0 0 0 0 0 0 0 0 0 0 0 0 0 0 0 0 0 0 0 0 0 8 12 7 13 6 13 6 13 6 13 6 14 6 15 6 15 6 15 6 15 6 16 6 16 7 15 7 15 8 15 8 15 9 15 13 10 15 11 15 12 15]
,,,-80,0,0,0,0,0,0,0,0,0,0,-92,0,6,1722359576462,0,0,0,0,1722359576462,124,[-11 18 -11 17 -10 16 -9 15 -9 14 -8 14 -7 13 -6 13 -5 13 -4 14 -4 13 -4 13 -5 13 -4 14 -5 13 -6 13 -6 12 -7 11 -7 9 -7 8 -7 7 -7 6 -6 4 -6 4 -6 3 0 0 0 0 0 0 0 0 0 0 0 0 0 0 0 0 0 0 0 0 0 0 -5 12 -6 11 -7 12 -7 12 -7 12 -8 12 -9 13 -9 13 -9 13 -10 13 -10 14 -10 14 -10 14 -10 14 -10 15 -10 15 -9 16 -9 16 -9 17 -9 17 -9 18 -9 19 -9 19 -10 20 -10 20 -10 20]
,,,-80,0,0,0,0,0,0,0,0,0,0,-92,0,6,1722359576482,0,0,0,0,1722359576482,124,[-25 -6 -25 -6 -22 -5 -21 -5 -20 -3 -19 -3 -18 -2 -17 -1 -16 0 -17 1 -17 1 -16 2 -17 2 -16 2 -16 2 -16 1 -15 0 -15 -1 -13 -1 -12 -2 -11 -3 -10 -3 -9 -3 -8 -2 -7 -3 0 0 0 0 0 0 0 0 0 0 0 0 0 0 0 0 0 0 0 0 0 0 -16 -1 -16 -2 -16 -3 -17 -3 -17 -3 -18 -4 -19 -4 -19 -5 -19 -5 -19 -5 -20 -5 -20 -5 -21 -5 -21 -5 -22 -5 -22 -4 -23 -3 -22 -3 -24 -3 -25 -2 -25 -2 -26 -2 -26 -2 -28 -3 -28 -4 -28 -4]
,,,-80,0,0,0,0,0,0,0,0,0,0,-92,0,6,1722359576502,0,0,0,0,1722359576502,124,[-23 0 -22 0 -20 0 -19 0 -18 1 -17 1 -16 1 -15 3 -15 3 -15 4 -15 4 -14 4 -15 4 -15 4 -14 4 -15 3 -14 3 -14 2 -12 2 -12 1 -11 1 -10 0 -10 0 -8 1 -8 0 0 0 0 0 0 0 0 0 0 0 0 0 0 0 0 0 0 0 0 0 0 0 -12 2 -12 1 -12 1 -12 1 -12 2 -13 2 -14 2 -14 2 -15 2 -15 2 -16 2 -17 2 -17 2 -18 3 -17 3 -19 3 -19 3 -20 4 -20 4 -21 5 -22 4 -23 5 -24 4 -25 4 -25 3 -25 3]
,,,-80,0,0,0,0,0,0,0,0,0,0,-92,0,6,1722359576525,0,0,0,0,1722359576525,124,[-16 12 -16 12 -15 11 -14 11 -12 11 -11 13 10 -10 11 -10 11 -9 11 -9 12 -9 11 -8 11 -8 12 -8 12 -8 12 -9 11 -9 11 -9 13 10 -8 9 -8 8 -8 6 -8 6 -8 5 -7 4 -7 4 0 0 0 0 0 0 0 0 0 0 0 0 0 0 0 0 0 0 0 0 0 0 -8 9 -8 9 -8 9 -9 9 -9 9 -10 13 10 -10 13 10 -11 11 -11 13 10 -12 11 -13 11 -13 11 -13 12 -13 12 -13 12 -13 13 -14 13 -14 13 -14 14 -14 15 -14 15 -15 15 -16 16 -16]
,,,-80,0,0,0,0,0,0,0,0,0,0,-92,0,6,1722359576543,0,0,0,0,1722359576543,124,[25 -1 24 -1 22 -2 21 -2 20 -3 19 -4 18 -5 17 -6 17 -6 17 -8 16 -8 16 -8 16 -8 16 -9 16 -8 17 -7 17 -7 16 -5 15 -5 14 -3 13 -2 12 -1 11 -1 13 10 -1 8 0 0 0 0 0 0 0 0 0 0 0 0 0 0 0 0 0 0 0 0 0 0 0 16 -5 17 -4 17 -4 18 -3 19 -3 20 -3 21 -2 21 -1 22 -1 22 0 23 0 23 0 24 0 23 0 24 0 24 -1 24 -1 24 -2 26 -2 25 -2 26 -3 27 -3 27 -3 28 -3 29 -3 28]
,,,-80,0,0,0,0,0,0,0,0,0,0,-92,0,6,1722359576563,0,0,0,0,1722359576563,124,[12 16 12 16 12 14 12 13 11 12 11 11 12 13 10 12 9 12 8 13 7 13 7 13 7 13 7 13 8 13 7 12 8 12 9 11 9 9 9 8 9 7 8 6 8 5 8 4 7 3 6 0 0 0 0 0 0 0 0 0 0 0 0 0 0 0 0 0 0 0 0 0 0 9 7 9 8 8 8 9 9 9 9 13 10 13 10 9 11 13 10 11 13 10 12 13 10 13 13 10 13 13 10 13 13 10 13 11 14 11 14 12 13 12 14 12 13 13 14 14 14 14 14 15]
,,,-80,0,0,0,0,0,0,0,0,0,0,-92,0,6,1722359576581,0,0,0,0,1722359576581,124,[-14 -24 -13 -23 -12 -21 -12 -20 -12 -18 -13 -17 -13 -16 -13 -15 -14 -14 -15 -14 -15 -13 -16 -13 -16 -14 -15 -13 -15 -14 -14 -14 -13 -14 -12 -14 -10 -14 -9 -13 -8 -13 -7 -12 -6 -10 -5 -10 -5 -9 0 0 0 0 0 0 0 0 0 0 0 0 0 0 0 0 0 0 0 0 0 0 -11 -12 -11 -12 -10 -13 -11 -14 -10 -14 -11 -15 -11 -16 -11 -17 -11 -18 -11 -18 -12 -19 -12 -19 -12 -20 -12 -20 -12 -20 -13 -21 -14 -21 -13 -21 -14 -22 -15 -22 -15 -22 -16 -23 -17 -23 -17 -24 -16 -24 -16 -25]
,,,-80,0,0,0,0,0,0,0,0,0,0,-92,0,6,1722359576604,0,0,0,0,1722359576604,124,[-20 -11 -19 -11 -18 -10 -17 -9 -17 -8 -16 -7 -15 -6 -15 -5 -16 -4 -16 -3 -16 -3 -16 -3 -16 -3 -16 -3 -16 -3 -16 -4 -15 -4 -14 -5 -13 -5 -12 -6 -11 -6 -10 -5 -9 -5 -8 -5 -7 -4 0 0 0 0 0 0 0 0 0 0 0 0 0 0 0 0 0 0 0 0 0 0 -13 -4 -12 -5 -13 -6 -13 -6 -13 -6 -13 -6 -14 -7 -15 -8 -15 -8 -15 -8 -16 -8 -16 -8 -17 -8 -17 -9 -17 -9 -18 -9 -18 -9 -19 -9 -19 -9 -20 -9 -21 -9 -21 -9 -22 -9 -23 -9 -22 -10 -22 -10]
,,,-80,0,0,0,0,0,0,0,0,0,0,-92,0,6,1722359576622,0,0,0,0,1722359576622,124,[12 -17 12 -17 11 -15 11 -15 13 10 -14 8 -14 7 -14 6 -13 5 -14 5 -14 4 -14 4 -14 3 -14 3 -14 4 -14 4 -13 4 -13 4 -13 5 -12 5 -11 5 -10 4 -9 5 -8 4 -8 4 -7 0 0 0 0 0 0 0 0 0 0 0 0 0 0 0 0 0 0 0 0 0 0 4 -11 5 -12 6 -11 6 -12 6 -12 7 -12 7 -13 8 -13 8 -13 8 -14 9 -15 9 -15 9 -15 9 -15 13 10 -15 13 10 -16 13 10 -17 13 10 -17 13 10 -18 13 10 -18 13 10 -18 11 -19]
,,,-80,0,0,0,0,0,0,0,0,0,0,-92,0,6,1722359576645,0,0,0,0,1722359576645,124,[14 -19 14 -18 13 -17 12 -16 11 -15 13 10 -15 9 -14 8 -14 7 -14 6 -14 6 -14 6 -14 5 -13 6 -13 5 -13 6 -12 6 -12 6 -11 6 -10 6 -9 6 -7 5 -6 5 -5 4 -5 4 -4 0 0 0 0 0 0 0 0 0 0 0 0 0 0 0 0 0 0 0 0 0 0 6 -11 7 -11 7 -10 7 -11 7 -11 7 -12 7 -12 8 -13 8 -13 8 -13 9 -14 9 -15 9 -15 9 -16 9 -16 9 -17 13 10 -18 13 10 -18 13 10 -19 13 10 -19 13 10 -20 13 10 -21 13]
,,,-80,0,0,0,0,0,0,0,0,0,0,-92,0,6,1722359576663,0,0,0,0,1722359576663,124,[13 25 12 26 11 24 13 10 23 13 10 21 13 10 19 13 10 18 13 10 16 13 10 15 13 10 15 13 10 14 13 10 13 13 10 13 13 10 12 13 10 13 8 13 8 12 6 12 5 11 4 11 3 9 2 9 1 7 0 7 0 5 0 0 0 0 0 0 0 0 0 0 0 0 0 0 0 0 0 0 0 0 0 0 13 10 15 9 16 8 16 8 16 8 16 8 17 9 18 8 18 9 18 9 19 9 20 13 10 20 13 10 20 11 20 11 20 12 21 13 21 13 21 15]
,,,-80,0,0,0,0,0,0,0,0,0,0,-92,0,6,1722359576684,0,0,0,0,1722359576684,124,[-18 21 -17 20 -16 19 -15 17 -14 16 -13 15 -11 15 -10 15 -9 15 -7 15 -7 14 -6 14 -6 14 -5 14 -5 14 -6 13 -6 12 -6 11 -6 13 10 -6 9 -6 7 -6 6 -5 5 -4 4 -4 4 0 0 0 0 0 0 0 0 0 0 0 0 0 0 0 0 0 0 0 0 0 0 -9 17 -10 17 -11 16 -12 16 -12 17 -13 17 -14 17 -15 17 -15 18 -16 18 -16 19 -16 18 -17 18 -16 19 -16 19 -17 20 -16 20 -16 21 -16 22 -16 23 -16 23 -16 24 -16 25 -17 25 -17 25 -18]
,,,-80,0,0,0,0,0,0,0,0,0,0,-92,0,6,1722359576704,0,0,0,0,1722359576704,124,[22 1 22 1 20 1 19 1 18 0 17 0 16 -1 15 -2 14 -3 14 -4 13 -4 13 -4 13 -4 12 -4 13 -4 13 -3 13 -3 12 -3 12 -2 11 -1 13 10 0 9 0 8 1 7 1 5 1 0 0 0 0 0 0 0 0 0 0 0 0 0 0 0 0 0 0 0 0 0 0 15 -4 15 -3 15 -3 16 -3 16 -2 18 -2 18 -1 18 -1 19 -1 19 0 21 0 20 0 21 0 21 0 21 0 21 0 22 0 21 -1 23 -1 23 -1 23 -1 24 -1 24 -2 25 -1 25 -1 25]
,,,-80,0,0,0,0,0,0,0,0,0,0,-92,0,6,1722359576723,0,0,0,0,1722359576723,124,[-2 23 -2 22 -2 21 -1 20 -1 18 0 17 1 17 1 15 2 15 3 15 3 14 3 15 4 14 4 14 4 14 3 14 3 14 2 14 2 13 0 13 -1 11 -1 13 10 -2 9 -3 8 -3 7 0 0 0 0 0 0 0 0 0 0 0 0 0 0 0 0 0 0 0 0 0 0 2 16 1 17 0 17 0 18 0 18 -1 19 -1 20 -1 20 -2 20 -3 21 -4 21 -3 21 -3 22 -3 21 -3 22 -3 22 -2 23 -2 22 -2 23 -1 23 -1 24 0 24 -1 25 -1 25 0 26 -1]
,,,-80,0,0,0,0,0,0,0,0,0,0,-92,0,6,1722359576744,0,0,0,0,1722359576744,124,[-28 -9 -26 -9 -24 -8 -23 -8 -21 -6 -20 -5 -19 -4 -18 -2 -18 -2 -18 -1 -17 0 -17 1 -17 1 -17 2 -16 2 -16 1 -16 1 -15 1 -14 0 -13 -1 -12 -1 -12 -2 -11 -2 -9 -2 -8 -2 0 0 0 0 0 0 0 0 0 0 0 0 0 0 0 0 0 0 0 0 0 0 -24 -3 -23 -5 -24 -6 -24 -7 -24 -7 -25 -8 -26 -9 -25 -10 -25 -10 -26 -11 -26 -12 -26 -12 -25 -12 -25 -12 -25 -11 -26 -11 -27 -10 -27 -10 -28 -9 -28 -9 -29 -9 -29 -7 -30 -8 -30 -8 -31 -8 -30 -9]
,,,-80,0,0,0,0,0,0,0,0,0,0,-92,0,6,1722359576764,0,0,0,0,1722359576764,124,[-22 -4 -22 -4 -19 -3 -19 -3 -17 -3 -16 -2 -15 -1 -14 0 -13 1 -13 2 -13 2 -12 3 -12 3 -11 3 -12 4 -11 3 -11 3 -11 3 -10 2 -10 2 -9 1 -8 1 -8 1 -7 1 -7 1 0 0 0 0 0 0 0 0 0 0 0 0 0 0 0 0 0 0 0 0 0 0 -19 3 -19 1 -19 0 -20 -1 -19 -1 -21 -2 -21 -3 -21 -3 -21 -4 -21 -4 -22 -4 -22 -4 -22 -4 -21 -4 -22 -4 -22 -4 -23 -3 -22 -3 -24 -3 -24 -2 -24 -2 -24 -2 -24 -1 -25 -1 -25 -2 -25 -2]
,,,-80,0,0,0,0,0,0,0,0,0,0,-92,0,6,1722359576782,0,0,0,0,1722359576782,124,[0 -22 0 -22 0 -20 -1 -19 -1 -17 -2 -16 -2 -16 -3 -14 -4 -14 -5 -14 -5 -13 -6 -13 -6 -13 -6 -12 -6 -13 -5 -12 -5 -12 -4 -12 -4 -11 -3 -11 -3 -10 -2 -9 -2 -9 -1 -8 -1 -8 0 0 0 0 0 0 0 0 0 0 0 0 0 0 0 0 0 0 0 0 0 0 -7 -18 -5 -19 -4 -18 -3 -19 -2 -19 -2 -20 -1 -20 0 -21 0 -21 0 -21 0 -22 0 -21 0 -21 0 -21 0 -22 0 -22 -1 -22 -1 -21 -1 -23 -2 -23 -2 -23 -2 -24 -3 -24 -3 -24 -2 -24 -2 -25]
,,,-80,0,0,0,0,0,0,0,0,0,0,-92,0,6,1722359576809,0,0,0,0,1722359576809,124,[25 2 24 2 22 1 21 2 20 1 18 0 17 -1 16 -2 15 -2 14 -3 14 -3 13 -4 13 -5 13 -5 12 -5 12 -5 12 -4 11 -4 13 10 -3 13 10 -3 9 -2 9 -1 8 -1 6 -1 5 -1 0 0 0 0 0 0 0 0 0 0 0 0 0 0 0 0 0 0 0 0 0 0 20 -5 21 -3 22 -2 22 -2 22 -1 23 1 23 1 24 2 24 3 25 4 25 4 24 4 25 4 25 3 24 3 25 3 25 2 25 1 26 1 26 1 27 0 27 0 28 0 29 0 28 1]
,,,-80,0,0,0,0,0,0,0,0,0,0,-92,0,6,1722359576823,0,0,0,0,1722359576823,124,[-2 -22 -2 -21 -1 -20 -2 -19 -2 -17 -2 -16 -2 -15 -3 -14 -3 -14 -4 -13 -4 -12 -5 -11 -5 -11 -5 -11 -5 -11 -4 -10 -4 -10 -3 -10 -3 -9 -2 -9 -2 -8 -2 -7 -1 -6 -1 -5 0 -5 0 0 0 0 0 0 0 0 0 0 0 0 0 0 0 0 0 0 0 0 0 0 -6 -16 -4 -17 -4 -18 -3 -18 -3 -18 -2 -19 -2 -20 -1 -20 -1 -20 0 -21 0 -21 0 -21 0 -21 -1 -21 -1 -21 -2 -21 -2 -21 -2 -22 -3 -22 -3 -22 -3 -23 -4 -23 -4 -23 -4 -24 -4 -24 -3 -24]
,,,-80,0,0,0,0,0,0,0,0,0,0,-92,0,6,1722359576844,0,0,0,0,1722359576844,124,[-8 -22 -8 -21 -8 -19 -7 -19 -7 -17 -7 -16 -7 -15 -7 -14 -8 -14 -8 -13 -8 -12 -8 -12 -8 -12 -8 -11 -8 -11 -7 -10 -7 -11 -6 -10 -5 -10 -4 -10 -3 -9 -3 -8 -2 -7 -1 -7 0 -6 0 0 0 0 0 0 0 0 0 0 0 0 0 0 0 0 0 0 0 0 0 0 -9 -15 -7 -16 -7 -16 -7 -17 -6 -17 -6 -18 -6 -18 -5 -19 -5 -19 -5 -19 -5 -20 -5 -20 -5 -20 -6 -20 -6 -20 -7 -20 -7 -20 -8 -20 -8 -21 -9 -21 -10 -21 -10 -21 -10 -21 -10 -22 -11 -22 -11 -22]
,,,-80,0,0,0,0,0,0,0,0,0,0,-92,0,6,1722359576863,0,0,0,0,1722359576863,124,[18 -10 18 -9 16 -9 16 -9 14 -8 13 -9 12 -8 11 -9 11 -9 13 10 -9 9 -9 9 -9 9 -9 8 -9 8 -9 9 -8 9 -8 9 -7 8 -6 8 -6 8 -5 7 -3 7 -2 6 -2 5 -1 0 0 0 0 0 0 0 0 0 0 0 0 0 0 0 0 0 0 0 0 0 0 12 -10 14 -9 14 -8 15 -8 15 -7 16 -7 16 -7 16 -7 17 -7 17 -6 17 -6 17 -6 17 -6 17 -6 16 -7 16 -8 17 -8 16 -9 17 -10 17 -10 16 -11 17 -12 17 -12 18 -12 18 -12 19]
,,,-80,0,0,0,0,0,0,0,0,0,0,-92,0,6,1722359576884,0,0,0,0,1722359576884,124,[-11 -21 -10 -20 -10 -19 -9 -18 -9 -17 -8 -16 -9 -15 -9 -13 -9 -12 -9 -12 -9 -11 -9 -10 -10 -10 -9 -9 -9 -9 -9 -9 -8 -9 -8 -9 -6 -9 -6 -8 -5 -8 -4 -7 -3 -7 -2 -6 -1 -5 0 0 0 0 0 0 0 0 0 0 0 0 0 0 0 0 0 0 0 0 0 0 -12 -18 -10 -19 -9 -20 -8 -20 -8 -20 -7 -21 -6 -21 -6 -21 -5 -21 -5 -21 -4 -21 -5 -21 -5 -20 -6 -20 -6 -19 -7 -20 -8 -20 -8 -19 -9 -20 -10 -19 -11 -19 -11 -20 -13 -20 -13 -21 -13 -21 -13 -22]
,,,-80,0,0,0,0,0,0,0,0,0,0,-92,0,6,1722359576912,0,0,0,0,1722359576912,124,[-20 -3 -20 -3 -18 -2 -17 -2 -16 -2 -15 -1 -14 -1 -13 0 -13 1 -13 1 -12 1 -12 2 -12 2 -11 2 -11 2 -11 2 -11 2 -10 1 -9 1 -9 0 -7 0 -7 0 -7 0 -5 0 -5 0 0 0 0 0 0 0 0 0 0 0 0 0 0 0 0 0 0 0 0 0 0 0 -19 2 -19 0 -19 -1 -19 -2 -19 -2 -20 -3 -20 -3 -20 -4 -20 -4 -20 -5 -20 -5 -19 -5 -19 -5 -19 -5 -19 -4 -19 -4 -19 -3 -20 -3 -20 -3 -21 -2 -21 -1 -21 -1 -21 -1 -22 -1 -22 -1 -22 -1]
,,,-80,0,0,0,0,0,0,0,0,0,0,-92,0,6,1722359576923,0,0,0,0,1722359576923,124,[11 15 12 15 13 10 13 11 13 13 10 12 9 11 13 10 13 10 13 10 9 13 10 8 13 10 7 13 10 6 13 10 6 13 10 6 13 10 6 13 10 6 9 6 9 6 8 6 7 6 6 6 5 5 5 5 4 4 3 4 3 3 0 0 0 0 0 0 0 0 0 0 0 0 0 0 0 0 0 0 0 0 0 0 15 11 14 13 13 13 12 14 12 14 12 16 11 16 11 17 13 10 17 13 10 17 13 10 17 13 10 17 13 10 16 13 10 16 13 10 16 13 10 16]
,,,-80,0,0,0,0,0,0,0,0,0,0,-92,0,6,1722359576945,0,0,0,0,1722359576945,124,[-21 5 -20 5 -18 5 -17 4 -16 5 -15 5 -14 5 -13 6 -12 6 -12 7 -11 7 -11 8 -11 7 -10 8 -10 8 -11 7 -11 7 -11 6 -11 5 -10 4 -10 3 -9 2 -9 2 -8 1 -7 1 0 0 0 0 0 0 0 0 0 0 0 0 0 0 0 0 0 0 0 0 0 0 -18 7 -19 5 -19 4 -19 3 -18 3 -19 3 -19 2 -19 1 -20 1 -19 1 -20 1 -19 1 -19 2 -19 2 -19 2 -19 3 -19 4 -19 4 -20 5 -20 5 -20 6 -20 7 -20 7 -21 7 -21 7 -22 7]
,,,-80,0,0,0,0,0,0,0,0,0,0,-92,0,6,1722359576963,0,0,0,0,1722359576963,124,[-20 3 -21 3 -18 2 -18 2 -16 3 -15 3 -14 3 -13 4 -12 4 -12 5 -12 4 -11 5 -11 5 -10 5 -11 6 -10 5 -10 5 -10 4 -9 4 -9 3 -9 1 -8 1 -7 0 -7 0 -6 0 0 0 0 0 0 0 0 0 0 0 0 0 0 0 0 0 0 0 0 0 0 0 -17 4 -18 3 -17 2 -18 1 -17 1 -18 1 -18 1 -18 0 -18 0 -18 0 -18 -1 -18 0 -18 0 -18 1 -19 1 -18 2 -19 2 -18 3 -20 3 -19 4 -20 5 -20 5 -20 5 -21 5 -22 6 -22 6]
,,,-80,0,0,0,0,0,0,0,0,0,0,-92,0,6,1722359576986,0,0,0,0,1722359576986,124,[18 -12 18 -12 16 -11 16 -10 14 -10 13 -10 13 -10 11 -10 13 10 -10 13 10 -11 9 -10 9 -11 8 -11 8 -11 8 -11 8 -10 9 -10 9 -9 9 -8 8 -7 8 -6 8 -4 8 -4 7 -3 6 -2 0 0 0 0 0 0 0 0 0 0 0 0 0 0 0 0 0 0 0 0 0 0 12 -12 14 -11 14 -10 15 -10 15 -9 16 -9 16 -9 17 -9 17 -9 17 -8 17 -9 17 -9 17 -9 17 -9 17 -10 17 -10 17 -11 17 -11 18 -12 17 -12 17 -13 18 -14 18 -13 18 -14 19 -14]
,,,-80,0,0,0,0,0,0,0,0,0,0,-92,0,6,1722359577002,0,0,0,0,1722359577002,124,[17 13 17 13 16 12 15 11 14 11 14 13 10 14 9 14 8 14 7 14 7 13 6 13 6 13 6 13 6 13 6 12 6 11 7 13 10 7 9 7 8 8 7 8 6 7 5 7 3 6 2 6 0 0 0 0 0 0 0 0 0 0 0 0 0 0 0 0 0 0 0 0 0 0 15 9 14 11 13 11 13 12 13 12 13 13 12 13 12 14 12 14 12 14 13 14 13 13 13 13 14 13 14 13 14 13 14 13 15 12 16 12 16 13 17 12 18 13 18 12 19 12 20 13]
,,,-80,0,0,0,0,0,0,0,0,0,0,-92,0,6,1722359577023,0,0,0,0,1722359577023,124,[16 -23 16 -22 15 -21 15 -21 13 -20 12 -20 11 -19 13 10 -19 13 10 -19 9 -19 9 -18 9 -18 9 -18 9 -17 9 -17 13 10 -15 11 -14 11 -13 13 10 -11 13 10 -9 13 10 -7 9 -5 8 -4 7 -3 6 -1 0 0 0 0 0 0 0 0 0 0 0 0 0 0 0 0 0 0 0 0 0 0 13 -19 14 -18 15 -16 16 -16 16 -15 17 -16 16 -16 17 -15 18 -16 18 -15 18 -16 17 -16 17 -16 17 -17 17 -18 16 -18 16 -19 15 -19 15 -21 15 -21 15 -22 15 -24 15 -23]
,,,-80,0,0,0,0,0,0,0,0,0,0,-92,0,6,1722359577058,0,0,0,0,1722359577058,124,[-23 -1 -23 -1 -20 -1 -20 -1 -18 0 -17 1 -16 1 -16 2 -15 2 -15 3 -14 3 -14 3 -14 3 -13 3 -14 3 -13 2 -13 1 -11 0 -10 -1 -9 -1 -8 -2 -7 -3 -5 -3 -4 -3 -2 -3 0 0 0 0 0 0 0 0 0 0 0 0 0 0 0 0 0 0 0 0 0 0 -21 1 -21 -1 -21 -2 -22 -3 -21 -3 -22 -4 -22 -4 -22 -5 -23 -5 -22 -6 -23 -6 -22 -5 -23 -5 -23 -5 -23 -4 -23 -4 -23 -3 -23 -2 -24 -2 -23 -1 -24 -1 -25 0 -25 0 -26 0 -26 -1 -26 -1]
,,,-80,0,0,0,0,0,0,0,0,0,0,-92,0,6,1722359577069,0,0,0,0,1722359577069,124,[-10 -19 -10 -17 -9 -16 -9 -15 -9 -14 -9 -13 -9 -12 -9 -11 -9 -10 -10 -10 -10 -9 -10 -9 -10 -9 -9 -9 -8 -9 -8 -9 -7 -9 -6 -9 -4 -8 -4 -8 -3 -7 -2 -6 -1 -6 1 -5 1 -3 0 0 0 0 0 0 0 0 0 0 0 0 0 0 0 0 0 0 0 0 0 0 -11 -17 -10 -18 -9 -18 -9 -18 -8 -19 -8 -20 -7 -20 -7 -20 -6 -20 -7 -20 -6 -21 -7 -20 -7 -20 -7 -20 -8 -20 -8 -20 -9 -19 -9 -19 -10 -19 -10 -19 -11 -19 -12 -19 -12 -19 -13 -20 -13 -20 -12 -20]
,,,-80,0,0,0,0,0,0,0,0,0,0,-92,0,6,1722359577095,0,0,0,0,1722359577095,124,[20 -5 19 -4 18 -5 17 -4 16 -4 15 -4 14 -4 13 -5 12 -5 12 -5 11 -5 13 10 -6 13 10 -5 9 -5 9 -5 13 10 -4 9 -4 8 -3 7 -2 7 -1 6 0 5 1 4 1 2 1 1 1 0 0 0 0 0 0 0 0 0 0 0 0 0 0 0 0 0 0 0 0 0 0 19 -4 19 -2 19 -2 18 -1 19 0 19 0 19 1 19 1 18 1 18 2 18 1 17 1 17 0 17 0 17 -1 18 -2 17 -3 17 -4 18 -4 18 -5 18 -6 19 -7 20 -7 21 -7 21]
,,,-80,0,0,0,0,0,0,0,0,0,0,-92,0,6,1722359577103,0,0,0,0,1722359577103,124,[-20 -6 -20 -6 -18 -6 -18 -6 -16 -5 -15 -5 -14 -4 -14 -3 -13 -3 -13 -3 -12 -2 -12 -2 -12 -2 -11 -1 -11 -2 -10 -2 -10 -2 -9 -3 -7 -3 -7 -3 -5 -3 -4 -4 -3 -3 -2 -3 -1 -2 0 0 0 0 0 0 0 0 0 0 0 0 0 0 0 0 0 0 0 0 0 0 -19 -6 -19 -7 -17 -8 -17 -9 -17 -9 -17 -10 -17 -10 -16 -10 -16 -10 -15 -10 -16 -10 -15 -9 -16 -9 -16 -8 -16 -7 -17 -7 -17 -6 -17 -6 -19 -5 -19 -4 -20 -4 -21 -4 -21 -4 -22 -4 -22 -4 -23 -4]
,,,-80,0,0,0,0,0,0,0,0,0,0,-92,0,6,1722359577127,0,0,0,0,1722359577127,124,[-20 -6 -19 -6 -18 -5 -16 -5 -15 -4 -14 -4 -13 -3 -13 -2 -12 -2 -12 -1 -11 -1 -11 -1 -10 0 -10 0 -10 -1 -10 -1 -9 -2 -8 -2 -7 -2 -6 -3 -5 -3 -4 -3 -3 -3 -2 -3 -1 -2 0 0 0 0 0 0 0 0 0 0 0 0 0 0 0 0 0 0 0 0 0 0 -19 -3 -18 -5 -19 -6 -18 -6 -18 -6 -18 -7 -18 -7 -18 -8 -18 -8 -18 -8 -19 -8 -18 -8 -19 -7 -19 -7 -18 -7 -20 -7 -19 -6 -20 -6 -20 -5 -20 -5 -21 -4 -21 -4 -22 -3 -22 -4 -22 -4 -22 -4]
,,,-80,0,0,0,0,0,0,0,0,0,0,-92,0,6,1722359577144,0,0,0,0,1722359577144,124,[-15 11 -15 13 10 -13 13 10 -12 9 -11 8 -10 8 -8 8 -7 8 -7 8 -6 8 -5 7 -5 7 -5 7 -4 8 -4 8 -5 7 -5 6 -5 5 -5 4 -5 3 -4 2 -4 1 -4 0 -2 0 -2 -1 0 0 0 0 0 0 0 0 0 0 0 0 0 0 0 0 0 0 0 0 0 0 -14 14 -16 13 -16 12 -16 12 -16 11 -17 11 -18 11 -18 13 10 -18 13 10 -18 9 -18 13 10 -18 13 10 -18 11 -18 11 -17 11 -17 11 -17 12 -17 12 -17 13 -16 14 -16 13 -16 14 -17 14]
,,,-80,0,0,0,0,0,0,0,0,0,0,-92,0,6,1722359577166,0,0,0,0,1722359577166,124,[13 10 16 9 15 9 14 9 13 8 11 8 13 10 8 9 8 8 8 7 8 6 8 5 8 5 8 5 8 5 8 5 7 5 6 5 5 5 4 5 3 4 2 3 2 2 1 2 0 1 0 0 0 0 0 0 0 0 0 0 0 0 0 0 0 0 0 0 0 0 0 0 0 0 15 15 13 16 12 17 11 17 11 17 13 10 18 13 10 18 9 19 9 18 8 19 9 19 9 18 9 18 9 18 13 10 17 11 17 11 17 11 17 12 17 12 17 12 17 13 17 13 17 13]
,,,-80,0,0,0,0,0,0,0,0,0,0,-92,0,6,1722359577184,0,0,0,0,1722359577184,124,[3 -20 3 -19 2 -18 2 -17 2 -16 1 -15 0 -15 -1 -14 -2 -14 -2 -13 -2 -13 -2 -13 -2 -12 -2 -13 -2 -12 -1 -12 0 -12 0 -11 1 -10 2 -8 2 -7 2 -6 2 -4 2 -4 2 -3 0 0 0 0 0 0 0 0 0 0 0 0 0 0 0 0 0 0 0 0 0 0 1 -20 3 -19 4 -19 4 -18 5 -19 5 -19 6 -19 6 -18 7 -18 6 -18 6 -19 6 -18 6 -19 5 -18 4 -19 4 -20 4 -19 3 -20 3 -20 2 -21 2 -22 2 -22 2 -22 2 -23 2 -23 2 -23]
,,,-80,0,0,0,0,0,0,0,0,0,0,-92,0,6,1722359577203,0,0,0,0,1722359577203,124,[8 20 8 19 8 19 7 17 8 16 9 15 9 14 9 13 13 10 13 13 10 12 13 10 12 13 10 12 13 10 11 13 10 12 13 10 12 8 13 7 13 6 12 5 12 3 11 2 13 10 1 9 0 8 -1 7 -2 6 0 0 0 0 0 0 0 0 0 0 0 0 0 0 0 0 0 0 0 0 0 0 8 16 6 16 5 17 5 17 5 17 4 18 5 19 4 19 4 19 3 20 3 20 4 19 4 20 4 19 5 19 6 19 6 19 7 19 8 20 9 20 9 20 13 10]
,,,-80,0,0,0,0,0,0,0,0,0,0,-92,0,6,1722359577222,0,0,0,0,1722359577222,124,[-21 17 -21 17 -18 16 -17 15 -15 16 -15 15 -13 15 -11 15 -10 16 -10 16 -9 16 -9 16 -9 16 -9 17 -9 16 -10 16 -11 15 -12 13 -11 11 -12 13 10 -12 7 -12 6 -11 5 -10 4 -9 2 0 0 0 0 0 0 0 0 0 0 0 0 0 0 0 0 0 0 0 0 0 0 -15 15 -17 14 -18 14 -19 14 -19 13 -20 13 -21 13 -22 13 -22 12 -22 12 -23 13 -22 13 -22 13 -22 13 -22 14 -22 14 -22 15 -21 16 -21 17 -21 17 -21 18 -21 19 -21 20 -21 20 -22 21 -21]
,,,-80,0,0,0,0,0,0,0,0,0,0,-92,0,6,1722359577242,0,0,0,0,1722359577242,124,[-12 14 -12 14 -10 13 -9 12 -9 11 -7 11 -6 13 10 -5 11 -4 13 10 -4 13 10 -3 13 10 -2 13 10 -3 13 10 -2 11 -2 11 -3 11 -4 13 10 -4 13 10 -4 9 -5 7 -5 6 -5 5 -5 4 -5 3 -5 2 0 0 0 0 0 0 0 0 0 0 0 0 0 0 0 0 0 0 0 0 0 0 -11 15 -13 14 -14 13 -14 13 -14 13 -15 13 -15 13 -15 12 -15 12 -16 12 -16 12 -15 12 -15 12 -15 13 -14 13 -15 14 -14 14 -13 14 -14 15 -13 16 -13 16 -12 16]
,,,-80,0,0,0,0,0,0,0,0,0,0,-92,0,6,1722359577263,0,0,0,0,1722359577263,124,[-12 13 -12 13 -11 11 -10 11 -9 13 10 -7 8 -6 9 -4 8 -4 8 -3 8 -2 8 -2 8 -1 9 -2 8 -1 9 -2 8 -3 9 -4 7 -4 6 -4 5 -5 3 -5 3 -5 1 -4 1 -4 -1 0 0 0 0 0 0 0 0 0 0 0 0 0 0 0 0 0 0 0 0 0 0 -13 17 -15 16 -15 14 -16 14 -15 13 -16 13 -16 13 -16 13 -16 12 -15 12 -15 13 -15 13 -15 13 -14 13 -14 14 -13 14 -13 15 -12 14 -13 16 -13 16 -12 17 -12 17 -12 17 -13 18 -13 17 -13]
,,,-80,0,0,0,0,0,0,0,0,0,0,-92,0,6,1722359577282,0,0,0,0,1722359577282,124,[-23 0 -23 0 -20 0 -19 -1 -18 0 -16 1 -14 1 -13 2 -12 3 -12 3 -11 3 -10 4 -10 5 -10 5 -10 5 -10 4 -11 3 -11 2 -10 0 -10 -1 -8 -3 -8 -4 -6 -6 -4 -6 -3 -7 0 0 0 0 0 0 0 0 0 0 0 0 0 0 0 0 0 0 0 0 0 0 -22 0 -22 -2 -21 -3 -22 -4 -20 -3 -22 -4 -22 -4 -21 -4 -21 -4 -21 -4 -22 -3 -22 -2 -22 -1 -22 -1 -23 0 -23 1 -24 2 -23 2 -25 3 -25 3 -26 3 -26 4 -26 4 -27 4 -27 3 -28 3]
,,,-80,0,0,0,0,0,0,0,0,0,0,-92,0,6,1722359577303,0,0,0,0,1722359577303,124,[-10 17 -10 16 -8 14 -8 14 -7 12 -6 11 -5 13 10 -4 13 10 -3 13 10 -2 13 10 -2 9 -1 9 -1 9 -1 9 -1 9 -2 9 -2 9 -4 8 -4 6 -5 5 -5 3 -6 2 -6 1 -5 -1 -5 -2 0 0 0 0 0 0 0 0 0 0 0 0 0 0 0 0 0 0 0 0 0 0 -7 17 -9 16 -9 16 -10 16 -11 15 -12 16 -12 16 -13 16 -13 15 -13 15 -13 16 -13 16 -12 16 -11 16 -11 16 -11 16 -11 17 -10 18 -10 19 -9 19 -9 19 -8 20 -8 19 -9 21]
,,,-80,0,0,0,0,0,0,0,0,0,0,-92,0,6,1722359577326,0,0,0,0,1722359577326,124,[18 15 17 13 16 12 14 13 10 14 9 13 6 12 5 12 3 12 1 12 0 12 -1 12 -1 12 -1 12 -1 12 -1 12 0 13 10 1 9 2 7 2 5 2 4 1 3 1 1 0 -1 -1 -1 -3 0 0 0 0 0 0 0 0 0 0 0 0 0 0 0 0 0 0 0 0 0 0 25 14 23 15 23 17 22 18 22 19 21 20 21 22 21 22 20 23 19 23 20 23 19 23 19 22 18 22 18 20 19 20 19 19 20 18 20 18 21 18 22 17 22 16 23 16 24 17 23 17]
,,,-80,0,0,0,0,0,0,0,0,0,0,-92,0,6,1722359577346,0,0,0,0,1722359577346,124,[-15 1 -14 1 -12 1 -10 2 -8 3 -8 3 -6 4 -5 5 -5 6 -4 7 -4 7 -4 7 -4 8 -3 8 -3 8 -4 8 -4 7 -4 6 -4 5 -3 4 -2 3 -2 2 -1 2 1 3 1 3 0 0 0 0 0 0 0 0 0 0 0 0 0 0 0 0 0 0 0 0 0 0 -21 6 -22 4 -22 2 -22 2 -22 1 -22 0 -23 0 -23 0 -23 -1 -22 -2 -23 -2 -22 -2 -21 -2 -21 -1 -20 -1 -20 -1 -20 0 -20 1 -20 1 -20 2 -20 3 -20 3 -20 3 -20 3 -20 3 -19 2]
,,,-80,0,0,0,0,0,0,0,0,0,0,-92,0,6,1722359577366,0,0,0,0,1722359577366,124,[-5 -15 -5 -14 -5 -12 -5 -11 -6 -9 -6 -8 -6 -7 -7 -6 -8 -5 -8 -5 -9 -4 -9 -4 -9 -4 -9 -4 -9 -4 -9 -4 -8 -5 -8 -5 -7 -6 -6 -5 -5 -4 -4 -4 -3 -3 -2 -2 -1 -1 0 0 0 0 0 0 0 0 0 0 0 0 0 0 0 0 0 0 0 0 0 0 -9 -20 -7 -21 -6 -21 -5 -21 -4 -21 -4 -21 -3 -21 -2 -22 -2 -21 -2 -21 -2 -21 -2 -20 -3 -20 -2 -19 -3 -19 -4 -19 -5 -18 -5 -18 -6 -18 -6 -18 -7 -18 -8 -18 -8 -18 -8 -18 -7 -19 -7 -18]
,,,-80,0,0,0,0,0,0,0,0,0,0,-92,0,6,1722359577382,0,0,0,0,1722359577382,124,[15 -11 15 -11 13 -10 12 -10 11 -10 9 -10 8 -10 7 -10 6 -11 6 -11 5 -12 4 -12 4 -12 4 -12 5 -12 5 -12 6 -12 6 -11 7 -9 7 -8 7 -6 6 -5 5 -4 4 -3 4 -2 0 0 0 0 0 0 0 0 0 0 0 0 0 0 0 0 0 0 0 0 0 0 16 -15 18 -13 18 -11 19 -11 18 -10 19 -10 20 -9 19 -9 19 -8 19 -8 19 -8 19 -8 18 -9 18 -9 18 -9 17 -10 18 -11 17 -11 18 -12 17 -12 17 -13 17 -14 17 -14 18 -14 17 -14 18 -14]
,,,-80,0,0,0,0,0,0,0,0,0,0,-92,0,6,1722359577402,0,0,0,0,1722359577402,124,[-22 13 10 -21 13 10 -19 13 10 -17 9 -16 13 10 -15 13 10 -13 11 -13 12 -11 13 -11 14 -11 14 -11 14 -11 15 -11 15 -11 15 -13 14 -13 13 -14 11 -14 9 -13 7 -12 5 -11 4 -10 3 -8 3 -7 2 0 0 0 0 0 0 0 0 0 0 0 0 0 0 0 0 0 0 0 0 0 0 -20 14 -21 12 -22 11 -21 13 10 -22 13 10 -23 9 -24 9 -24 8 -24 8 -24 8 -25 9 -24 9 -24 9 -24 9 -24 8 -24 9 -24 13 10 -24 11 -23 13 10 -24 11 -23 12 -23]
,,,-80,0,0,0,0,0,0,0,0,0,0,-92,0,6,1722359577422,0,0,0,0,1722359577422,124,[-14 11 -13 11 -11 9 -10 9 -8 8 -6 8 -5 8 -3 8 -3 8 -1 9 -1 9 0 9 0 13 10 0 13 10 0 13 10 0 13 10 -1 13 10 -2 9 -2 8 -2 7 -2 6 -2 5 -1 4 -1 4 0 4 0 0 0 0 0 0 0 0 0 0 0 0 0 0 0 0 0 0 0 0 0 0 -11 18 -13 16 -14 15 -15 15 -15 15 -16 15 -17 14 -17 14 -17 13 -17 13 -18 13 -17 13 -17 13 -16 13 -16 13 -16 13 -16 13 -15 13 -16 14 -16 14 -15 15 -15 15 -14 15 -15]
,,,-80,0,0,0,0,0,0,0,0,0,0,-92,0,6,1722359577442,0,0,0,0,1722359577442,124,[-14 11 -13 13 10 -12 9 -10 8 -9 8 -8 7 -6 7 -5 7 -4 7 -3 7 -3 7 -2 7 -2 7 -1 7 -1 7 -1 7 -1 7 -2 7 -2 5 -3 5 -2 3 -2 3 -2 2 -1 1 -1 1 0 0 0 0 0 0 0 0 0 0 0 0 0 0 0 0 0 0 0 0 0 0 -14 17 -16 15 -17 14 -17 13 -17 13 -19 13 -19 12 -19 11 -19 11 -19 13 10 -19 13 10 -18 13 10 -18 13 10 -17 13 10 -16 13 10 -16 11 -16 11 -16 12 -16 13 -15 13 -15 13 -14 14 -14]
,,,-80,0,0,0,0,0,0,0,0,0,0,-92,0,6,1722359577464,0,0,0,0,1722359577464,124,[16 -10 15 -10 14 -9 13 -9 11 -8 13 10 -9 8 -9 7 -9 7 -9 6 -10 5 -10 5 -10 5 -11 5 -11 5 -11 5 -10 6 -10 6 -9 6 -8 6 -7 6 -5 5 -4 5 -4 4 -3 3 -2 0 0 0 0 0 0 0 0 0 0 0 0 0 0 0 0 0 0 0 0 0 0 16 -14 17 -12 17 -11 18 -10 18 -9 19 -9 19 -8 19 -8 20 -8 19 -7 20 -8 19 -8 18 -8 18 -8 18 -8 18 -8 18 -9 17 -9 18 -10 17 -11 17 -11 17 -12 16 -12 17 -13 17 -12 17]
,,,-80,0,0,0,0,0,0,0,0,0,0,-92,0,6,1722359577484,0,0,0,0,1722359577484,124,[18 0 16 0 15 -1 14 -1 13 -3 12 -3 11 -5 11 -6 13 10 -7 13 10 -7 13 10 -8 13 10 -8 13 10 -9 11 -10 11 -10 12 -9 12 -8 12 -7 12 -6 11 -5 13 10 -4 13 10 -2 9 -1 7 -1 7 -1 0 0 0 0 0 0 0 0 0 0 0 0 0 0 0 0 0 0 0 0 0 0 20 -1 19 1 20 1 19 3 20 3 19 4 19 5 19 5 19 6 19 6 19 6 19 6 18 6 18 6 18 5 18 4 18 3 18 3 18 2 18 1 19 1 20 0 20]
,,,-80,0,0,0,0,0,0,0,0,0,0,-92,0,6,1722359577503,0,0,0,0,1722359577503,124,[19 -11 18 -11 15 -10 14 -10 12 -10 13 10 -10 8 -10 6 -11 5 -12 4 -12 3 -13 2 -13 2 -14 1 -15 1 -15 2 -15 2 -15 3 -15 3 -14 4 -13 5 -11 5 -10 5 -9 4 -8 4 -7 0 0 0 0 0 0 0 0 0 0 0 0 0 0 0 0 0 0 0 0 0 0 23 -16 26 -13 26 -12 27 -11 27 -9 28 -9 29 -7 29 -6 28 -6 28 -5 28 -5 27 -5 26 -5 26 -5 25 -6 24 -7 24 -8 23 -9 23 -10 23 -10 23 -12 22 -12 22 -13 22 -14 22 -14 23]
,,,-80,0,0,0,0,0,0,0,0,0,0,-92,0,6,1722359577525,0,0,0,0,1722359577525,124,[-3 20 -3 19 -3 17 -3 15 -2 14 -2 13 -1 12 -1 11 0 13 10 1 9 2 8 2 8 3 8 3 7 4 7 4 7 4 8 3 8 3 8 2 8 1 6 0 6 0 5 0 5 -1 4 0 0 0 0 0 0 0 0 0 0 0 0 0 0 0 0 0 0 0 0 0 0 -1 22 -3 22 -5 21 -6 21 -7 21 -7 22 -8 21 -9 21 -9 21 -9 20 -9 20 -9 19 -9 19 -8 19 -8 19 -7 19 -6 19 -5 18 -5 19 -4 19 -3 19 -2 20 -1 20 -1 21 -1 21 -1]
,,,-80,0,0,0,0,0,0,0,0,0,0,-92,0,6,1722359577543,0,0,0,0,1722359577543,124,[-8 19 -8 18 -8 17 -7 15 -6 15 -5 14 -4 13 -3 12 -2 12 -1 12 -1 12 0 11 0 12 1 12 1 12 0 13 0 12 -1 12 -1 11 -2 11 -3 13 10 -3 9 -4 8 -4 7 -4 6 0 0 0 0 0 0 0 0 0 0 0 0 0 0 0 0 0 0 0 0 0 0 -4 17 -5 16 -6 16 -6 16 -7 17 -8 17 -8 17 -9 16 -9 17 -10 17 -10 16 -10 16 -10 16 -9 16 -8 16 -9 17 -8 16 -7 17 -7 17 -6 18 -6 18 -5 19 -5 20 -5 21 -5 21 -6]
,,,-80,0,0,0,0,0,0,0,0,0,0,-92,0,6,1722359577564,0,0,0,0,1722359577564,124,[-5 19 -4 17 -3 17 -3 16 -3 16 -1 14 -1 14 1 13 1 14 2 14 2 13 2 13 2 13 3 14 3 14 2 15 2 14 1 14 0 13 -1 12 -1 11 -3 13 10 -3 9 -3 8 -3 7 0 0 0 0 0 0 0 0 0 0 0 0 0 0 0 0 0 0 0 0 0 0 -2 17 -4 16 -4 16 -5 15 -5 16 -6 16 -7 17 -7 16 -7 17 -8 16 -8 15 -8 15 -7 15 -7 15 -6 15 -6 16 -5 16 -5 17 -4 17 -4 18 -3 18 -2 19 -3 20 -3 20 -4 20 -4]
,,,-80,0,0,0,0,0,0,0,0,0,0,-92,0,6,1722359577608,0,0,0,0,1722359577608,124,[-17 15 -17 14 -15 11 -15 9 -13 8 -12 6 -10 5 -8 4 -6 4 -5 4 -3 3 -3 3 -2 3 -1 3 0 3 0 4 0 4 -1 4 -1 3 -2 2 -2 1 -3 0 -3 -1 -2 -2 -1 -4 0 0 0 0 0 0 0 0 0 0 0 0 0 0 0 0 0 0 0 0 0 0 -17 12 -18 11 -17 13 10 -17 9 -17 9 -17 9 -18 9 -18 8 -17 9 -17 9 -17 13 10 -15 9 -15 11 -15 11 -14 11 -13 13 -12 14 -11 14 -12 16 -12 17 -12 18 -12 19 -12 20 -13 22 -14 21]
,,,-80,0,0,0,0,0,0,0,0,0,0,-92,0,6,1722359577627,0,0,0,0,1722359577627,124,[-23 -2 -22 -2 -19 -2 -18 -2 -16 -2 -15 -1 -13 -1 -12 0 -11 1 -11 2 -10 2 -10 3 -10 3 -9 3 -10 4 -9 3 -9 2 -9 1 -7 1 -7 0 -6 -1 -5 -1 -4 -1 -2 0 -1 0 0 0 0 0 0 0 0 0 0 0 0 0 0 0 0 0 0 0 0 0 0 0 -19 1 -19 -1 -18 -2 -19 -2 -18 -2 -18 -3 -19 -4 -19 -4 -18 -4 -18 -5 -18 -4 -17 -3 -17 -3 -17 -2 -17 -2 -18 -1 -19 1 -18 2 -20 2 -20 3 -21 3 -22 4 -23 4 -24 4 -25 3 -25 2]
,,,-80,0,0,0,0,0,0,0,0,0,0,-92,0,6,1722359577645,0,0,0,0,1722359577645,124,[-13 18 -13 17 -12 16 -12 15 -11 14 -9 14 -8 13 -7 13 -6 13 -6 13 -5 13 -5 13 -5 13 -5 13 -6 13 -6 12 -6 11 -7 13 10 -7 8 -7 7 -6 5 -6 4 -5 3 -4 3 -3 2 0 0 0 0 0 0 0 0 0 0 0 0 0 0 0 0 0 0 0 0 0 0 -9 16 -11 15 -11 15 -11 14 -12 14 -13 14 -14 14 -14 13 -14 13 -15 12 -14 13 -14 12 -13 13 -13 13 -12 13 -12 14 -11 15 -10 15 -11 16 -10 17 -10 18 -10 19 -11 20 -11 21 -11 22 -13]
,,,-80,0,0,0,0,0,0,0,0,0,0,-92,0,6,1722359577661,0,0,0,0,1722359577661,124,[-21 6 -22 6 -19 6 -18 6 -17 6 -16 7 -16 7 -15 8 -14 9 -15 9 -14 9 -14 9 -15 13 10 -15 13 10 -16 13 10 -15 8 -16 8 -15 6 -14 4 -13 4 -12 2 -11 1 -10 1 -9 1 -8 1 0 0 0 0 0 0 0 0 0 0 0 0 0 0 0 0 0 0 0 0 0 0 -18 4 -18 3 -18 2 -19 1 -17 0 -18 0 -18 0 -18 -1 -18 -1 -17 -2 -18 -1 -17 0 -17 0 -17 1 -17 1 -17 3 -17 3 -17 4 -18 5 -18 6 -19 7 -19 8 -20 8 -22 9 -23]
,,,-80,0,0,0,0,0,0,0,0,0,0,-92,0,6,1722359577683,0,0,0,0,1722359577683,124,[-21 -4 -20 -5 -19 -4 -17 -3 -16 -1 -16 -1 -15 0 -14 2 -15 3 -15 4 -16 5 -16 5 -16 5 -17 5 -17 5 -18 3 -18 3 -17 1 -16 0 -15 -1 -14 -2 -12 -2 -11 -3 -10 -2 -10 -2 0 0 0 0 0 0 0 0 0 0 0 0 0 0 0 0 0 0 0 0 0 0 -18 -4 -17 -6 -17 -6 -16 -7 -17 -7 -16 -8 -16 -8 -16 -9 -15 -9 -15 -9 -15 -9 -14 -8 -14 -7 -14 -6 -14 -6 -15 -5 -15 -4 -16 -3 -17 -2 -17 -2 -19 -1 -20 -1 -21 0 -22 -1 -23 -1 -23 -2]
,,,-80,0,0,0,0,0,0,0,0,0,0,-92,0,6,1722359577701,0,0,0,0,1722359577701,124,[22 17 21 17 20 14 19 13 18 13 10 18 8 18 6 18 4 19 3 20 2 21 2 21 2 23 1 23 2 24 2 24 4 24 6 22 7 20 8 18 9 15 9 13 9 11 9 9 8 8 7 0 0 0 0 0 0 0 0 0 0 0 0 0 0 0 0 0 0 0 0 0 0 18 16 16 17 15 17 14 18 14 18 14 19 14 19 13 20 12 20 12 20 12 20 12 18 12 18 12 17 14 16 14 15 16 14 16 13 19 13 21 12 22 12 24 12 25 13 26 14 27 15 27]
,,,-80,0,0,0,0,0,0,0,0,0,0,-92,0,6,1722359577721,0,0,0,0,1722359577721,124,[11 29 11 28 11 24 11 23 12 20 13 18 14 16 15 15 17 13 19 13 19 13 20 13 22 14 22 14 22 16 21 17 20 19 17 20 15 20 12 19 9 18 7 17 6 15 4 14 3 12 0 0 0 0 0 0 0 0 0 0 0 0 0 0 0 0 0 0 0 0 0 0 4 25 2 25 1 24 0 24 1 23 0 24 0 25 -1 25 -1 24 -1 24 0 24 1 22 2 22 3 22 5 22 6 22 8 22 13 10 22 12 23 14 24 16 25 17 26 17 28 18 30 18 31 17]
,,,-80,0,0,0,0,0,0,0,0,0,0,-92,0,6,1722359577771,0,0,0,0,1722359577771,124,[18 18 17 18 16 15 15 13 14 12 14 9 14 7 15 6 15 5 16 4 17 4 16 3 17 4 17 3 17 4 17 5 17 6 15 7 14 6 13 6 11 6 11 6 13 10 5 13 10 4 13 10 4 0 0 0 0 0 0 0 0 0 0 0 0 0 0 0 0 0 0 0 0 0 0 18 9 17 13 10 17 11 16 13 10 16 13 10 16 11 16 11 16 12 16 11 16 12 17 12 17 11 18 11 18 12 19 11 20 11 21 11 22 13 10 23 11 24 12 25 13 26 13 26]
,,,-80,0,0,0,0,0,0,0,0,0,0,-92,0,6,1722359577783,0,0,0,0,1722359577783,124,[-2 19 -2 19 -1 16 0 15 1 13 2 13 3 12 4 11 4 13 10 6 11 6 13 10 6 11 7 12 7 11 7 12 6 11 6 12 5 11 4 13 10 4 13 10 3 9 3 8 3 8 3 8 3 8 0 0 0 0 0 0 0 0 0 0 0 0 0 0 0 0 0 0 0 0 0 0 3 15 2 15 1 14 1 15 1 14 1 15 1 15 1 15 0 15 0 15 0 16 0 16 1 16 2 17 2 18 2 17 3 18 4 18 4 20 5 20 5 21 5 22 4 22 3 23]
,,,-80,0,0,0,0,0,0,0,0,0,0,-92,0,6,1722359577794,0,0,0,0,1722359577794,124,[21 -17 20 -17 17 -15 16 -15 14 -14 12 -14 13 10 -15 9 -16 7 -16 7 -17 6 -18 6 -18 6 -19 6 -19 7 -20 7 -18 8 -18 8 -17 8 -15 8 -14 8 -13 6 -11 6 -11 6 -11 5 -12 0 0 0 0 0 0 0 0 0 0 0 0 0 0 0 0 0 0 0 0 0 0 12 -19 13 -18 13 -17 14 -17 14 -16 15 -17 15 -16 16 -17 17 -16 17 -17 17 -18 17 -18 17 -18 17 -18 17 -19 17 -20 17 -20 16 -21 17 -23 17 -23 18 -25 19 -25 19 -25 21 -25 22 -24 23]
,,,-80,0,0,0,0,0,0,0,0,0,0,-92,0,6,1722359577816,0,0,0,0,1722359577816,124,[-19 13 10 -18 13 10 -17 9 -16 9 -15 13 10 -14 13 10 -13 13 10 -12 11 -11 12 -11 13 -11 12 -11 13 -11 14 -11 14 -11 14 -13 13 -13 12 -14 11 -14 9 -14 8 -13 6 -13 5 -12 4 -11 3 -10 3 0 0 0 0 0 0 0 0 0 0 0 0 0 0 0 0 0 0 0 0 0 0 -17 9 -17 7 -17 6 -18 6 -17 5 -18 5 -19 5 -18 4 -18 4 -18 4 -18 4 -18 4 -18 4 -17 4 -17 5 -17 6 -17 7 -16 7 -17 8 -16 9 -17 13 10 -17 11 -18 11]
,,,-80,0,0,0,0,0,0,0,0,0,0,-92,0,6,1722359577838,0,0,0,0,1722359577838,124,[18 8 18 9 16 7 16 7 15 6 15 5 14 4 14 3 14 2 15 1 15 1 15 1 16 1 16 1 16 1 16 2 16 3 15 4 14 5 13 6 11 6 13 10 6 9 6 7 6 6 6 0 0 0 0 0 0 0 0 0 0 0 0 0 0 0 0 0 0 0 0 0 0 13 9 12 13 10 11 13 10 11 13 10 11 13 10 11 11 11 11 13 10 11 13 10 12 13 10 11 11 11 13 10 11 13 10 13 10 11 9 11 9 11 8 12 8 13 7 14 7 14 7 16]
,,,-80,0,0,0,0,0,0,0,0,0,0,-92,0,6,1722359577849,0,0,0,0,1722359577849,124,[20 0 19 1 18 0 17 0 16 -1 15 -1 15 -2 14 -3 14 -4 14 -5 14 -5 13 -5 13 -6 14 -6 14 -5 15 -4 15 -4 15 -3 14 -2 13 -1 12 0 11 1 13 10 2 8 2 8 3 0 0 0 0 0 0 0 0 0 0 0 0 0 0 0 0 0 0 0 0 0 0 16 0 16 2 16 2 15 3 15 3 15 4 15 4 15 5 15 5 15 5 15 5 14 5 14 5 14 4 14 3 15 2 15 1 15 1 16 0 16 -1 17 -2 18 -2 19 -2 20 -2 20 -2 21]
,,,-80,0,0,0,0,0,0,0,0,0,0,-92,0,6,1722359577862,0,0,0,0,1722359577862,124,[24 14 22 14 21 12 20 12 19 13 10 18 9 18 8 17 6 17 5 17 4 17 3 17 2 18 2 19 2 19 1 19 2 19 3 18 4 17 5 16 6 14 6 13 8 11 7 9 7 7 7 0 0 0 0 0 0 0 0 0 0 0 0 0 0 0 0 0 0 0 0 0 0 22 12 21 14 20 15 19 15 18 16 18 17 17 18 16 19 16 19 15 19 15 18 15 18 15 17 15 15 15 15 16 14 17 13 18 12 20 12 21 11 22 11 24 13 10 24 11 26 12 27 12]
,,,-80,0,0,0,0,0,0,0,0,0,0,-92,0,6,1722359577882,0,0,0,0,1722359577882,124,[21 -6 21 -6 19 -5 18 -5 17 -5 15 -6 14 -6 12 -7 11 -8 11 -8 11 -9 13 10 -9 13 10 -10 13 10 -11 13 10 -11 11 -11 11 -10 11 -10 11 -9 12 -8 11 -6 11 -4 13 10 -3 9 -2 8 -1 0 0 0 0 0 0 0 0 0 0 0 0 0 0 0 0 0 0 0 0 0 0 21 -5 22 -3 21 -1 21 0 21 1 21 1 21 2 20 2 20 2 20 3 19 4 18 3 18 2 18 1 17 0 17 -1 17 -2 17 -4 18 -4 18 -6 19 -7 19 -8 20 -8 21]
,,,-80,0,0,0,0,0,0,0,0,0,0,-92,0,6,1722359577908,0,0,0,0,1722359577908,124,[-4 -18 -4 -18 -3 -16 -3 -16 -3 -14 -4 -13 -4 -12 -5 -11 -6 -10 -7 -10 -7 -9 -8 -9 -9 -9 -9 -8 -9 -9 -9 -9 -9 -10 -8 -11 -6 -11 -5 -11 -4 -10 -3 -9 -2 -8 -1 -7 0 -6 0 0 0 0 0 0 0 0 0 0 0 0 0 0 0 0 0 0 0 0 0 0 4 -20 7 -20 7 -19 8 -19 9 -17 13 10 -17 13 10 -16 13 10 -16 13 10 -15 9 -14 9 -14 8 -13 7 -13 6 -13 5 -13 3 -13 2 -14 1 -13 0 -14 -1 -15 -2 -15 -3 -16 -4 -16 -5 -17]
,,,-80,0,0,0,0,0,0,0,0,0,0,-92,0,6,1722359577923,0,0,0,0,1722359577923,124,[-2 18 -1 18 -1 16 -1 16 0 15 0 14 1 13 3 12 4 11 5 11 5 13 10 6 13 10 6 13 10 7 11 7 13 10 6 12 6 12 5 12 4 12 2 12 0 13 10 -1 9 -3 8 -3 7 -4 5 0 0 0 0 0 0 0 0 0 0 0 0 0 0 0 0 0 0 0 0 0 0 -19 13 -21 11 -21 9 -21 8 -21 6 -21 6 -21 5 -20 5 -19 4 -18 3 -17 3 -15 3 -14 4 -12 5 -11 5 -9 7 -8 8 -7 9 -5 13 10 -4 11 -3 12 -2 14 -1 14]
,,,-80,0,0,0,0,0,0,0,0,0,0,-92,0,6,1722359577947,0,0,0,0,1722359577947,124,[32 -3 30 -2 27 -3 23 -4 20 -5 17 -7 15 -8 12 -10 11 -12 9 -14 8 -14 8 -15 8 -16 8 -15 9 -15 13 10 -13 11 -11 12 -8 12 -4 12 -1 11 3 13 10 7 7 11 4 14 0 16 0 0 0 0 0 0 0 0 0 0 0 0 0 0 0 0 0 0 0 0 0 0 -9 35 -12 32 -13 29 -13 26 -12 23 -11 22 -10 20 -9 18 -7 16 -5 13 -2 11 2 9 5 7 8 6 12 4 15 2 18 1 21 0 24 -1 26 -3 28 -4 31 -5 33 -6 35 -7 37 -7]
,,,-80,0,0,0,0,0,0,0,0,0,0,-92,0,6,1722359577961,0,0,0,0,1722359577961,124,[14 -30 13 -29 11 -26 9 -25 7 -24 5 -23 3 -23 1 -23 0 -23 -1 -24 0 -24 0 -24 0 -24 1 -23 2 -22 4 -20 4 -18 4 -15 3 -12 2 -9 0 -7 -2 -5 -5 -4 -8 -5 -10 -6 0 0 0 0 0 0 0 0 0 0 0 0 0 0 0 0 0 0 0 0 0 0 11 -22 12 -20 11 -18 13 10 -17 9 -17 9 -18 8 -18 7 -18 7 -19 6 -19 5 -22 4 -23 3 -25 3 -27 3 -28 3 -30 3 -32 4 -33 4 -36 5 -37 6 -38 7 -39 8 -39 13 10 -41 12 -40]
,,,-80,0,0,0,0,0,0,0,0,0,0,-92,0,6,1722359577982,0,0,0,0,1722359577982,124,[17 7 17 7 15 5 15 5 14 4 14 3 14 2 14 1 14 1 14 0 14 0 14 0 15 1 14 1 14 1 13 2 12 2 12 2 13 10 2 9 2 8 2 7 1 7 0 6 -1 7 -1 0 0 0 0 0 0 0 0 0 0 0 0 0 0 0 0 0 0 0 0 0 0 13 1 13 2 12 2 13 2 13 3 14 3 14 4 14 4 14 4 14 4 15 5 15 4 16 5 16 4 16 4 16 4 17 4 17 4 19 4 19 5 19 4 20 5 20 5 21 6 21 6 21]
,,,-80,0,0,0,0,0,0,0,0,0,0,-92,0,6,1722359578001,0,0,0,0,1722359578001,124,[-6 24 -6 24 -5 22 -4 22 -3 20 -2 20 -1 19 -1 19 0 19 1 20 1 19 1 19 1 20 1 19 1 20 -1 19 -1 19 -2 17 -2 16 -3 15 -3 13 -3 11 -3 11 -2 11 -2 13 10 0 0 0 0 0 0 0 0 0 0 0 0 0 0 0 0 0 0 0 0 0 0 0 18 -1 18 -2 17 -3 18 -3 18 -4 19 -4 19 -5 20 -5 20 -6 20 -6 20 -6 20 -6 20 -5 20 -5 21 -5 21 -5 22 -4 22 -4 23 -3 23 -3 24 -3 26 -3 26 -3 27 -4 27 -4]
,,,-80,0,0,0,0,0,0,0,0,0,0,-92,0,6,1722359578022,0,0,0,0,1722359578022,124,[17 -15 16 -14 16 -14 15 -14 14 -14 13 -14 12 -14 13 10 -14 13 10 -15 13 10 -15 9 -15 9 -15 9 -15 9 -16 9 -15 13 10 -15 13 10 -14 13 10 -13 13 10 -12 13 10 -11 9 -9 9 -8 9 -8 7 -7 7 -7 0 0 0 0 0 0 0 0 0 0 0 0 0 0 0 0 0 0 0 0 0 0 12 -15 13 -13 14 -13 14 -12 15 -12 16 -12 17 -11 18 -11 18 -11 19 -10 18 -10 18 -10 17 -10 17 -10 16 -10 17 -11 16 -11 16 -13 16 -13 16 -14 16 -15 16 -16]
,,,-80,0,0,0,0,0,0,0,0,0,0,-92,0,6,1722359578042,0,0,0,0,1722359578042,124,[23 -13 22 -13 21 -13 20 -12 19 -12 17 -12 16 -12 15 -13 14 -14 13 -15 12 -14 12 -15 12 -15 12 -16 12 -16 13 -15 14 -14 14 -13 13 -12 13 -11 13 -8 13 -7 12 -6 11 -5 13 10 -4 0 0 0 0 0 0 0 0 0 0 0 0 0 0 0 0 0 0 0 0 0 0 20 -12 22 -10 23 -9 23 -8 23 -7 24 -7 25 -6 25 -5 25 -4 25 -3 25 -3 24 -3 23 -4 22 -4 22 -5 22 -6 21 -7 21 -8 21 -9 21 -10 21 -11 21 -12 22 -13 23 -14 23 -14 24]
,,,-80,0,0,0,0,0,0,0,0,0,0,-92,0,6,1722359578064,0,0,0,0,1722359578064,124,[-22 -8 -21 -8 -19 -7 -19 -7 -18 -6 -17 -5 -16 -4 -15 -3 -16 -2 -16 -1 -16 0 -15 1 -16 1 -16 1 -17 1 -17 0 -16 -1 -17 -3 -15 -4 -14 -5 -12 -6 -11 -7 -9 -7 -7 -8 -5 -8 0 0 0 0 0 0 0 0 0 0 0 0 0 0 0 0 0 0 0 0 0 0 -15 -13 -14 -15 -13 -15 -12 -15 -12 -14 -12 -15 -11 -15 -11 -16 -10 -16 -10 -16 -11 -15 -10 -14 -11 -14 -11 -12 -11 -12 -12 -11 -13 -10 -13 -9 -15 -9 -15 -8 -17 -7 -18 -6 -19 -6 -20 -6 -22 -6 -22 -6]
,,,-80,0,0,0,0,0,0,0,0,0,0,-92,0,6,1722359578083,0,0,0,0,1722359578083,124,[13 10 -33 11 -31 13 10 -28 13 10 -26 8 -24 7 -21 5 -20 3 -18 1 -17 -1 -17 -2 -16 -3 -17 -3 -17 -3 -17 -2 -17 -1 -17 1 -17 3 -15 4 -13 6 -11 7 -7 7 -4 6 0 5 2 3 5 0 0 0 0 0 0 0 0 0 0 0 0 0 0 0 0 0 0 0 0 0 0 12 -21 14 -19 14 -18 13 -18 13 -18 14 -19 15 -19 16 -19 16 -19 15 -18 15 -18 13 -18 12 -19 11 -19 13 10 -20 8 -21 7 -23 6 -23 5 -26 4 -27 3 -29 3 -31 3 -33 3 -35]
,,,-80,0,0,0,0,0,0,0,0,0,0,-92,0,6,1722359578105,0,0,0,0,1722359578105,124,[-16 -18 -16 -17 -14 -14 -13 -13 -12 -11 -13 -9 -13 -7 -13 -5 -13 -4 -14 -3 -15 -3 -16 -2 -16 -2 -15 -2 -16 -2 -15 -3 -14 -3 -13 -4 -10 -4 -10 -2 -8 -1 -9 0 -8 1 -8 3 -10 3 0 0 0 0 0 0 0 0 0 0 0 0 0 0 0 0 0 0 0 0 0 0 -22 -10 -21 -13 -20 -14 -20 -15 -19 -15 -19 -17 -18 -18 -17 -18 -16 -18 -15 -18 -15 -18 -15 -16 -15 -16 -15 -15 -16 -15 -17 -15 -18 -14 -18 -13 -21 -14 -21 -14 -22 -14 -23 -15 -23 -16 -24 -16 -24 -17 -23 -18]
,,,-80,0,0,0,0,0,0,0,0,0,0,-92,0,6,1722359578121,0,0,0,0,1722359578121,124,[-20 7 -19 7 -17 7 -16 7 -15 8 -14 8 -12 8 -12 9 -11 13 10 -11 13 10 -11 11 -11 11 -12 11 -11 11 -12 11 -12 13 10 -11 9 -12 8 -10 7 -10 7 -9 6 -8 6 -8 6 -7 7 -8 7 0 0 0 0 0 0 0 0 0 0 0 0 0 0 0 0 0 0 0 0 0 0 -15 11 -16 9 -16 8 -17 7 -17 7 -18 6 -18 6 -18 5 -18 5 -17 5 -17 5 -17 5 -17 6 -17 6 -17 6 -16 7 -17 8 -17 9 -17 13 10 -18 13 10 -18 11 -19 11 -20 12 -21]
,,,-80,0,0,0,0,0,0,0,0,0,0,-92,0,6,1722359578142,0,0,0,0,1722359578142,124,[13 10 -21 9 -21 8 -19 7 -18 6 -17 4 -17 3 -16 2 -16 1 -16 0 -17 -1 -16 -1 -16 -1 -17 -1 -17 -1 -17 0 -17 1 -17 1 -16 1 -14 1 -14 1 -12 1 -12 1 -11 0 -12 0 -12 0 0 0 0 0 0 0 0 0 0 0 0 0 0 0 0 0 0 0 0 0 0 1 -20 3 -20 4 -20 5 -20 6 -19 7 -20 8 -20 8 -19 9 -19 9 -19 13 10 -20 9 -19 9 -19 8 -19 8 -19 8 -20 8 -21 7 -21 7 -22 7 -23 7 -23 7 -23 7 -24 8 -25 9 -24]
,,,-80,0,0,0,0,0,0,0,0,0,0,-92,0,6,1722359578164,0,0,0,0,1722359578164,124,[-14 -18 -13 -18 -12 -16 -12 -15 -12 -13 -11 -12 -11 -11 -12 -9 -12 -8 -14 -8 -14 -7 -14 -6 -15 -6 -15 -6 -16 -6 -15 -7 -14 -7 -14 -7 -13 -7 -12 -7 -11 -7 -11 -7 -10 -6 -10 -6 -10 -6 0 0 0 0 0 0 0 0 0 0 0 0 0 0 0 0 0 0 0 0 0 0 -17 -14 -16 -15 -15 -16 -15 -17 -14 -18 -14 -19 -13 -19 -12 -20 -11 -20 -11 -21 -10 -21 -10 -20 -10 -20 -10 -19 -10 -18 -11 -18 -12 -18 -13 -18 -13 -17 -14 -17 -15 -18 -15 -18 -16 -18 -17 -18 -17 -19 -16 -19]
,,,-80,0,0,0,0,0,0,0,0,0,0,-92,0,6,1722359578182,0,0,0,0,1722359578182,124,[17 -9 17 -9 15 -8 14 -8 13 -8 12 -9 11 -9 9 -9 8 -10 7 -11 7 -11 6 -12 6 -12 6 -13 6 -14 7 -12 7 -13 7 -12 7 -11 7 -11 7 -10 7 -9 7 -8 6 -8 6 -8 0 0 0 0 0 0 0 0 0 0 0 0 0 0 0 0 0 0 0 0 0 0 16 -12 18 -10 18 -9 19 -8 19 -7 20 -7 20 -5 21 -4 21 -4 20 -3 20 -3 19 -3 18 -3 18 -3 17 -4 17 -5 17 -5 16 -6 16 -7 16 -8 16 -9 16 -9 17 -10 17 -11 18 -11 18 -11]
,,,-80,0,0,0,0,0,0,0,0,0,0,-92,0,6,1722359578202,0,0,0,0,1722359578202,124,[-5 24 -5 24 -5 21 -5 20 -4 19 -3 18 -2 17 -1 15 0 14 2 15 2 14 3 14 3 15 4 14 4 15 3 15 3 16 1 15 1 14 0 13 -1 12 -2 13 10 -2 13 10 -2 9 -2 8 0 0 0 0 0 0 0 0 0 0 0 0 0 0 0 0 0 0 0 0 0 0 -3 23 -6 23 -8 21 -9 21 -10 21 -11 21 -11 21 -13 20 -13 19 -12 18 -12 18 -11 18 -11 17 -10 17 -9 17 -8 17 -7 18 -6 18 -5 19 -4 20 -3 21 -2 21 -2 22 -2 24 -1 25]
,,,-80,0,0,0,0,0,0,0,0,0,0,-92,0,6,1722359578221,0,0,0,0,1722359578221,124,[25 4 24 5 21 4 20 5 17 4 16 3 14 2 13 1 12 0 11 -2 13 10 -2 13 10 -3 13 10 -3 13 10 -4 13 10 -3 13 10 -3 9 -2 9 -1 7 0 6 0 5 1 3 2 2 1 0 0 -1 0 0 0 0 0 0 0 0 0 0 0 0 0 0 0 0 0 0 0 0 0 0 0 23 1 22 4 21 5 21 6 21 6 21 7 21 8 20 8 20 8 20 8 20 7 20 6 20 6 20 5 21 5 20 4 21 3 21 3 22 2 22 1 23 0 24 -1 25 -1]
,,,-80,0,0,0,0,0,0,0,0,0,0,-92,0,6,1722359578244,0,0,0,0,1722359578244,124,[-21 17 -20 16 -17 14 -16 12 -13 12 -11 13 10 -8 11 -6 13 10 -5 11 -3 11 -2 12 -1 12 -1 13 -1 12 0 13 -1 13 -1 13 -2 11 -2 13 10 -2 9 -1 7 0 6 1 5 1 5 3 5 0 0 0 0 0 0 0 0 0 0 0 0 0 0 0 0 0 0 0 0 0 0 -17 24 -20 22 -20 20 -21 20 -21 19 -23 19 -24 18 -25 18 -24 17 -24 16 -25 16 -25 16 -24 16 -23 16 -23 16 -22 16 -22 17 -20 17 -21 19 -19 20 -19 21 -19 21 -19 22 -20 23 -21]
,,,-80,0,0,0,0,0,0,0,0,0,0,-92,0,6,1722359578271,0,0,0,0,1722359578271,124,[-17 5 -16 5 -14 5 -14 5 -12 5 -11 6 -10 6 -9 7 -8 8 -8 9 -7 9 -8 13 10 -8 11 -7 11 -8 11 -8 13 10 -8 13 10 -9 9 -8 8 -8 7 -8 6 -7 5 -6 5 -5 5 -5 5 0 0 0 0 0 0 0 0 0 0 0 0 0 0 0 0 0 0 0 0 0 0 -18 9 -19 7 -19 6 -20 5 -19 4 -20 3 -21 3 -21 2 -20 1 -20 0 -20 0 -18 0 -18 0 -18 1 -17 1 -17 2 -17 3 -16 3 -17 4 -16 5 -16 6 -17 7 -17 7 -18 8 -19]
,,,-80,0,0,0,0,0,0,0,0,0,0,-92,0,6,1722359578284,0,0,0,0,1722359578284,124,[17 -6 16 -5 15 -6 13 -6 12 -6 11 -7 11 -8 9 -8 9 -10 9 -10 9 -10 9 -11 9 -11 9 -12 9 -12 13 10 -11 13 10 -10 13 10 -10 13 10 -9 9 -8 8 -6 8 -6 7 -5 6 -5 6 -5 0 0 0 0 0 0 0 0 0 0 0 0 0 0 0 0 0 0 0 0 0 0 18 -8 18 -6 19 -5 19 -4 19 -3 19 -3 20 -2 20 -1 19 0 19 1 19 1 18 0 18 0 17 -1 16 -1 16 -2 16 -3 16 -4 16 -5 16 -5 16 -6 17 -7 18 -8 18 -8]
,,,-80,0,0,0,0,0,0,0,0,0,0,-92,0,6,1722359578302,0,0,0,0,1722359578302,124,[29 2 28 1 26 0 25 0 23 -2 21 -3 21 -4 20 -6 20 -8 19 -9 19 -10 20 -11 20 -10 20 -10 20 -10 21 -9 21 -8 20 -6 19 -5 17 -5 16 -2 14 -3 14 -3 12 -4 12 -4 0 0 0 0 0 0 0 0 0 0 0 0 0 0 0 0 0 0 0 0 0 0 29 -6 30 -3 29 -1 30 0 29 1 30 2 30 5 30 6 29 7 29 6 29 6 28 4 28 5 27 4 27 4 27 3 27 2 27 1 28 0 29 0 30 -1 31 -2 32 -3 33 -3 33 -3 34 -2]
,,,-80,0,0,0,0,0,0,0,0,0,0,-92,0,6,1722359578322,0,0,0,0,1722359578322,124,[5 -19 5 -19 4 -17 4 -17 3 -16 2 -15 1 -15 0 -14 -1 -14 -2 -15 -2 -14 -3 -14 -3 -15 -3 -14 -2 -15 -2 -14 -1 -15 -1 -14 0 -13 0 -12 0 -11 0 -10 0 -9 0 -9 0 -9 0 0 0 0 0 0 0 0 0 0 0 0 0 0 0 0 0 0 0 0 0 0 0 -20 2 -20 3 -19 4 -19 4 -19 5 -19 7 -19 7 -19 8 -18 8 -18 8 -18 8 -18 8 -17 7 -17 7 -17 6 -17 6 -18 5 -18 5 -19 4 -19 4 -19 4 -20 3 -20 4 -21 4 -21 4 -22]
,,,-80,0,0,0,0,0,0,0,0,0,0,-92,0,6,1722359578345,0,0,0,0,1722359578345,124,[-16 14 -15 13 -14 12 -13 12 -12 11 -11 11 -10 11 -9 11 -8 11 -7 12 -7 12 -6 12 -6 12 -6 13 -6 13 -7 12 -7 12 -8 11 -8 13 10 -8 13 10 -8 8 -7 7 -7 7 -6 7 -6 7 0 0 0 0 0 0 0 0 0 0 0 0 0 0 0 0 0 0 0 0 0 0 -10 15 -12 14 -13 13 -13 12 -14 12 -14 12 -15 12 -16 11 -16 11 -16 11 -17 11 -16 13 10 -16 13 10 -15 13 10 -14 13 10 -15 13 10 -14 11 -14 12 -14 13 -14 13 -13 14 -14 15 -14]
,,,-80,0,0,0,0,0,0,0,0,0,0,-92,0,6,1722359578364,0,0,0,0,1722359578364,124,[2 24 2 24 2 22 1 21 2 20 2 19 3 17 4 17 5 16 7 15 7 15 8 15 8 16 8 16 8 16 8 16 7 16 6 16 4 15 3 15 2 14 1 13 1 12 1 11 0 11 0 0 0 0 0 0 0 0 0 0 0 0 0 0 0 0 0 0 0 0 0 0 5 20 3 21 2 21 1 20 1 21 0 22 -1 23 -2 23 -2 23 -3 22 -3 23 -3 22 -3 22 -3 22 -2 21 -1 21 -1 21 1 21 1 22 2 22 3 23 4 24 4 25 5 25 4 26 4 26]
,,,-80,0,0,0,0,0,0,0,0,0,0,-92,0,6,1722359578382,0,0,0,0,1722359578382,124,[-4 -27 -3 -26 -4 -25 -3 -24 -4 -22 -4 -20 -5 -19 -6 -18 -7 -17 -9 -17 -9 -16 -10 -16 -10 -17 -10 -17 -10 -17 -10 -18 -9 -18 -8 -19 -6 -18 -5 -18 -3 -16 -2 -15 -1 -14 1 -13 1 -12 0 0 0 0 0 0 0 0 0 0 0 0 0 0 0 0 0 0 0 0 0 0 -5 -23 -3 -23 -2 -23 -1 -23 -1 -23 0 -24 1 -24 2 -25 3 -24 3 -25 3 -25 2 -24 2 -24 1 -23 1 -23 0 -23 -1 -23 -2 -24 -3 -24 -4 -24 -4 -25 -5 -26 -6 -26 -6 -27 -7 -28 -6 -28]
,,,-80,0,0,0,0,0,0,0,0,0,0,-92,0,6,1722359578403,0,0,0,0,1722359578403,124,[-20 8 -19 7 -18 7 -16 6 -15 6 -14 5 -12 6 -11 7 -10 7 -10 8 -9 8 -9 9 -9 9 -9 9 -9 9 -10 9 -10 8 -11 8 -11 6 -11 5 -11 3 -10 2 -10 0 -8 -1 -7 -2 0 0 0 0 0 0 0 0 0 0 0 0 0 0 0 0 0 0 0 0 0 0 -16 5 -16 3 -16 3 -16 3 -16 3 -17 2 -17 2 -17 2 -17 1 -17 1 -18 2 -17 2 -17 3 -17 3 -16 3 -17 4 -17 5 -17 6 -17 6 -17 8 -17 8 -18 9 -18 13 10 -19 11 -19 11 -20]
,,,-80,0,0,0,0,0,0,0,0,0,0,-92,0,6,1722359578427,0,0,0,0,1722359578427,124,[18 -5 17 -4 15 -4 12 -4 11 -4 9 -4 7 -5 6 -6 5 -8 4 -8 4 -9 3 -9 3 -10 3 -10 4 -10 4 -9 5 -8 5 -8 5 -6 4 -5 3 -3 2 -2 1 -1 -1 -1 -2 -2 0 0 0 0 0 0 0 0 0 0 0 0 0 0 0 0 0 0 0 0 0 0 17 -10 18 -8 18 -8 18 -7 18 -7 19 -7 20 -6 21 -6 21 -5 21 -4 21 -5 21 -5 21 -5 20 -6 21 -6 21 -6 21 -7 20 -8 20 -8 20 -8 21 -10 21 -9 21 -10 22 -10 21 -9 22 -9]
,,,-80,0,0,0,0,0,0,0,0,0,0,-92,0,6,1722359578446,0,0,0,0,1722359578446,124,[-5 -16 -5 -15 -5 -13 -6 -12 -7 -11 -8 -10 -9 -9 -10 -9 -10 -9 -12 -8 -12 -8 -13 -8 -13 -8 -13 -8 -13 -9 -12 -9 -11 -10 -10 -9 -9 -9 -8 -9 -7 -7 -7 -6 -7 -6 -6 -5 -6 -4 0 0 0 0 0 0 0 0 0 0 0 0 0 0 0 0 0 0 0 0 0 0 -10 -19 -7 -19 -7 -19 -6 -19 -5 -20 -4 -21 -4 -21 -3 -21 -2 -21 -2 -20 -2 -21 -2 -20 -2 -20 -2 -19 -2 -19 -3 -20 -3 -19 -4 -19 -5 -19 -5 -19 -6 -19 -6 -19 -6 -20 -6 -19 -6 -19 -6 -19]
,,,-80,0,0,0,0,0,0,0,0,0,0,-92,0,6,1722359578464,0,0,0,0,1722359578464,124,[16 1 16 0 14 -1 14 -2 13 -3 13 -3 12 -4 12 -6 12 -6 12 -7 12 -7 13 -8 14 -8 13 -8 15 -8 15 -7 15 -6 14 -5 14 -4 13 -3 12 -2 11 -2 13 10 -2 9 -2 9 -1 0 0 0 0 0 0 0 0 0 0 0 0 0 0 0 0 0 0 0 0 0 0 17 -1 17 1 16 1 17 2 16 3 17 4 16 5 16 5 16 6 16 6 16 5 15 5 15 5 15 5 15 4 15 3 16 3 15 2 16 2 16 2 17 1 17 0 17 0 18 0 19 0 19]
,,,-80,0,0,0,0,0,0,0,0,0,0,-92,0,6,1722359578482,0,0,0,0,1722359578482,124,[-21 -8 -21 -7 -19 -6 -19 -5 -18 -4 -18 -3 -18 -2 -18 0 -17 1 -18 2 -18 2 -19 3 -19 3 -20 3 -20 2 -20 2 -20 1 -19 -1 -18 -2 -17 -3 -16 -4 -15 -4 -14 -4 -13 -4 -12 -4 0 0 0 0 0 0 0 0 0 0 0 0 0 0 0 0 0 0 0 0 0 0 -20 -6 -20 -8 -19 -9 -19 -9 -18 -10 -18 -11 -18 -12 -17 -12 -17 -12 -17 -13 -17 -12 -17 -12 -17 -11 -16 -11 -16 -10 -17 -9 -18 -9 -18 -8 -19 -8 -20 -8 -21 -7 -22 -7 -22 -6 -23 -7 -24 -6 -24 -7]
,,,-80,0,0,0,0,0,0,0,0,0,0,-92,0,6,1722359578502,0,0,0,0,1722359578502,124,[-8 21 -8 22 -6 19 -6 19 -5 18 -4 17 -2 17 -1 17 0 16 1 17 1 16 2 17 2 18 2 17 2 19 1 18 0 19 -1 18 -2 17 -3 16 -4 14 -4 13 -5 13 -5 11 -5 11 0 0 0 0 0 0 0 0 0 0 0 0 0 0 0 0 0 0 0 0 0 0 -5 19 -7 19 -8 18 -9 18 -9 17 -11 18 -11 18 -12 18 -12 17 -12 17 -12 17 -11 16 -11 17 -11 17 -10 17 -10 17 -9 18 -8 18 -8 19 -7 20 -6 21 -6 22 -6 22 -7 24 -7 24 -7 24]
,,,-80,0,0,0,0,0,0,0,0,0,0,-92,0,6,1722359578522,0,0,0,0,1722359578522,124,[13 17 13 17 12 15 12 14 12 13 11 11 12 13 10 12 9 13 8 13 7 14 6 14 6 14 6 15 6 15 6 16 7 15 8 14 8 13 9 11 9 13 10 9 9 9 7 9 6 8 5 8 0 0 0 0 0 0 0 0 0 0 0 0 0 0 0 0 0 0 0 0 0 0 13 15 12 16 11 16 13 10 17 13 10 17 13 10 18 9 20 8 19 8 20 7 20 7 20 7 19 7 19 7 18 8 18 9 17 13 10 17 11 17 12 17 13 17 13 17 14 17 15 18]
,,,-80,0,0,0,0,0,0,0,0,0,0,-92,0,6,1722359578543,0,0,0,0,1722359578543,124,[-20 1 -20 1 -18 1 -17 1 -16 2 -15 2 -14 3 -13 4 -12 5 -12 6 -12 6 -12 7 -12 8 -12 8 -13 8 -13 7 -14 6 -14 5 -13 4 -13 3 -13 2 -12 1 -11 0 -10 -1 -9 -1 0 0 0 0 0 0 0 0 0 0 0 0 0 0 0 0 0 0 0 0 0 0 -17 2 -17 0 -17 -1 -18 -1 -18 -2 -19 -3 -19 -3 -19 -4 -19 -4 -19 -5 -19 -4 -19 -4 -18 -4 -18 -3 -18 -3 -18 -2 -19 -2 -18 -1 -20 0 -19 0 -20 1 -20 1 -20 2 -21 2 -21 2 -22 2]
,,,-80,0,0,0,0,0,0,0,0,0,0,-92,0,6,1722359578566,0,0,0,0,1722359578566,124,[-19 2 -18 2 -17 2 -16 2 -15 3 -14 3 -13 4 -12 5 -11 6 -11 6 -11 7 -11 7 -11 7 -10 8 -11 7 -12 7 -11 6 -12 5 -11 4 -11 3 -10 1 -10 0 -9 0 -7 -1 -6 -2 0 0 0 0 0 0 0 0 0 0 0 0 0 0 0 0 0 0 0 0 0 0 -16 3 -16 1 -16 1 -16 1 -16 0 -17 -1 -18 -1 -18 -1 -18 -2 -18 -2 -18 -2 -18 -2 -18 -2 -18 -1 -17 -1 -18 -1 -18 0 -18 1 -18 1 -19 2 -19 3 -19 3 -19 4 -20 4 -20 4 -20 4]
,,,-80,0,0,0,0,0,0,0,0,0,0,-92,0,6,1722359578584,0,0,0,0,1722359578584,124,[1 -21 2 -21 1 -19 1 -18 1 -17 -1 -16 -1 -15 -2 -14 -3 -14 -5 -14 -4 -13 -5 -13 -5 -14 -5 -13 -5 -14 -4 -14 -3 -14 -2 -13 -1 -12 0 -11 1 -10 1 -8 1 -7 1 -7 2 -5 0 0 0 0 0 0 0 0 0 0 0 0 0 0 0 0 0 0 0 0 0 0 -3 -18 -1 -18 0 -18 0 -18 1 -18 1 -19 2 -20 3 -20 4 -20 5 -20 4 -21 4 -20 4 -21 4 -20 4 -20 3 -20 3 -20 2 -21 2 -21 2 -21 1 -21 1 -22 0 -23 0 -23 0 -24 1 -24]
,,,-80,0,0,0,0,0,0,0,0,0,0,-92,0,6,1722359578603,0,0,0,0,1722359578603,124,[-21 -2 -20 -2 -19 -2 -18 -2 -17 -1 -16 0 -15 1 -14 2 -14 2 -13 3 -13 4 -13 4 -13 5 -13 5 -13 5 -13 4 -13 3 -13 3 -12 1 -11 1 -10 0 -9 0 -8 -1 -7 -1 -6 -1 0 0 0 0 0 0 0 0 0 0 0 0 0 0 0 0 0 0 0 0 0 0 -19 2 -19 1 -19 0 -19 -1 -20 -1 -20 -2 -21 -3 -21 -4 -21 -4 -21 -5 -21 -6 -21 -5 -21 -6 -21 -6 -20 -5 -21 -5 -20 -4 -21 -3 -21 -3 -21 -2 -22 -2 -23 -1 -23 -1 -23 -1 -24 -1 -24 -1]
,,,-80,0,0,0,0,0,0,0,0,0,0,-92,0,6,1722359578624,0,0,0,0,1722359578624,124,[-21 -5 -20 -6 -19 -5 -18 -4 -17 -3 -16 -2 -15 -1 -15 0 -15 1 -15 2 -14 2 -15 3 -15 3 -15 3 -15 3 -16 2 -15 2 -15 1 -14 0 -13 -1 -12 -2 -11 -2 -10 -3 -9 -3 -8 -3 0 0 0 0 0 0 0 0 0 0 0 0 0 0 0 0 0 0 0 0 0 0 -19 -1 -19 -3 -19 -3 -19 -4 -19 -4 -20 -6 -20 -7 -20 -8 -20 -8 -20 -9 -20 -9 -20 -9 -19 -9 -19 -9 -19 -8 -19 -8 -20 -7 -19 -6 -20 -6 -20 -5 -21 -4 -22 -4 -23 -4 -23 -4 -24 -4 -23 -5]
,,,-80,0,0,0,0,0,0,0,0,0,0,-92,0,6,1722359578642,0,0,0,0,1722359578642,124,[11 14 11 14 13 10 11 13 10 11 13 10 13 10 13 10 9 13 10 7 13 10 7 13 10 5 11 5 11 4 12 4 12 4 12 4 13 5 12 5 12 6 11 7 13 10 7 9 7 7 7 6 7 5 7 3 6 3 6 0 0 0 0 0 0 0 0 0 0 0 0 0 0 0 0 0 0 0 0 0 0 12 13 10 11 12 13 10 12 13 10 13 9 13 13 10 15 9 15 9 16 8 16 8 16 8 16 7 16 7 16 7 15 8 15 8 14 9 14 9 13 13 10 14]
,,,-80,0,0,0,0,0,0,0,0,0,0,-92,0,6,1722359578662,0,0,0,0,1722359578662,124,[19 6 19 6 18 5 17 4 16 3 15 2 15 1 14 0 14 -2 14 -3 14 -3 14 -4 14 -4 14 -5 15 -4 16 -3 16 -3 15 -1 14 0 13 1 12 2 11 3 13 10 3 8 3 7 3 0 0 0 0 0 0 0 0 0 0 0 0 0 0 0 0 0 0 0 0 0 0 20 5 19 7 19 8 19 9 19 9 19 11 19 12 19 12 18 13 18 13 18 13 17 12 17 12 17 11 17 11 17 13 10 18 9 18 8 18 8 19 8 20 7 21 7 21 6 22 5 22 5]
,,,-80,0,0,0,0,0,0,0,0,0,0,-92,0,6,1722359578682,0,0,0,0,1722359578682,124,[16 -12 15 -12 14 -11 13 -11 11 -11 13 10 -11 9 -11 8 -11 6 -12 6 -12 5 -13 5 -13 5 -14 5 -14 5 -14 6 -13 7 -13 7 -12 7 -11 8 -10 8 -8 7 -7 7 -6 6 -5 6 -4 0 0 0 0 0 0 0 0 0 0 0 0 0 0 0 0 0 0 0 0 0 0 15 -12 16 -11 16 -10 17 -10 17 -9 18 -9 19 -8 20 -8 20 -7 20 -7 20 -7 19 -7 19 -7 18 -7 18 -7 17 -8 17 -8 16 -9 17 -11 16 -11 16 -12 17 -13 17 -13 17 -14 17 -14 18]
,,,-80,0,0,0,0,0,0,0,0,0,0,-92,0,6,1722359578703,0,0,0,0,1722359578703,124,[-19 -13 -18 -13 -17 -11 -17 -11 -16 -10 -15 -8 -15 -7 -15 -6 -15 -5 -15 -4 -15 -3 -16 -3 -16 -3 -16 -2 -17 -2 -16 -3 -16 -3 -16 -4 -14 -5 -14 -6 -12 -6 -11 -7 -10 -7 -8 -7 -7 -7 0 0 0 0 0 0 0 0 0 0 0 0 0 0 0 0 0 0 0 0 0 0 -19 -11 -18 -13 -18 -13 -18 -14 -18 -14 -18 -16 -17 -17 -17 -18 -17 -18 -15 -19 -16 -19 -15 -19 -15 -18 -15 -18 -15 -17 -16 -16 -16 -15 -17 -15 -18 -14 -18 -14 -19 -14 -20 -13 -21 -14 -21 -14 -21 -14 -21 -14]
,,,-80,0,0,0,0,0,0,0,0,0,0,-92,0,6,1722359578742,0,0,0,0,1722359578742,124,[-17 15 -17 14 -15 13 -14 12 -12 13 -11 12 -10 12 -9 12 -8 12 -7 13 -7 13 -6 13 -6 14 -5 14 -6 14 -6 14 -7 14 -8 13 -8 11 -9 13 10 -10 8 -10 6 -10 5 -9 4 -9 2 0 0 0 0 0 0 0 0 0 0 0 0 0 0 0 0 0 0 0 0 0 0 -17 13 -18 12 -18 11 -18 13 10 -19 13 10 -20 13 10 -21 13 10 -21 9 -21 9 -21 7 -22 8 -21 7 -20 7 -20 8 -18 8 -18 13 10 -17 13 10 -17 11 -17 12 -17 14 -17 15 -16 16 -17]
,,,-80,0,0,0,0,0,0,0,0,0,0,-92,0,6,1722359578754,0,0,0,0,1722359578754,124,[-23 -1 -23 0 -20 0 -20 0 -18 1 -17 1 -16 2 -15 4 -15 4 -14 5 -14 6 -13 6 -14 7 -13 7 -14 7 -14 6 -15 6 -15 4 -14 3 -14 1 -14 0 -12 -1 -11 -3 -10 -3 -8 -4 0 0 0 0 0 0 0 0 0 0 0 0 0 0 0 0 0 0 0 0 0 0 -21 -1 -22 -3 -21 -4 -21 -5 -21 -5 -22 -6 -22 -6 -22 -8 -22 -8 -22 -9 -22 -9 -21 -8 -20 -8 -20 -7 -20 -6 -20 -5 -21 -4 -20 -3 -22 -2 -22 -1 -23 0 -23 0 -24 1 -24 1 -25 1 -25 1]
,,,-80,0,0,0,0,0,0,0,0,0,0,-92,0,6,1722359578766,0,0,0,0,1722359578766,124,[-17 -11 -18 -11 -16 -10 -15 -10 -15 -9 -14 -7 -14 -6 -13 -5 -13 -4 -13 -3 -13 -3 -14 -2 -14 -2 -13 -1 -14 -2 -14 -2 -14 -3 -13 -4 -12 -5 -11 -6 -10 -6 -9 -7 -7 -7 -5 -7 -4 -6 0 0 0 0 0 0 0 0 0 0 0 0 0 0 0 0 0 0 0 0 0 0 -16 -10 -15 -12 -14 -12 -15 -13 -14 -13 -15 -14 -15 -15 -14 -16 -14 -16 -13 -16 -13 -16 -13 -15 -13 -15 -13 -15 -13 -14 -14 -13 -15 -12 -15 -12 -17 -12 -17 -11 -18 -11 -19 -11 -19 -11 -20 -11 -20 -11 -20 -11]
,,,-80,0,0,0,0,0,0,0,0,0,0,-92,0,6,1722359578782,0,0,0,0,1722359578782,124,[-19 6 -19 5 -17 5 -16 4 -15 5 -14 5 -12 6 -11 6 -10 6 -10 7 -9 7 -9 7 -9 8 -9 8 -9 8 -10 8 -10 8 -10 6 -10 5 -10 4 -9 2 -8 1 -8 0 -6 0 -5 -1 0 0 0 0 0 0 0 0 0 0 0 0 0 0 0 0 0 0 0 0 0 0 -16 6 -17 5 -17 4 -18 4 -18 3 -19 3 -20 3 -20 2 -20 1 -20 0 -20 0 -19 0 -19 0 -18 1 -18 1 -18 2 -18 3 -18 4 -19 5 -18 6 -19 7 -19 7 -19 7 -20 7 -20 7 -20 7]
,,,-80,0,0,0,0,0,0,0,0,0,0,-92,0,6,1722359578803,0,0,0,0,1722359578803,124,[1 20 1 19 2 17 1 16 2 15 3 14 3 13 4 12 5 12 6 11 6 11 6 13 10 7 11 8 11 7 11 7 11 6 12 5 11 4 11 3 13 10 2 9 1 8 1 7 0 7 0 6 0 0 0 0 0 0 0 0 0 0 0 0 0 0 0 0 0 0 0 0 0 0 3 17 2 18 1 18 0 18 0 18 -1 19 -2 20 -3 20 -3 20 -5 19 -5 19 -4 19 -4 18 -4 18 -2 18 -2 18 -1 19 0 18 0 19 1 19 1 19 3 20 2 20 3 21 2 21]
,,,-80,0,0,0,0,0,0,0,0,0,0,-92,0,6,1722359578823,0,0,0,0,1722359578823,124,[8 18 8 18 8 15 8 14 8 13 8 12 9 11 9 13 10 13 10 9 13 10 8 11 8 11 7 12 8 12 8 12 8 12 9 11 9 13 10 9 9 9 8 13 10 7 9 6 9 5 9 3 8 3 7 0 0 0 0 0 0 0 0 0 0 0 0 0 0 0 0 0 0 0 0 0 0 13 10 15 9 16 8 16 8 17 7 18 6 19 5 19 5 20 4 20 4 19 4 19 3 19 4 19 4 18 5 18 5 17 6 18 7 17 7 17 8 17 9 17 13 10 18 13]
,,,-80,0,0,0,0,0,0,0,0,0,0,-92,0,6,1722359578843,0,0,0,0,1722359578843,124,[5 19 5 17 6 17 5 15 6 15 6 13 7 12 7 12 8 11 9 13 10 9 9 9 9 13 10 9 13 10 13 10 13 10 13 10 13 10 11 13 10 11 9 11 7 11 7 11 5 13 10 4 13 10 3 9 2 8 1 8 0 0 0 0 0 0 0 0 0 0 0 0 0 0 0 0 0 0 0 0 0 0 7 17 5 17 4 18 3 17 3 19 2 19 2 20 1 20 0 21 0 20 0 21 0 20 0 19 0 19 1 19 1 19 2 18 3 19 3 19 4 19 5 19]
,,,-80,0,0,0,0,0,0,0,0,0,0,-92,0,6,1722359578863,0,0,0,0,1722359578863,124,[21 3 21 4 19 2 19 2 18 2 16 1 16 0 15 -1 14 -3 15 -3 14 -4 14 -4 15 -5 14 -5 15 -5 15 -4 16 -4 14 -2 14 -1 13 -1 12 1 11 1 13 10 2 8 2 7 2 0 0 0 0 0 0 0 0 0 0 0 0 0 0 0 0 0 0 0 0 0 0 20 0 20 2 20 2 20 3 20 4 21 5 21 6 21 6 21 8 20 8 21 8 20 8 20 8 20 8 20 7 20 7 21 6 20 5 22 5 21 4 22 4 23 3 23 3 24 3 24 3 24]
,,,-80,0,0,0,0,0,0,0,0,0,0,-92,0,6,1722359578881,0,0,0,0,1722359578881,124,[16 12 15 12 14 13 10 14 9 14 8 13 7 13 6 13 5 13 4 13 3 13 3 13 2 14 2 14 2 14 2 14 3 14 4 14 4 12 5 11 6 13 10 6 8 7 7 6 5 6 4 6 0 0 0 0 0 0 0 0 0 0 0 0 0 0 0 0 0 0 0 0 0 0 16 8 15 9 15 13 10 15 11 15 11 15 12 15 13 14 14 14 14 13 15 13 16 13 15 13 14 13 14 13 13 14 13 14 13 15 13 15 13 16 12 16 12 17 12 17 12 18 12 18]
,,,-80,0,0,0,0,0,0,0,0,0,0,-92,0,6,1722359578903,0,0,0,0,1722359578903,124,[-13 14 -13 13 -12 13 -11 12 -9 13 -8 12 -7 13 -7 13 -6 13 -5 13 -4 14 -4 14 -4 15 -4 15 -4 15 -6 15 -6 15 -7 14 -7 13 -8 11 -9 9 -9 8 -9 7 -8 6 -8 5 0 0 0 0 0 0 0 0 0 0 0 0 0 0 0 0 0 0 0 0 0 0 -12 13 -13 12 -13 12 -14 11 -14 11 -15 11 -16 11 -17 13 10 -17 13 10 -18 13 10 -17 13 10 -17 9 -17 13 10 -16 13 10 -16 13 10 -17 13 10 -16 11 -15 11 -15 11 -15 12 -14 13 -14 14]
,,,-80,0,0,0,0,0,0,0,0,0,0,-92,0,6,1722359578922,0,0,0,0,1722359578922,124,[7 -22 6 -21 5 -21 4 -20 2 -20 2 -19 1 -18 -1 -18 -2 -19 -3 -18 -3 -18 -4 -19 -5 -19 -5 -19 -4 -20 -4 -20 -3 -20 -1 -20 0 -19 1 -18 3 -16 3 -14 4 -13 4 -12 5 -10 0 0 0 0 0 0 0 0 0 0 0 0 0 0 0 0 0 0 0 0 0 0 7 -21 9 -20 9 -20 13 10 -20 11 -20 12 -21 13 -21 14 -21 15 -20 15 -20 16 -20 15 -19 15 -19 14 -19 13 -19 13 -19 12 -20 12 -20 11 -21 13 10 -21 9 -21 9 -22 8 -22 8 -23 7 -23]
,,,-80,0,0,0,0,0,0,0,0,0,0,-92,0,6,1722359578942,0,0,0,0,1722359578942,124,[-17 -9 -16 -8 -15 -7 -15 -7 -15 -6 -15 -5 -14 -4 -14 -3 -14 -3 -15 -1 -14 -1 -14 -1 -15 0 -15 0 -15 0 -15 -1 -15 -2 -15 -3 -14 -4 -13 -4 -11 -5 -10 -5 -9 -5 -8 -5 -7 -5 0 0 0 0 0 0 0 0 0 0 0 0 0 0 0 0 0 0 0 0 0 0 -16 -7 -16 -9 -16 -10 -15 -10 -16 -11 -16 -12 -15 -13 -15 -14 -15 -14 -14 -14 -14 -15 -14 -14 -14 -14 -13 -14 -13 -13 -14 -13 -14 -12 -15 -12 -15 -11 -15 -11 -16 -10 -16 -10 -17 -9 -17 -10 -18 -9 -18 -9]
,,,-80,0,0,0,0,0,0,0,0,0,0,-92,0,6,1722359578962,0,0,0,0,1722359578962,124,[19 -3 20 -2 18 -3 18 -3 16 -4 16 -5 15 -6 14 -7 14 -7 14 -8 14 -8 14 -9 14 -10 14 -10 15 -10 15 -8 16 -8 15 -7 15 -5 14 -4 13 -2 12 -1 12 -1 13 10 0 9 0 0 0 0 0 0 0 0 0 0 0 0 0 0 0 0 0 0 0 0 0 0 0 19 -4 20 -2 20 -1 21 0 20 0 22 2 22 2 22 4 22 4 21 5 22 5 20 5 20 5 20 5 20 4 19 3 20 2 19 2 21 1 20 0 21 0 21 -1 21 -1 22 -2 22 -2 22]
,,,-80,0,0,0,0,0,0,0,0,0,0,-92,0,6,1722359578982,0,0,0,0,1722359578982,124,[-10 18 -9 19 -8 18 -7 17 -5 17 -5 17 -3 16 -2 16 -1 16 -1 17 -1 17 0 17 0 18 0 18 0 19 -1 18 -2 18 -3 18 -3 16 -4 15 -5 13 -6 12 -6 11 -6 13 10 -6 9 0 0 0 0 0 0 0 0 0 0 0 0 0 0 0 0 0 0 0 0 0 0 -10 19 -12 18 -13 17 -14 17 -14 16 -16 17 -17 17 -17 16 -17 15 -17 15 -18 15 -17 15 -17 14 -17 14 -16 15 -15 14 -15 15 -13 15 -13 16 -13 17 -11 18 -11 18 -11 19 -11 20 -11 20 -10]
,,,-80,0,0,0,0,0,0,0,0,0,0,-92,0,6,1722359579004,0,0,0,0,1722359579004,124,[15 -14 14 -15 13 -14 12 -14 11 -14 13 10 -14 9 -15 8 -15 8 -16 7 -17 7 -16 6 -16 7 -17 7 -18 7 -18 8 -17 9 -17 13 10 -15 13 10 -14 13 10 -12 13 10 -10 13 10 -9 9 -8 9 -7 8 -6 0 0 0 0 0 0 0 0 0 0 0 0 0 0 0 0 0 0 0 0 0 0 16 -14 17 -12 18 -11 19 -10 19 -10 20 -10 20 -9 21 -8 21 -8 20 -7 21 -7 20 -7 20 -7 19 -7 19 -7 18 -8 18 -9 17 -10 17 -11 17 -11 16 -12 16 -13 16 -14]
,,,-80,0,0,0,0,0,0,0,0,0,0,-92,0,6,1722359579023,0,0,0,0,1722359579023,124,[-18 -11 -17 -11 -17 -10 -17 -9 -17 -8 -17 -7 -17 -6 -17 -6 -17 -5 -18 -4 -18 -4 -18 -4 -18 -4 -19 -4 -19 -4 -19 -6 -18 -7 -17 -8 -15 -8 -14 -8 -12 -9 -11 -9 -10 -8 -8 -9 -7 -8 0 0 0 0 0 0 0 0 0 0 0 0 0 0 0 0 0 0 0 0 0 0 -18 -13 -16 -14 -16 -15 -15 -16 -15 -16 -14 -17 -14 -18 -13 -18 -12 -18 -12 -19 -12 -19 -11 -18 -11 -18 -11 -17 -11 -16 -12 -16 -13 -15 -14 -15 -14 -14 -15 -14 -16 -13 -16 -13 -17 -12 -18 -13 -18 -12 -19 -12]
,,,-80,0,0,0,0,0,0,0,0,0,0,-92,0,6,1722359579043,0,0,0,0,1722359579043,124,[0 19 0 19 1 17 1 17 2 16 2 16 3 16 4 15 5 14 6 15 6 14 7 14 8 15 8 15 8 16 7 16 6 17 4 16 3 16 1 15 0 14 -1 13 -2 12 -2 11 -3 13 10 0 0 0 0 0 0 0 0 0 0 0 0 0 0 0 0 0 0 0 0 0 0 -4 20 -6 19 -7 18 -8 18 -8 18 -10 18 -10 18 -11 17 -11 17 -11 16 -11 17 -10 17 -9 16 -9 16 -8 16 -7 16 -7 16 -5 16 -5 17 -4 17 -3 18 -3 19 -2 19 -1 20 -1 20 -1]
,,,-80,0,0,0,0,0,0,0,0,0,0,-92,0,6,1722359579064,0,0,0,0,1722359579064,124,[8 20 8 20 8 18 9 17 9 16 13 10 16 11 14 11 13 12 13 13 12 14 12 15 12 16 13 15 13 16 14 15 14 14 15 13 16 11 16 13 10 16 8 15 6 15 5 14 3 14 2 13 0 0 0 0 0 0 0 0 0 0 0 0 0 0 0 0 0 0 0 0 0 0 6 21 3 22 2 22 1 22 0 21 -1 23 -1 23 -2 23 -3 22 -3 22 -3 22 -2 21 -2 21 -2 21 -1 21 0 20 1 20 2 19 3 21 3 20 5 20 6 20 7 20 7 21 8 21]
,,,-80,0,0,0,0,0,0,0,0,0,0,-92,0,6,1722359579083,0,0,0,0,1722359579083,124,[-18 -8 -18 -8 -17 -6 -17 -6 -17 -5 -17 -4 -17 -3 -17 -1 -17 -1 -18 0 -18 1 -18 1 -19 1 -19 1 -20 1 -20 0 -20 -1 -19 -2 -18 -3 -18 -4 -16 -5 -15 -6 -14 -6 -12 -6 -10 -7 0 0 0 0 0 0 0 0 0 0 0 0 0 0 0 0 0 0 0 0 0 0 -17 -11 -16 -12 -15 -13 -15 -14 -14 -14 -13 -15 -13 -15 -13 -16 -13 -16 -13 -17 -13 -16 -13 -16 -12 -15 -13 -15 -13 -14 -13 -14 -14 -13 -14 -12 -15 -12 -15 -11 -16 -11 -17 -11 -17 -10 -18 -10 -18 -10 -19 -9]
,,,-80,0,0,0,0,0,0,0,0,0,0,-92,0,6,1722359579110,0,0,0,0,1722359579110,124,[-21 13 10 -20 13 10 -18 13 10 -17 11 -16 11 -15 12 -14 13 -13 14 -13 14 -13 15 -13 15 -13 16 -14 17 -13 18 -14 17 -16 17 -16 16 -17 14 -17 12 -17 13 10 -16 8 -16 6 -15 5 -14 4 -13 2 0 0 0 0 0 0 0 0 0 0 0 0 0 0 0 0 0 0 0 0 0 0 -20 8 -20 5 -20 5 -21 4 -21 4 -21 3 -22 3 -22 2 -22 2 -22 2 -22 2 -22 2 -22 2 -21 2 -21 3 -22 4 -21 5 -21 5 -21 6 -21 7 -22 8 -22 9 -22 9 -23 13]
,,,-80,0,0,0,0,0,0,0,0,0,0,-92,0,6,1722359579121,0,0,0,0,1722359579121,124,[-12 -14 -13 -14 -12 -12 -13 -11 -13 -10 -13 -9 -14 -8 -14 -7 -15 -6 -16 -6 -17 -5 -17 -5 -18 -5 -19 -6 -19 -6 -19 -8 -18 -9 -17 -10 -15 -11 -14 -11 -12 -12 -10 -11 -9 -12 -7 -11 -5 -11 0 0 0 0 0 0 0 0 0 0 0 0 0 0 0 0 0 0 0 0 0 0 -9 -15 -8 -16 -7 -16 -7 -16 -6 -16 -6 -17 -6 -17 -5 -17 -5 -17 -5 -17 -5 -17 -6 -17 -6 -16 -6 -16 -7 -16 -8 -16 -9 -16 -9 -15 -10 -16 -11 -15 -11 -15 -12 -15 -13 -15 -13 -16 -13 -15 -14 -16]
,,,-80,0,0,0,0,0,0,0,0,0,0,-92,0,6,1722359579143,0,0,0,0,1722359579143,124,[15 5 16 4 14 3 14 2 13 1 13 -1 12 -2 12 -3 12 -4 12 -6 13 -6 13 -7 14 -7 14 -7 15 -7 16 -7 17 -5 16 -4 16 -3 16 -2 15 0 13 1 13 2 11 2 13 10 3 0 0 0 0 0 0 0 0 0 0 0 0 0 0 0 0 0 0 0 0 0 0 15 6 15 7 14 8 14 8 14 9 14 13 10 13 13 10 13 11 13 11 13 11 13 13 10 13 13 10 13 13 10 13 9 14 9 14 8 14 8 14 7 15 7 15 7 16 6 17 6 17 5]
,,,-80,0,0,0,0,0,0,0,0,0,0,-92,0,6,1722359579162,0,0,0,0,1722359579162,124,[20 4 19 4 18 2 17 2 16 1 15 -1 15 -3 14 -4 14 -6 14 -7 15 -7 15 -8 16 -9 16 -10 17 -9 18 -8 18 -7 18 -5 17 -4 17 -3 16 -1 15 0 14 1 12 1 11 2 0 0 0 0 0 0 0 0 0 0 0 0 0 0 0 0 0 0 0 0 0 0 21 2 21 5 20 5 20 6 20 7 20 8 20 13 10 19 13 10 19 13 10 19 13 10 19 13 10 19 13 10 19 9 19 9 19 8 19 8 19 7 20 7 21 6 21 6 21 5 22 5 22 4]
,,,-80,0,0,0,0,0,0,0,0,0,0,-92,0,6,1722359579182,0,0,0,0,1722359579182,124,[8 -16 7 -15 6 -14 4 -14 3 -13 2 -12 1 -12 -1 -13 -2 -13 -3 -13 -4 -13 -5 -14 -5 -14 -5 -15 -5 -16 -4 -16 -3 -16 -1 -16 0 -16 1 -15 2 -13 2 -12 3 -11 3 -9 4 -8 0 0 0 0 0 0 0 0 0 0 0 0 0 0 0 0 0 0 0 0 0 0 8 -17 13 10 -16 13 10 -16 11 -15 12 -15 13 -15 14 -14 14 -14 14 -13 14 -13 14 -13 14 -13 13 -14 12 -13 12 -13 11 -14 11 -15 13 10 -15 13 10 -16 13 10 -16 13 10 -17 9 -17 8 -18]
,,,-80,0,0,0,0,0,0,0,0,0,0,-92,0,6,1722359579206,0,0,0,0,1722359579206,124,[11 -15 13 10 -15 9 -14 8 -13 7 -12 5 -12 4 -12 3 -12 2 -13 0 -13 0 -13 -1 -13 -1 -14 -2 -14 -2 -15 -1 -15 0 -15 1 -15 2 -15 3 -14 4 -13 4 -12 5 -10 5 -9 5 -8 0 0 0 0 0 0 0 0 0 0 0 0 0 0 0 0 0 0 0 0 0 0 9 -16 13 10 -15 12 -15 12 -14 13 -14 14 -14 14 -14 15 -13 15 -13 16 -13 15 -13 15 -12 15 -13 15 -12 14 -12 14 -13 13 -13 12 -14 12 -15 12 -15 11 -16 11 -16 11 -17 11 -18 11 -18]
,,,-80,0,0,0,0,0,0,0,0,0,0,-92,0,6,1722359579223,0,0,0,0,1722359579223,124,[-5 19 -5 19 -4 16 -4 16 -2 15 -1 14 0 13 1 13 2 12 3 13 4 12 4 13 5 13 5 13 6 14 5 14 4 15 3 15 2 14 1 14 0 13 -1 12 -2 11 -2 13 10 -3 9 0 0 0 0 0 0 0 0 0 0 0 0 0 0 0 0 0 0 0 0 0 0 -3 18 -4 18 -5 17 -6 18 -7 17 -8 18 -8 18 -9 18 -9 18 -9 17 -10 18 -10 17 -9 17 -9 17 -8 18 -8 17 -7 18 -7 18 -6 19 -6 19 -5 20 -5 20 -5 21 -4 22 -5 22 -4]
,,,-80,0,0,0,0,0,0,0,0,0,0,-92,0,6,1722359579243,0,0,0,0,1722359579243,124,[11 -15 11 -15 9 -14 8 -13 7 -13 5 -12 4 -12 3 -12 2 -13 1 -13 0 -13 -1 -13 -1 -14 -2 -15 -1 -15 0 -15 0 -15 1 -15 2 -14 2 -14 3 -12 4 -11 4 -10 4 -10 4 -8 0 0 0 0 0 0 0 0 0 0 0 0 0 0 0 0 0 0 0 0 0 0 13 10 -17 12 -16 13 -15 13 -14 13 -14 15 -14 15 -14 16 -13 16 -13 16 -12 16 -12 16 -12 16 -12 15 -12 14 -13 14 -13 13 -14 13 -14 13 -15 12 -16 12 -16 12 -17 12 -17 12 -18 13 -18 13]
,,,-80,0,0,0,0,0,0,0,0,0,0,-92,0,6,1722359579265,0,0,0,0,1722359579265,124,[-19 8 -17 7 -16 7 -15 6 -14 6 -12 6 -11 7 -9 7 -8 8 -7 9 -6 9 -6 9 -6 13 10 -5 11 -6 11 -7 12 -7 11 -8 11 -8 9 -8 9 -8 7 -8 6 -8 6 -7 5 -7 4 0 0 0 0 0 0 0 0 0 0 0 0 0 0 0 0 0 0 0 0 0 0 -15 11 -16 13 10 -18 9 -18 8 -18 8 -19 7 -20 7 -20 5 -20 5 -21 5 -21 5 -20 5 -20 5 -19 5 -19 5 -19 6 -19 7 -19 7 -19 8 -19 8 -19 9 -19 13 10 -20 13 10 -20 11]
,,,-80,0,0,0,0,0,0,0,0,0,0,-92,0,6,1722359579284,0,0,0,0,1722359579284,124,[17 -9 15 -8 15 -8 13 -7 11 -8 13 10 -7 9 -8 7 -8 6 -9 5 -10 4 -10 4 -10 3 -11 3 -12 3 -12 4 -13 4 -13 4 -12 5 -11 5 -11 6 -10 6 -9 6 -8 6 -7 5 -6 0 0 0 0 0 0 0 0 0 0 0 0 0 0 0 0 0 0 0 0 0 0 14 -11 15 -9 16 -9 16 -8 17 -8 17 -7 18 -7 18 -7 18 -6 19 -5 19 -5 18 -5 18 -5 18 -5 17 -6 17 -7 16 -8 17 -8 17 -9 17 -10 16 -11 17 -12 18 -11 18 -12 19 -11 18]
,,,-80,0,0,0,0,0,0,0,0,0,0,-92,0,6,1722359579305,0,0,0,0,1722359579305,124,[-12 15 -11 14 -10 13 -9 12 -8 11 -7 11 -5 13 10 -4 9 -3 9 -2 9 -1 9 0 9 1 13 10 2 13 10 2 13 10 2 11 1 11 0 11 0 11 0 13 10 -1 9 -2 8 -2 8 -2 7 -2 7 0 0 0 0 0 0 0 0 0 0 0 0 0 0 0 0 0 0 0 0 0 0 -7 16 -9 16 -10 15 -11 15 -11 15 -12 15 -13 15 -14 15 -14 15 -15 14 -15 15 -15 14 -15 14 -14 14 -13 14 -13 14 -13 14 -12 15 -12 16 -12 16 -11 17 -11 17 -11 18 -11]
,,,-80,0,0,0,0,0,0,0,0,0,0,-92,0,6,1722359579328,0,0,0,0,1722359579328,124,[-22 4 -20 4 -18 4 -16 4 -15 4 -14 5 -12 5 -11 6 -10 6 -9 7 -8 8 -8 9 -8 13 10 -8 13 10 -8 13 10 -8 11 -8 13 10 -9 13 10 -9 8 -9 8 -9 6 -9 6 -8 5 -8 4 -7 4 0 0 0 0 0 0 0 0 0 0 0 0 0 0 0 0 0 0 0 0 0 0 -18 8 -18 6 -19 6 -19 5 -20 4 -20 4 -21 4 -22 3 -22 2 -22 2 -23 2 -22 2 -22 2 -22 2 -21 2 -22 2 -22 3 -21 4 -22 4 -22 5 -22 6 -22 6 -23 7 -23]
,,,-80,0,0,0,0,0,0,0,0,0,0,-92,0,6,1722359579342,0,0,0,0,1722359579342,124,[19 4 19 4 17 3 16 3 14 2 13 1 12 0 11 -2 13 10 -2 13 10 -5 9 -5 9 -6 13 10 -6 13 10 -7 11 -7 11 -7 12 -7 12 -6 11 -5 11 -4 13 10 -3 13 10 -2 9 -1 8 -1 7 -1 0 0 0 0 0 0 0 0 0 0 0 0 0 0 0 0 0 0 0 0 0 0 17 -2 17 0 18 1 18 1 18 2 19 3 19 4 20 4 20 6 20 5 20 6 20 5 20 5 20 5 19 5 19 5 19 4 20 3 20 3 21 4 21 2 22 2 21 2]
,,,-80,0,0,0,0,0,0,0,0,0,0,-92,0,6,1722359579368,0,0,0,0,1722359579368,124,[17 -5 16 -4 15 -4 14 -4 12 -4 13 10 -5 9 -5 7 -6 7 -7 6 -7 5 -8 5 -9 4 -10 4 -10 5 -11 6 -11 6 -11 6 -10 7 -9 7 -8 7 -7 7 -6 7 -5 6 -4 5 -3 0 0 0 0 0 0 0 0 0 0 0 0 0 0 0 0 0 0 0 0 0 0 14 -8 14 -7 15 -7 15 -7 16 -6 17 -6 18 -6 18 -5 19 -5 19 -4 20 -4 19 -3 19 -3 19 -3 18 -4 18 -4 18 -5 18 -6 19 -6 19 -6 18 -7 19 -7 19 -7 20 -7 20 -7 20]
,,,-80,0,0,0,0,0,0,0,0,0,0,-92,0,6,1722359579383,0,0,0,0,1722359579383,124,[1 18 1 17 1 16 1 14 2 13 2 11 3 13 10 3 9 5 8 6 7 6 7 7 7 8 7 8 7 9 7 9 8 9 9 8 9 6 9 6 9 4 8 3 8 3 8 1 7 1 6 0 0 0 0 0 0 0 0 0 0 0 0 0 0 0 0 0 0 0 0 0 0 5 15 3 16 3 15 2 16 2 16 2 17 1 18 1 18 0 19 0 19 0 19 0 19 0 19 0 18 0 18 0 18 1 19 2 18 2 19 2 19 2 19 3 19 3 20 3 21 3 21 3]
,,,-80,0,0,0,0,0,0,0,0,0,0,-92,0,6,1722359579403,0,0,0,0,1722359579403,124,[-2 20 -2 18 -2 18 -1 16 -1 15 0 14 1 13 2 12 3 11 3 11 4 13 10 5 13 10 6 13 10 7 11 6 11 6 12 6 12 5 12 4 12 3 12 2 13 10 1 13 10 0 9 -1 9 -2 8 0 0 0 0 0 0 0 0 0 0 0 0 0 0 0 0 0 0 0 0 0 0 2 17 0 16 -1 17 -2 16 -2 17 -2 18 -3 18 -4 19 -4 19 -5 19 -5 19 -4 18 -5 19 -4 18 -4 18 -3 19 -3 19 -2 19 -2 19 -1 20 -1 20 0 21 0 22 0]
,,,-80,0,0,0,0,0,0,0,0,0,0,-92,0,6,1722359579423,0,0,0,0,1722359579423,124,[-15 -13 -14 -13 -13 -11 -12 -11 -12 -9 -12 -8 -12 -7 -12 -6 -12 -5 -12 -4 -13 -3 -13 -3 -13 -2 -13 -2 -14 -3 -14 -3 -14 -3 -13 -4 -12 -5 -12 -5 -10 -6 -9 -6 -8 -6 -6 -5 -6 -5 0 0 0 0 0 0 0 0 0 0 0 0 0 0 0 0 0 0 0 0 0 0 -15 -9 -14 -11 -14 -12 -14 -12 -13 -13 -13 -14 -13 -15 -13 -15 -13 -15 -12 -16 -12 -16 -12 -16 -12 -16 -12 -15 -12 -15 -13 -15 -13 -14 -13 -14 -14 -14 -14 -13 -15 -13 -16 -13 -16 -13 -17 -13 -17 -13 -17 -14]
,,,-80,0,0,0,0,0,0,0,0,0,0,-92,0,6,1722359579444,0,0,0,0,1722359579444,124,[-14 -8 -13 -8 -12 -7 -11 -6 -11 -5 -11 -4 -10 -3 -11 -2 -10 -1 -11 0 -11 0 -11 1 -11 1 -12 1 -12 2 -12 1 -12 0 -11 0 -11 -1 -10 -2 -9 -2 -8 -2 -7 -3 -6 -2 -5 -2 0 0 0 0 0 0 0 0 0 0 0 0 0 0 0 0 0 0 0 0 0 0 -16 -6 -15 -8 -15 -8 -15 -9 -15 -9 -15 -10 -15 -11 -15 -12 -15 -12 -15 -13 -14 -12 -14 -12 -14 -12 -14 -12 -14 -12 -14 -12 -14 -11 -14 -11 -15 -10 -15 -10 -15 -10 -16 -10 -16 -9 -17 -9 -17 -9 -16 -10]
,,,-80,0,0,0,0,0,0,0,0,0,0,-92,0,6,1722359579463,0,0,0,0,1722359579463,124,[16 14 15 14 14 11 13 13 10 13 9 12 7 12 5 12 4 12 2 12 1 12 -1 12 -1 13 -2 13 -2 14 -2 14 -1 15 -1 14 1 13 1 12 2 13 10 2 13 10 2 8 2 6 1 5 1 0 0 0 0 0 0 0 0 0 0 0 0 0 0 0 0 0 0 0 0 0 0 20 8 19 11 19 12 19 12 18 13 19 14 18 16 18 17 18 18 18 17 18 18 18 17 18 18 17 17 17 17 17 17 18 17 18 16 19 16 18 16 19 16 19 15 20 14 21 14 21]
,,,-80,0,0,0,0,0,0,0,0,0,0,-92,0,6,1722359579488,0,0,0,0,1722359579488,124,[-18 -8 -16 -7 -15 -7 -14 -6 -13 -4 -13 -3 -12 -2 -12 -1 -12 0 -12 1 -12 2 -12 3 -12 3 -12 4 -13 4 -13 4 -13 3 -13 2 -12 1 -12 0 -10 -1 -10 -1 -9 -2 -7 -1 -6 -1 0 0 0 0 0 0 0 0 0 0 0 0 0 0 0 0 0 0 0 0 0 0 -19 -5 -18 -6 -18 -7 -18 -8 -18 -8 -19 -9 -19 -10 -19 -11 -19 -11 -19 -12 -19 -13 -18 -12 -18 -13 -17 -13 -17 -12 -18 -11 -18 -11 -18 -11 -18 -10 -18 -9 -19 -9 -19 -8 -20 -8 -20 -9 -20 -8 -20 -8]
,,,-80,0,0,0,0,0,0,0,0,0,0,-92,0,6,1722359579505,0,0,0,0,1722359579505,124,[-15 -6 -15 -5 -13 -4 -13 -4 -12 -2 -11 -2 -10 0 -10 1 -10 2 -10 3 -10 3 -10 4 -11 5 -10 5 -12 6 -12 5 -12 5 -12 3 -12 2 -11 2 -11 0 -9 0 -9 -1 -7 -1 -7 -1 0 0 0 0 0 0 0 0 0 0 0 0 0 0 0 0 0 0 0 0 0 0 -16 -4 -16 -6 -16 -6 -16 -7 -16 -7 -17 -8 -17 -9 -17 -10 -17 -10 -17 -11 -17 -11 -16 -11 -17 -11 -16 -11 -16 -11 -16 -10 -17 -10 -16 -9 -17 -9 -16 -8 -17 -7 -17 -7 -17 -6 -18 -7 -17 -7 -17 -6]
,,,-80,0,0,0,0,0,0,0,0,0,0,-92,0,6,1722359579522,0,0,0,0,1722359579522,124,[13 10 -12 9 -11 8 -11 7 -10 6 -10 5 -10 3 -10 2 -10 1 -10 0 -11 -1 -11 -2 -12 -2 -12 -2 -13 -2 -13 -1 -14 0 -14 0 -14 1 -13 2 -12 3 -11 3 -10 4 -9 3 -7 4 -7 0 0 0 0 0 0 0 0 0 0 0 0 0 0 0 0 0 0 0 0 0 0 9 -13 13 10 -12 11 -12 11 -12 12 -12 13 -12 13 -12 14 -12 15 -12 16 -12 16 -11 16 -11 16 -10 15 -10 15 -10 15 -11 13 -11 14 -11 13 -11 13 -12 12 -13 12 -13 12 -14 12 -13 12 -14]
,,,-80,0,0,0,0,0,0,0,0,0,0,-92,0,6,1722359579546,0,0,0,0,1722359579546,124,[15 -8 15 -8 13 -8 12 -8 11 -7 13 10 -8 8 -8 7 -9 6 -10 5 -10 5 -11 4 -11 4 -13 4 -13 5 -14 6 -13 7 -13 7 -12 8 -11 8 -10 8 -8 8 -7 8 -5 7 -5 6 -4 0 0 0 0 0 0 0 0 0 0 0 0 0 0 0 0 0 0 0 0 0 0 15 -10 16 -8 16 -8 17 -7 17 -7 18 -7 18 -6 19 -6 19 -6 19 -4 19 -5 19 -4 19 -4 19 -4 19 -5 18 -5 18 -6 17 -6 18 -7 17 -7 17 -8 17 -9 18 -9 18 -9 18 -9 18]
,,,-80,0,0,0,0,0,0,0,0,0,0,-92,0,6,1722359579562,0,0,0,0,1722359579562,124,[-18 -6 -18 -6 -17 -4 -15 -4 -15 -3 -14 -2 -13 -1 -13 0 -12 1 -13 3 -13 3 -13 4 -14 4 -14 5 -14 5 -15 4 -15 3 -15 1 -14 0 -13 -1 -12 -2 -11 -2 -10 -2 -8 -3 -7 -3 0 0 0 0 0 0 0 0 0 0 0 0 0 0 0 0 0 0 0 0 0 0 -19 -4 -19 -6 -19 -7 -19 -7 -18 -8 -19 -9 -19 -10 -19 -11 -18 -11 -18 -12 -18 -12 -18 -11 -17 -11 -17 -10 -17 -10 -18 -10 -18 -9 -18 -8 -19 -8 -19 -7 -19 -7 -19 -6 -20 -6 -21 -6 -21 -6 -21 -6]
,,,-80,0,0,0,0,0,0,0,0,0,0,-92,0,6,1722359579582,0,0,0,0,1722359579582,124,[15 17 14 16 14 14 13 13 13 11 14 13 10 14 9 14 7 15 7 15 6 16 6 16 5 17 5 18 5 18 5 18 7 17 8 15 9 14 9 13 9 11 13 10 13 10 13 10 8 9 6 9 5 8 0 0 0 0 0 0 0 0 0 0 0 0 0 0 0 0 0 0 0 0 0 0 17 16 15 17 14 18 13 18 13 19 12 20 11 21 13 10 21 13 10 21 9 22 9 22 9 21 9 21 9 20 13 10 19 11 19 12 19 12 19 12 18 14 18 14 17 15 17 16]
,,,-80,0,0,0,0,0,0,0,0,0,0,-92,0,6,1722359579603,0,0,0,0,1722359579603,124,[-7 -19 -8 -18 -7 -17 -8 -16 -8 -15 -9 -14 -9 -13 -10 -11 -10 -11 -12 -11 -12 -11 -13 -10 -14 -11 -13 -11 -14 -12 -13 -12 -13 -13 -12 -13 -10 -13 -9 -14 -7 -13 -6 -12 -5 -12 -4 -11 -3 -11 0 0 0 0 0 0 0 0 0 0 0 0 0 0 0 0 0 0 0 0 0 0 -7 -18 -6 -19 -5 -19 -4 -20 -3 -20 -3 -21 -2 -21 -1 -21 -1 -21 -1 -21 -1 -21 -1 -20 -1 -20 -1 -20 -2 -20 -2 -19 -3 -19 -4 -19 -5 -19 -5 -19 -6 -20 -7 -20 -8 -20 -8 -20 -8 -20 -8 -21]
,,,-80,0,0,0,0,0,0,0,0,0,0,-92,0,6,1722359579624,0,0,0,0,1722359579624,124,[-4 18 -3 18 -2 16 -2 16 -1 15 0 14 1 14 2 13 3 12 4 13 4 12 5 13 6 13 6 13 6 14 6 14 5 15 3 15 3 15 1 14 0 12 -1 12 -1 11 -2 13 10 -3 9 0 0 0 0 0 0 0 0 0 0 0 0 0 0 0 0 0 0 0 0 0 0 -1 17 -3 17 -4 17 -4 17 -5 17 -6 18 -7 18 -8 18 -8 18 -8 18 -8 19 -8 18 -8 18 -8 17 -7 18 -7 17 -6 18 -6 17 -6 18 -5 18 -4 19 -4 19 -3 19 -2 21 -2 21 -2]
,,,-80,0,0,0,0,0,0,0,0,0,0,-92,0,6,1722359579648,0,0,0,0,1722359579648,124,[-5 -18 -5 -17 -5 -16 -5 -15 -6 -14 -6 -12 -7 -12 -8 -11 -9 -10 -10 -10 -10 -9 -11 -9 -12 -9 -12 -9 -12 -10 -12 -10 -11 -11 -11 -11 -9 -12 -8 -12 -7 -11 -6 -11 -5 -10 -4 -10 -3 -9 0 0 0 0 0 0 0 0 0 0 0 0 0 0 0 0 0 0 0 0 0 0 -6 -16 -4 -17 -4 -17 -4 -17 -3 -18 -3 -19 -2 -19 -1 -20 -1 -20 0 -21 -1 -21 -1 -20 0 -20 -1 -20 -1 -20 -1 -20 -2 -20 -3 -19 -3 -20 -4 -19 -4 -20 -5 -20 -6 -20 -6 -21 -6 -21 -6 -21]
,,,-80,0,0,0,0,0,0,0,0,0,0,-92,0,6,1722359579661,0,0,0,0,1722359579661,124,[-16 14 -15 14 -13 14 -12 12 -10 13 -9 12 -7 13 -6 13 -5 14 -4 15 -3 14 -3 15 -2 16 -2 17 -2 17 -4 18 -4 17 -5 17 -6 16 -7 15 -8 12 -8 12 -8 13 10 -8 9 -8 8 0 0 0 0 0 0 0 0 0 0 0 0 0 0 0 0 0 0 0 0 0 0 -12 16 -14 15 -15 15 -15 14 -17 14 -17 14 -19 14 -20 14 -20 13 -21 13 -21 13 -21 12 -21 12 -20 12 -19 12 -19 13 -19 13 -18 14 -18 14 -17 15 -18 16 -17 16 -18 17 -18 18 -18 17 -18]
,,,-80,0,0,0,0,0,0,0,0,0,0,-92,0,6,1722359579682,0,0,0,0,1722359579682,124,[8 16 8 15 8 14 8 13 8 11 8 13 10 9 8 13 10 7 13 10 6 11 6 12 5 12 5 13 5 13 4 14 5 14 6 14 7 13 7 12 7 11 8 13 10 8 9 8 8 8 7 8 6 8 0 0 0 0 0 0 0 0 0 0 0 0 0 0 0 0 0 0 0 0 0 0 13 10 15 8 16 8 16 7 17 7 17 6 18 6 19 5 20 5 20 4 20 4 20 4 19 4 19 5 19 4 18 5 18 6 18 6 17 7 18 8 18 8 18 9 18 13 10 18]
,,,-80,0,0,0,0,0,0,0,0,0,0,-92,0,6,1722359579703,0,0,0,0,1722359579703,124,[3 18 3 18 4 16 4 16 5 14 5 13 6 12 7 11 8 13 10 9 13 10 9 13 10 13 10 13 10 11 13 10 11 13 10 12 11 11 11 11 12 9 12 9 12 8 12 6 11 6 11 5 13 10 4 13 10 3 13 10 0 0 0 0 0 0 0 0 0 0 0 0 0 0 0 0 0 0 0 0 0 0 6 16 5 17 4 17 3 17 3 18 2 19 1 20 0 20 0 20 -1 19 -1 20 -1 19 -1 19 0 19 0 19 0 19 1 19 2 19 2 20 3 20 3 20]
,,,-80,0,0,0,0,0,0,0,0,0,0,-92,0,6,1722359579722,0,0,0,0,1722359579722,124,[5 17 5 17 5 15 6 14 6 12 6 11 8 13 10 8 9 9 8 13 10 8 11 8 11 8 12 8 12 8 12 9 12 9 11 13 10 13 10 13 10 9 13 10 8 13 10 7 9 6 8 6 7 5 7 5 7 0 0 0 0 0 0 0 0 0 0 0 0 0 0 0 0 0 0 0 0 0 0 13 10 14 9 15 8 15 7 16 7 16 6 18 5 19 5 19 4 19 3 19 4 19 3 19 3 19 3 18 4 18 4 18 5 18 5 17 6 19 7 19 7 19 7 19]
,,,-80,0,0,0,0,0,0,0,0,0,0,-92,0,6,1722359579742,0,0,0,0,1722359579742,124,[-14 13 10 -12 13 10 -11 9 -10 8 -8 8 -7 8 -5 8 -4 9 -3 9 -1 13 10 -1 13 10 -1 13 10 -1 11 0 12 0 12 -1 12 -2 11 -3 13 10 -3 9 -3 8 -3 7 -2 6 -1 5 0 5 0 6 0 0 0 0 0 0 0 0 0 0 0 0 0 0 0 0 0 0 0 0 0 0 -10 15 -11 13 -12 13 -13 13 -14 12 -15 12 -16 12 -17 11 -17 11 -17 13 10 -17 11 -16 13 10 -17 13 10 -16 11 -16 11 -15 11 -15 12 -15 12 -15 13 -16 13 -15 13 -15]
,,,-80,0,0,0,0,0,0,0,0,0,0,-92,0,6,1722359579761,0,0,0,0,1722359579761,124,[13 10 -17 13 10 -16 9 -14 8 -13 7 -12 6 -10 4 -10 3 -9 2 -9 0 -9 -1 -8 -2 -9 -2 -9 -3 -10 -2 -9 -2 -9 -1 -10 0 -10 1 -9 2 -8 2 -6 2 -4 2 -3 1 -2 1 -1 0 0 0 0 0 0 0 0 0 0 0 0 0 0 0 0 0 0 0 0 0 0 7 -19 8 -18 9 -18 9 -17 13 10 -17 11 -17 12 -17 13 -17 13 -16 13 -17 13 -17 12 -16 12 -17 12 -16 11 -16 11 -17 13 10 -17 13 10 -18 13 10 -18 13 10 -19 13 10 -19 13 10]
,,,-80,0,0,0,0,0,0,0,0,0,0,-92,0,6,1722359579782,0,0,0,0,1722359579782,124,[9 -23 9 -22 8 -21 8 -19 6 -18 6 -17 4 -16 3 -15 2 -15 1 -14 0 -14 -1 -14 -2 -14 -2 -14 -2 -14 -2 -15 -1 -14 -1 -14 1 -13 1 -13 2 -11 3 -10 3 -9 3 -8 4 -7 0 0 0 0 0 0 0 0 0 0 0 0 0 0 0 0 0 0 0 0 0 0 5 -22 7 -21 8 -21 9 -21 9 -21 13 10 -21 11 -22 12 -22 13 -21 13 -21 13 -21 13 -21 13 -21 13 -21 12 -20 12 -21 13 10 -21 13 10 -22 9 -23 9 -23 8 -24 9 -24 8 -25 9 -26 8]
,,,-80,0,0,0,0,0,0,0,0,0,0,-92,0,6,1722359579803,0,0,0,0,1722359579803,124,[-8 19 -8 19 -7 17 -7 17 -5 16 -5 15 -3 14 -3 14 -2 13 -1 13 0 13 0 13 1 13 1 13 1 13 1 13 1 13 0 13 -1 12 -2 12 -2 13 10 -3 9 -3 8 -3 8 -4 7 0 0 0 0 0 0 0 0 0 0 0 0 0 0 0 0 0 0 0 0 0 0 -4 17 -5 17 -6 17 -7 17 -7 17 -8 18 -9 18 -10 18 -11 18 -11 18 -11 18 -11 18 -11 18 -11 18 -10 17 -10 18 -10 18 -9 18 -9 19 -8 19 -7 20 -7 21 -7 21 -8 21 -8 22 -8]
,,,-80,0,0,0,0,0,0,0,0,0,0,-92,0,6,1722359579823,0,0,0,0,1722359579823,124,[22 -15 21 -14 19 -14 18 -14 16 -14 15 -14 14 -14 12 -15 12 -15 11 -16 13 10 -15 13 10 -16 9 -17 9 -18 13 10 -18 11 -17 11 -16 11 -15 11 -14 11 -12 11 -10 11 -8 13 10 -7 9 -7 9 -6 0 0 0 0 0 0 0 0 0 0 0 0 0 0 0 0 0 0 0 0 0 0 14 -17 16 -16 17 -15 18 -14 19 -14 20 -14 20 -14 22 -13 23 -13 23 -12 23 -11 23 -11 23 -11 23 -11 22 -11 22 -13 21 -13 22 -14 21 -15 21 -16 22 -17 22 -17 23 -18 23 -17]
,,,-80,0,0,0,0,0,0,0,0,0,0,-92,0,6,1722359579842,0,0,0,0,1722359579842,124,[-10 -16 -10 -15 -9 -14 -10 -13 -10 -12 -10 -11 -10 -10 -11 -9 -12 -9 -12 -9 -13 -8 -13 -8 -14 -8 -14 -8 -14 -9 -13 -10 -12 -10 -11 -11 -10 -10 -9 -10 -7 -10 -7 -9 -6 -8 -5 -8 -4 -7 0 0 0 0 0 0 0 0 0 0 0 0 0 0 0 0 0 0 0 0 0 0 -11 -12 -10 -14 -10 -14 -9 -14 -9 -15 -8 -16 -8 -16 -7 -17 -7 -17 -6 -17 -6 -17 -6 -17 -7 -17 -7 -16 -7 -16 -8 -16 -9 -16 -9 -16 -10 -16 -10 -16 -11 -16 -11 -17 -12 -17 -12 -18 -12 -18 -12 -18]
,,,-80,0,0,0,0,0,0,0,0,0,0,-92,0,6,1722359579864,0,0,0,0,1722359579864,124,[8 16 8 15 7 13 8 12 8 11 8 9 9 8 9 6 13 10 5 11 5 11 4 12 4 13 4 13 4 14 4 14 5 13 6 12 7 13 10 7 9 7 8 6 7 6 7 5 5 5 5 4 0 0 0 0 0 0 0 0 0 0 0 0 0 0 0 0 0 0 0 0 0 0 11 15 9 17 9 17 8 18 7 18 6 20 5 20 4 20 4 20 3 19 3 19 3 18 4 18 4 18 5 17 5 17 6 17 7 16 8 17 8 17 9 18 13 10 18 13 10 17 13 10]
,,,-80,0,0,0,0,0,0,0,0,0,0,-92,0,6,1722359579882,0,0,0,0,1722359579882,124,[9 15 9 14 8 13 8 12 7 13 10 7 8 7 7 7 5 7 4 8 3 9 2 9 2 13 10 1 13 10 1 11 1 13 10 1 11 1 13 10 2 9 2 8 2 7 2 6 2 6 2 5 1 4 1 0 0 0 0 0 0 0 0 0 0 0 0 0 0 0 0 0 0 0 0 0 0 14 12 13 14 13 14 12 16 11 16 11 18 13 10 18 13 10 19 9 19 8 19 8 19 8 18 8 18 8 18 8 17 8 17 9 17 9 16 11 16 11 16 12 16 13 16 13]
,,,-80,0,0,0,0,0,0,0,0,0,0,-92,0,6,1722359579910,0,0,0,0,1722359579910,124,[-13 14 -12 14 -11 12 -10 11 -8 13 10 -7 9 -5 9 -4 8 -3 7 -1 8 0 8 0 8 1 8 1 8 2 9 1 8 1 9 0 8 0 7 0 6 -1 5 -1 4 0 3 0 3 1 3 0 0 0 0 0 0 0 0 0 0 0 0 0 0 0 0 0 0 0 0 0 0 -7 14 -8 14 -9 14 -10 14 -10 14 -12 14 -13 14 -14 14 -14 14 -14 13 -14 13 -14 13 -14 13 -13 13 -13 14 -12 14 -12 14 -11 15 -12 16 -11 17 -11 17 -11 18 -11 18 -12 19 -12 18 -13]
,,,-80,0,0,0,0,0,0,0,0,0,0,-92,0,6,1722359579923,0,0,0,0,1722359579923,124,[-14 16 -15 17 -12 14 -12 13 -11 12 -9 11 -7 11 -6 13 10 -5 13 10 -3 11 -3 13 10 -2 11 -1 11 -1 11 -1 12 -1 11 -3 12 -3 11 -4 9 -4 9 -4 6 -3 5 -3 5 -2 4 -2 4 0 0 0 0 0 0 0 0 0 0 0 0 0 0 0 0 0 0 0 0 0 0 -5 13 -7 13 -7 12 -8 13 -8 12 -10 14 -10 14 -11 13 -11 13 -11 13 -12 15 -12 14 -11 14 -11 14 -11 15 -10 15 -11 17 -10 16 -11 19 -10 18 -10 19 -11 20 -11 20 -12 22 -13]
,,,-80,0,0,0,0,0,0,0,0,0,0,-92,0,6,1722359579942,0,0,0,0,1722359579942,124,[9 -26 9 -26 7 -23 8 -22 7 -21 5 -19 4 -18 2 -17 1 -17 -1 -17 -1 -16 -3 -17 -3 -18 -3 -17 -3 -19 -2 -18 -1 -18 0 -18 1 -16 2 -15 2 -13 2 -11 1 -10 1 -9 1 -8 0 0 0 0 0 0 0 0 0 0 0 0 0 0 0 0 0 0 0 0 0 0 6 -25 9 -25 13 10 -22 13 10 -22 11 -21 13 -22 13 -21 13 -21 14 -20 13 -19 12 -19 11 -18 13 10 -19 9 -18 9 -19 7 -20 6 -21 6 -21 5 -23 5 -24 4 -26 4 -26 4 -28 5 -29 5]
,,,-80,0,0,0,0,0,0,0,0,0,0,-92,0,6,1722359579965,0,0,0,0,1722359579965,124,[-9 -19 -9 -18 -8 -17 -8 -16 -8 -15 -8 -14 -8 -13 -9 -12 -9 -11 -10 -11 -10 -10 -10 -10 -11 -9 -11 -10 -10 -10 -10 -10 -9 -11 -8 -11 -6 -10 -6 -9 -4 -9 -4 -8 -3 -7 -2 -5 -2 -5 0 0 0 0 0 0 0 0 0 0 0 0 0 0 0 0 0 0 0 0 0 0 -9 -20 -6 -21 -5 -21 -4 -20 -4 -20 -2 -20 -1 -20 -1 -20 0 -19 0 -19 0 -18 -1 -18 -1 -17 -2 -16 -3 -16 -4 -16 -4 -15 -6 -16 -7 -16 -8 -16 -9 -16 -10 -16 -10 -17 -11 -18 -11 -19 -11 -20]
,,,-80,0,0,0,0,0,0,0,0,0,0,-92,0,6,1722359579983,0,0,0,0,1722359579983,124,[-14 -17 -13 -17 -12 -16 -12 -16 -12 -14 -12 -13 -12 -12 -12 -11 -13 -10 -13 -10 -13 -9 -14 -9 -14 -8 -14 -8 -14 -9 -14 -9 -13 -10 -12 -10 -10 -10 -9 -10 -8 -10 -7 -9 -6 -8 -5 -7 -4 -7 0 0 0 0 0 0 0 0 0 0 0 0 0 0 0 0 0 0 0 0 0 0 -12 -17 -10 -18 -9 -18 -8 -18 -7 -19 -7 -19 -6 -20 -6 -19 -5 -19 -5 -19 -5 -19 -5 -18 -6 -17 -6 -17 -6 -16 -7 -16 -8 -15 -9 -15 -11 -15 -11 -15 -13 -15 -13 -15 -14 -16 -16 -17 -16 -17 -15 -17]
,,,-80,0,0,0,0,0,0,0,0,0,0,-92,0,6,1722359580002,0,0,0,0,1722359580002,124,[-24 0 -23 1 -21 1 -21 1 -20 2 -19 2 -18 3 -17 4 -17 4 -18 5 -17 5 -17 6 -17 7 -17 6 -17 6 -17 5 -18 5 -17 3 -16 3 -15 2 -14 1 -13 0 -12 -1 -11 0 -10 0 0 0 0 0 0 0 0 0 0 0 0 0 0 0 0 0 0 0 0 0 0 0 -18 2 -19 1 -19 0 -19 -1 -19 -1 -20 -2 -20 -3 -20 -4 -19 -4 -19 -4 -20 -4 -19 -4 -20 -4 -20 -4 -20 -3 -20 -2 -21 -1 -20 0 -22 0 -22 1 -22 1 -23 2 -24 2 -25 2 -25 2 -25 2]
,,,-80,0,0,0,0,0,0,0,0,0,0,-92,0,6,1722359580025,0,0,0,0,1722359580025,124,[-4 26 -4 25 -3 22 -2 21 -1 20 1 19 2 18 4 17 5 17 6 17 7 18 7 18 7 19 7 19 7 19 5 19 4 20 2 18 1 17 0 16 -1 13 -1 11 -1 13 10 0 9 0 9 0 0 0 0 0 0 0 0 0 0 0 0 0 0 0 0 0 0 0 0 0 0 3 19 1 20 1 19 1 20 0 20 -1 22 -2 23 -3 23 -3 23 -3 23 -4 24 -3 23 -3 24 -3 24 -2 25 -2 25 -2 25 -2 25 -1 27 0 27 0 28 1 29 -1 29 -1 31 -2 31 -2]
,,,-80,0,0,0,0,0,0,0,0,0,0,-92,0,6,1722359580043,0,0,0,0,1722359580043,124,[-8 18 -9 17 -7 15 -6 14 -5 13 -4 12 -2 11 -2 11 0 13 10 1 11 2 11 2 11 3 12 3 11 3 13 2 12 1 13 0 12 -1 13 10 -1 9 -2 7 -2 6 -1 5 -1 5 0 4 0 0 0 0 0 0 0 0 0 0 0 0 0 0 0 0 0 0 0 0 0 0 -3 17 -5 17 -6 16 -6 17 -6 15 -8 16 -8 16 -8 16 -9 16 -8 15 -9 15 -8 15 -8 16 -8 16 -7 17 -6 16 -7 18 -5 17 -6 19 -5 19 -5 19 -5 21 -5 21 -5 21 -6 22]
,,,-80,0,0,0,0,0,0,0,0,0,0,-92,0,6,1722359580063,0,0,0,0,1722359580063,124,[-10 17 -10 16 -9 14 -8 13 -7 13 -6 12 -5 11 -4 11 -3 13 10 -2 11 -1 11 -1 11 0 12 -1 11 -1 11 -2 11 -2 13 10 -3 9 -3 8 -3 7 -3 5 -2 4 -1 4 0 4 1 4 0 0 0 0 0 0 0 0 0 0 0 0 0 0 0 0 0 0 0 0 0 0 -5 18 -6 18 -8 17 -9 17 -8 16 -10 16 -10 16 -10 16 -11 15 -10 15 -10 15 -9 14 -9 15 -9 15 -8 15 -8 15 -8 16 -7 16 -7 17 -7 18 -6 19 -7 19 -6 20 -6 21 -7 21]
,,,-80,0,0,0,0,0,0,0,0,0,0,-92,0,6,1722359580084,0,0,0,0,1722359580084,124,[19 2 18 3 16 2 15 2 13 1 12 0 11 -1 13 10 -2 13 10 -3 13 10 -4 9 -5 13 10 -5 13 10 -5 13 10 -6 13 10 -5 13 10 -4 13 10 -3 9 -2 8 -1 7 0 6 1 4 1 2 1 1 0 0 -1 0 0 0 0 0 0 0 0 0 0 0 0 0 0 0 0 0 0 0 0 0 0 22 4 21 7 20 7 20 8 20 8 19 13 10 19 13 10 19 11 18 12 17 12 17 11 16 13 10 16 9 16 8 16 8 16 7 16 5 16 4 17 4 18 3]
,,,-80,0,0,0,0,0,0,0,0,0,0,-92,0,6,1722359580102,0,0,0,0,1722359580102,124,[26 5 26 6 23 5 22 5 21 4 19 3 18 2 17 0 16 -1 16 -2 15 -3 15 -4 15 -5 15 -5 16 -5 15 -4 16 -4 15 -2 14 -1 13 0 11 1 13 10 1 8 1 6 1 6 1 0 0 0 0 0 0 0 0 0 0 0 0 0 0 0 0 0 0 0 0 0 0 26 2 27 5 26 6 26 8 26 8 27 13 10 26 12 26 13 25 14 24 14 24 14 23 13 23 13 22 12 22 11 22 13 10 22 9 22 8 24 8 24 6 25 5 26 5 26 4 27 3 28]
,,,-80,0,0,0,0,0,0,0,0,0,0,-92,0,6,1722359580127,0,0,0,0,1722359580127,124,[18 12 18 12 17 11 16 11 16 9 15 8 14 7 14 6 14 5 14 3 13 3 14 2 14 2 14 2 14 2 14 2 14 3 13 3 11 4 13 10 4 9 3 8 3 7 3 6 2 5 1 0 0 0 0 0 0 0 0 0 0 0 0 0 0 0 0 0 0 0 0 0 0 19 7 19 9 19 13 10 18 11 18 12 19 13 18 15 18 16 17 16 16 17 16 17 15 17 16 17 15 16 15 16 15 15 16 15 16 14 17 13 17 12 17 12 19 11 19 11 21 11 21 11]
,,,-80,0,0,0,0,0,0,0,0,0,0,-92,0,6,1722359580151,0,0,0,0,1722359580151,124,[-18 21 -17 19 -17 19 -14 18 -12 17 -11 16 -10 16 -8 16 -7 17 -5 17 -4 17 -4 18 -4 18 -4 19 -5 19 -6 19 -6 18 -8 17 -9 15 -9 13 -9 9 -9 8 -8 5 -6 5 -4 4 0 0 0 0 0 0 0 0 0 0 0 0 0 0 0 0 0 0 0 0 0 0 -17 21 -19 19 -19 18 -20 17 -20 18 -21 18 -23 17 -24 16 -24 16 -24 15 -24 15 -23 14 -22 14 -21 14 -20 14 -20 15 -20 15 -18 16 -18 17 -17 19 -16 19 -16 20 -16 22 -17 24 -16 24 -17 25]
,,,-80,0,0,0,0,0,0,0,0,0,0,-92,0,6,1722359580162,0,0,0,0,1722359580162,124,[-6 -20 -6 -19 -5 -17 -6 -16 -6 -14 -6 -13 -7 -12 -7 -11 -8 -10 -9 -10 -10 -9 -10 -8 -11 -9 -11 -9 -11 -10 -11 -10 -10 -11 -9 -10 -7 -11 -6 -11 -4 -10 -3 -8 -2 -8 -1 -6 -1 -5 0 0 0 0 0 0 0 0 0 0 0 0 0 0 0 0 0 0 0 0 0 0 -5 -22 -2 -22 -2 -22 -1 -22 0 -21 0 -23 1 -22 2 -23 2 -23 2 -22 3 -22 3 -21 3 -20 2 -20 1 -19 1 -19 0 -18 -1 -18 -3 -18 -4 -17 -5 -18 -6 -18 -7 -18 -8 -20 -8 -20 -8 -21]
,,,-80,0,0,0,0,0,0,0,0,0,0,-92,0,6,1722359580186,0,0,0,0,1722359580186,124,[22 7 22 7 20 6 19 6 18 4 17 4 17 2 16 1 15 0 15 -1 15 -2 15 -3 16 -3 16 -3 16 -3 16 -2 16 -2 15 0 14 1 13 2 12 3 13 10 4 9 3 7 3 5 3 0 0 0 0 0 0 0 0 0 0 0 0 0 0 0 0 0 0 0 0 0 0 21 6 21 9 20 9 19 13 10 19 11 20 12 19 13 19 13 19 14 18 14 18 14 18 14 18 14 18 13 18 12 18 11 18 11 18 13 10 20 9 20 8 20 8 22 7 22 7 23 7 23]
,,,-80,0,0,0,0,0,0,0,0,0,0,-92,0,6,1722359580204,0,0,0,0,1722359580204,124,[11 16 11 15 13 10 14 13 10 14 13 10 13 13 10 11 13 10 11 13 10 9 13 10 9 11 8 13 10 7 11 7 11 7 11 7 11 7 11 8 13 10 8 9 8 8 8 7 8 5 7 4 7 3 6 2 6 1 4 0 0 0 0 0 0 0 0 0 0 0 0 0 0 0 0 0 0 0 0 0 0 13 10 12 9 13 8 14 8 14 8 14 7 15 7 16 6 17 6 17 6 17 5 17 5 17 6 17 6 16 6 15 7 15 7 15 8 15 9 15 13 10 15 13]
,,,-80,0,0,0,0,0,0,0,0,0,0,-92,0,6,1722359580223,0,0,0,0,1722359580223,124,[-18 12 -17 11 -16 13 10 -15 13 10 -14 13 10 -13 13 10 -12 13 10 -11 13 10 -11 11 -10 11 -10 11 -9 11 -10 12 -10 12 -10 11 -11 11 -11 13 10 -11 9 -10 8 -10 7 -10 5 -9 5 -8 4 -7 4 -7 3 0 0 0 0 0 0 0 0 0 0 0 0 0 0 0 0 0 0 0 0 0 0 -14 13 10 -15 9 -15 8 -16 7 -16 7 -16 6 -17 6 -17 6 -17 5 -17 5 -17 5 -16 5 -16 5 -16 6 -15 6 -15 6 -15 7 -14 8 -14 9 -15 13 10 -15 11 -15]
,,,-80,0,0,0,0,0,0,0,0,0,0,-92,0,6,1722359580242,0,0,0,0,1722359580242,124,[3 19 3 18 3 18 3 16 3 15 3 14 4 14 5 13 6 12 7 12 7 11 8 11 7 12 9 12 8 12 7 12 6 12 5 12 4 11 3 11 3 9 3 8 3 7 2 7 3 6 0 0 0 0 0 0 0 0 0 0 0 0 0 0 0 0 0 0 0 0 0 0 4 19 2 20 1 20 -1 19 -2 20 -2 20 -4 20 -5 19 -5 19 -6 18 -6 17 -5 16 -4 16 -3 16 -3 15 -2 15 -1 15 0 15 1 15 2 16 3 17 4 18 5 18 5 19 5 19 5 20]
,,,-80,0,0,0,0,0,0,0,0,0,0,-92,0,6,1722359580262,0,0,0,0,1722359580262,124,[13 10 15 13 10 15 13 10 13 9 13 9 12 9 11 13 10 9 9 8 13 10 7 13 10 6 13 10 6 11 6 11 6 11 6 12 6 11 6 11 7 13 10 7 9 6 7 7 7 6 6 5 6 4 5 4 5 3 0 0 0 0 0 0 0 0 0 0 0 0 0 0 0 0 0 0 0 0 0 0 12 15 13 10 16 9 17 8 17 7 17 6 18 5 18 4 19 4 18 3 17 3 17 3 16 3 16 4 14 5 14 5 14 6 14 7 13 8 13 9 13 13 10 13]
,,,-80,0,0,0,0,0,0,0,0,0,0,-92,0,6,1722359580282,0,0,0,0,1722359580282,124,[-18 12 -17 12 -16 11 -15 13 10 -14 9 -13 13 10 -11 9 -10 9 -9 13 10 -8 13 10 -8 13 10 -7 13 10 -7 11 -7 11 -6 11 -7 13 10 -7 13 10 -7 9 -6 8 -7 7 -6 6 -6 5 -5 5 -4 5 -4 5 0 0 0 0 0 0 0 0 0 0 0 0 0 0 0 0 0 0 0 0 0 0 -15 14 -17 12 -17 11 -18 13 10 -17 9 -19 8 -19 8 -19 7 -19 6 -18 6 -18 6 -17 5 -17 6 -16 6 -15 7 -15 7 -15 8 -13 9 -14 11 -13 12 -14 13 -15]
,,,-80,0,0,0,0,0,0,0,0,0,0,-92,0,6,1722359580304,0,0,0,0,1722359580304,124,[-10 -20 -9 -19 -8 -18 -7 -17 -8 -16 -8 -15 -8 -13 -8 -13 -8 -12 -9 -11 -9 -10 -9 -10 -10 -10 -10 -10 -9 -10 -9 -10 -8 -10 -7 -9 -6 -9 -5 -9 -4 -7 -3 -6 -3 -5 -3 -4 -3 -3 0 0 0 0 0 0 0 0 0 0 0 0 0 0 0 0 0 0 0 0 0 0 -6 -21 -4 -21 -3 -20 -2 -20 -1 -19 0 -19 0 -19 1 -19 1 -18 2 -17 1 -17 0 -16 -1 -15 -2 -15 -3 -14 -4 -15 -6 -14 -6 -14 -8 -15 -9 -15 -10 -16 -11 -16 -12 -18 -12 -18 -12 -19 -12 -20]
,,,-80,0,0,0,0,0,0,0,0,0,0,-92,0,6,1722359580326,0,0,0,0,1722359580326,124,[-20 -9 -20 -10 -18 -8 -17 -8 -16 -7 -16 -6 -15 -5 -15 -4 -15 -3 -15 -2 -15 -2 -15 -2 -15 -1 -14 -2 -15 -2 -14 -3 -14 -4 -12 -4 -10 -5 -9 -6 -7 -6 -5 -5 -4 -4 -2 -3 -1 -1 0 0 0 0 0 0 0 0 0 0 0 0 0 0 0 0 0 0 0 0 0 0 -17 -15 -16 -16 -14 -16 -13 -16 -12 -16 -12 -17 -11 -16 -10 -16 -9 -15 -9 -14 -9 -14 -9 -12 -10 -12 -10 -10 -11 -9 -12 -8 -14 -7 -14 -6 -17 -6 -17 -5 -19 -5 -20 -6 -20 -6 -22 -6 -23 -6 -23 -7]
,,,-80,0,0,0,0,0,0,0,0,0,0,-92,0,6,1722359580343,0,0,0,0,1722359580343,124,[19 -12 19 -12 17 -10 16 -10 14 -10 13 -11 12 -11 13 10 -11 13 10 -12 9 -13 9 -13 9 -13 9 -14 9 -13 13 10 -13 11 -12 11 -10 11 -9 11 -7 13 10 -5 8 -2 7 -1 5 0 3 1 1 1 0 0 0 0 0 0 0 0 0 0 0 0 0 0 0 0 0 0 0 0 0 0 21 -1 20 1 19 2 18 2 17 2 17 3 16 2 16 2 16 2 15 2 15 0 14 -1 14 -2 13 -3 14 -5 13 -6 14 -7 13 -9 14 -10 15 -11 15 -13 16 -14 17 -15 19 -15]
,,,-80,0,0,0,0,0,0,0,0,0,0,-92,0,6,1722359580364,0,0,0,0,1722359580364,124,[13 29 13 30 12 26 12 26 12 24 12 22 13 20 14 18 15 17 16 18 17 17 17 17 17 18 17 18 17 20 14 20 13 22 13 10 21 7 20 5 19 2 16 0 14 -1 11 -2 9 -2 6 0 0 0 0 0 0 0 0 0 0 0 0 0 0 0 0 0 0 0 0 0 0 -5 24 -8 23 -8 20 -9 19 -8 18 -8 18 -7 17 -6 16 -5 16 -4 15 -3 15 0 15 2 15 3 15 5 16 7 17 9 18 13 10 18 12 20 14 21 15 22 17 23 18 24 19 27 19 29]
,,,-80,0,0,0,0,0,0,0,0,0,0,-92,0,6,1722359580383,0,0,0,0,1722359580383,124,[-5 -36 -5 -35 -4 -32 -4 -31 -5 -29 -6 -28 -7 -26 -9 -25 -10 -25 -11 -25 -11 -24 -12 -25 -12 -25 -11 -25 -11 -26 -9 -26 -7 -26 -5 -25 -3 -24 -1 -22 1 -19 2 -16 3 -14 3 -12 3 -10 0 0 0 0 0 0 0 0 0 0 0 0 0 0 0 0 0 0 0 0 0 0 8 -23 13 10 -21 13 10 -19 13 10 -18 13 10 -17 9 -17 9 -17 9 -17 8 -16 6 -16 5 -17 3 -17 1 -17 0 -18 -2 -19 -3 -21 -5 -22 -6 -23 -7 -25 -9 -26 -10 -28 -11 -30 -11 -32 -11 -35]
,,,-80,0,0,0,0,0,0,0,0,0,0,-92,0,6,1722359580403,0,0,0,0,1722359580403,124,[13 10 20 9 20 9 18 8 17 8 17 8 15 8 14 9 12 9 12 13 10 12 9 11 13 10 11 13 10 11 13 10 11 13 10 12 9 12 8 12 7 12 5 12 4 11 2 13 10 1 9 0 8 0 7 -1 6 0 0 0 0 0 0 0 0 0 0 0 0 0 0 0 0 0 0 0 0 0 0 2 14 1 14 0 13 0 12 0 12 0 13 0 12 1 13 1 13 1 12 2 12 3 12 4 12 5 12 6 12 7 12 8 13 9 13 13 10 13 11 14 12 15 13 16]
,,,-80,0,0,0,0,0,0,0,0,0,0,-92,0,6,1722359580422,0,0,0,0,1722359580422,124,[13 -18 13 -17 12 -17 11 -15 11 -15 9 -14 8 -14 6 -13 6 -14 4 -14 4 -14 4 -14 3 -14 4 -15 4 -15 5 -15 6 -15 7 -14 7 -12 8 -11 9 -9 8 -7 8 -5 7 -4 7 -2 0 0 0 0 0 0 0 0 0 0 0 0 0 0 0 0 0 0 0 0 0 0 14 -9 15 -8 15 -7 14 -7 14 -6 13 -6 14 -6 13 -6 13 -6 13 -7 13 -7 12 -7 12 -8 11 -9 11 -10 11 -11 13 10 -12 13 10 -13 13 10 -14 9 -15 9 -17 9 -17 13 10 -19 11 -20]
,,,-80,0,0,0,0,0,0,0,0,0,0,-92,0,6,1722359580469,0,0,0,0,1722359580469,124,[19 11 18 11 17 11 15 13 10 15 9 14 8 14 7 14 5 14 4 14 3 14 3 15 2 15 3 16 3 16 3 15 5 15 5 14 6 12 7 13 10 7 8 7 7 7 6 6 4 5 3 4 0 0 0 0 0 0 0 0 0 0 0 0 0 0 0 0 0 0 0 0 0 0 13 9 12 13 10 12 11 11 13 10 11 11 11 12 11 12 11 12 11 12 11 13 11 13 11 13 11 12 11 12 11 11 12 11 13 13 10 13 13 10 14 9 15 9 16 8 17 8 18 8]
,,,-80,0,0,0,0,0,0,0,0,0,0,-92,0,6,1722359580481,0,0,0,0,1722359580481,124,[-15 -17 -14 -17 -13 -16 -13 -15 -13 -14 -12 -13 -12 -12 -13 -10 -12 -9 -13 -9 -13 -8 -14 -9 -15 -9 -15 -8 -15 -9 -14 -10 -13 -11 -12 -11 -10 -11 -9 -11 -7 -11 -6 -9 -5 -9 -3 -7 -3 -7 0 0 0 0 0 0 0 0 0 0 0 0 0 0 0 0 0 0 0 0 0 0 -11 -14 -9 -16 -9 -15 -9 -15 -9 -15 -8 -16 -8 -16 -8 -16 -8 -17 -8 -16 -7 -17 -7 -16 -8 -16 -8 -16 -8 -16 -9 -15 -10 -15 -10 -14 -11 -14 -13 -13 -14 -13 -15 -13 -16 -14 -17 -15 -17 -16 -17 -17]
,,,-80,0,0,0,0,0,0,0,0,0,0,-92,0,6,1722359580492,0,0,0,0,1722359580492,124,[13 10 17 9 16 9 14 9 13 9 12 9 11 13 10 13 10 13 10 9 11 8 11 8 12 8 13 8 13 8 13 9 14 13 10 13 11 12 11 11 12 9 12 7 12 6 11 5 13 10 4 9 3 8 2 8 0 0 0 0 0 0 0 0 0 0 0 0 0 0 0 0 0 0 0 0 0 0 7 13 6 13 5 13 5 13 5 13 5 14 5 14 5 14 4 15 5 15 4 15 4 15 5 15 5 14 5 14 5 14 6 14 7 13 8 13 8 12 13 10 13 11 13 11]
,,,-80,0,0,0,0,0,0,0,0,0,0,-92,0,6,1722359580504,0,0,0,0,1722359580504,124,[20 11 19 11 19 9 18 9 18 7 18 5 18 4 18 3 18 2 19 1 19 1 20 1 21 1 21 1 22 2 22 3 22 5 21 5 19 7 18 8 16 8 14 9 13 9 11 9 13 10 8 0 0 0 0 0 0 0 0 0 0 0 0 0 0 0 0 0 0 0 0 0 0 14 9 13 13 10 13 13 10 13 11 13 11 14 12 14 13 13 13 13 13 13 14 13 14 13 14 13 14 13 13 13 12 14 12 15 11 15 11 17 11 18 9 19 9 20 9 21 13 10 22 13]
,,,-80,0,0,0,0,0,0,0,0,0,0,-92,0,6,1722359580521,0,0,0,0,1722359580521,124,[-19 -8 -18 -8 -17 -7 -16 -6 -15 -4 -15 -4 -15 -2 -15 -1 -15 -1 -15 0 -15 0 -15 1 -16 1 -16 1 -16 1 -16 0 -16 -1 -16 -2 -15 -2 -14 -3 -12 -4 -12 -4 -10 -4 -9 -4 -9 -4 0 0 0 0 0 0 0 0 0 0 0 0 0 0 0 0 0 0 0 0 0 0 -14 -5 -14 -6 -14 -7 -14 -7 -14 -7 -14 -8 -14 -8 -14 -9 -14 -9 -14 -10 -14 -9 -13 -9 -14 -9 -14 -8 -14 -7 -15 -7 -16 -7 -16 -6 -17 -6 -17 -6 -18 -6 -19 -5 -20 -6 -21 -6 -21 -6 -21 -7]
,,,-80,0,0,0,0,0,0,0,0,0,0,-92,0,6,1722359580542,0,0,0,0,1722359580542,124,[13 17 12 16 11 14 11 13 11 12 13 10 11 11 13 10 11 9 12 8 12 8 12 7 13 7 13 7 13 7 14 7 13 9 12 9 11 9 13 10 9 8 9 7 8 6 8 5 7 5 6 4 6 0 0 0 0 0 0 0 0 0 0 0 0 0 0 0 0 0 0 0 0 0 0 13 10 12 8 13 7 13 7 13 6 13 6 14 6 14 5 15 5 15 5 15 5 14 5 13 6 13 6 12 7 12 8 12 9 11 13 10 11 12 12 13 12 14 13 14 13 15 14 16]
,,,-80,0,0,0,0,0,0,0,0,0,0,-92,0,6,1722359580562,0,0,0,0,1722359580562,124,[-23 5 -23 4 -21 4 -20 3 -18 4 -17 4 -16 5 -15 6 -14 6 -14 7 -14 8 -13 8 -14 8 -14 8 -14 8 -14 7 -15 6 -14 5 -14 3 -13 2 -11 1 -10 0 -9 0 -7 0 -6 -1 0 0 0 0 0 0 0 0 0 0 0 0 0 0 0 0 0 0 0 0 0 0 -17 -2 -16 -4 -16 -4 -15 -4 -14 -4 -15 -4 -14 -4 -14 -3 -14 -3 -13 -3 -13 -2 -14 -1 -13 0 -13 1 -13 2 -14 2 -14 4 -15 5 -16 6 -17 7 -18 9 -19 9 -20 13 10 -22 13 10 -23 13]
,,,-80,0,0,0,0,0,0,0,0,0,0,-92,0,6,1722359580582,0,0,0,0,1722359580582,124,[-31 -1 -31 -1 -27 -1 -26 -1 -24 0 -22 0 -20 2 -19 4 -18 5 -18 7 -18 8 -18 9 -19 9 -18 9 -20 13 10 -20 8 -22 7 -21 4 -19 2 -18 0 -15 -2 -13 -3 -12 -3 -9 -3 -7 -2 0 0 0 0 0 0 0 0 0 0 0 0 0 0 0 0 0 0 0 0 0 0 -28 -3 -28 -6 -25 -7 -25 -8 -24 -7 -25 -8 -24 -8 -24 -9 -24 -8 -23 -9 -24 -9 -23 -8 -23 -7 -22 -6 -23 -5 -23 -4 -24 -2 -23 -1 -25 0 -26 2 -27 3 -28 4 -29 4 -32 5 -33 4 -34]
,,,-80,0,0,0,0,0,0,0,0,0,0,-92,0,6,1722359580603,0,0,0,0,1722359580603,124,[28 12 27 12 25 11 22 11 20 9 18 8 17 6 15 4 14 2 14 0 13 0 13 -2 13 -2 14 -3 14 -3 14 -2 14 -2 14 0 12 1 11 3 9 4 7 5 5 5 2 4 0 4 0 0 0 0 0 0 0 0 0 0 0 0 0 0 0 0 0 0 0 0 0 0 26 9 25 11 24 12 23 12 23 13 24 14 24 15 24 16 24 17 24 17 24 17 23 16 24 16 23 15 24 14 24 14 24 13 25 11 26 13 10 27 9 28 8 29 8 30 7 32 8 32 8 33]
,,,-80,0,0,0,0,0,0,0,0,0,0,-92,0,6,1722359580621,0,0,0,0,1722359580621,124,[-16 -20 -16 -20 -14 -18 -13 -18 -12 -16 -11 -14 -10 -12 -10 -10 -11 -9 -12 -8 -12 -7 -11 -6 -12 -6 -12 -5 -13 -6 -13 -6 -12 -7 -11 -8 -9 -9 -8 -9 -6 -8 -4 -8 -3 -7 0 -6 1 -5 0 0 0 0 0 0 0 0 0 0 0 0 0 0 0 0 0 0 0 0 0 0 -15 -18 -13 -20 -11 -19 -12 -20 -11 -20 -10 -22 -10 -21 -10 -22 -9 -22 -9 -22 -10 -22 -9 -21 -10 -21 -10 -20 -10 -20 -10 -19 -12 -19 -12 -17 -14 -18 -15 -17 -16 -17 -17 -17 -18 -17 -20 -18 -21 -18 -20 -20]
,,,-80,0,0,0,0,0,0,0,0,0,0,-92,0,6,1722359580642,0,0,0,0,1722359580642,124,[-6 20 -6 19 -6 17 -6 16 -5 15 -4 13 -3 12 -2 11 -1 11 0 13 10 0 13 10 1 9 2 13 10 2 9 3 13 10 2 9 2 13 10 1 13 10 0 9 -1 9 -2 7 -3 6 -4 5 -3 4 -4 2 0 0 0 0 0 0 0 0 0 0 0 0 0 0 0 0 0 0 0 0 0 0 -7 20 -9 19 -10 19 -11 18 -11 18 -12 18 -13 18 -13 18 -13 17 -13 16 -14 16 -13 16 -12 16 -11 15 -10 16 -10 15 -9 16 -8 16 -7 17 -6 18 -5 18 -4 19 -4 19]
,,,-80,0,0,0,0,0,0,0,0,0,0,-92,0,6,1722359580662,0,0,0,0,1722359580662,124,[-13 29 -13 28 -11 26 -11 24 -9 23 -8 21 -6 20 -4 19 -2 18 0 19 1 18 2 18 3 18 4 19 4 20 3 20 2 20 1 19 -1 18 -2 17 -3 14 -4 12 -4 13 10 -4 8 -4 6 0 0 0 0 0 0 0 0 0 0 0 0 0 0 0 0 0 0 0 0 0 0 -18 32 -22 30 -23 28 -24 26 -24 25 -26 24 -27 23 -27 22 -27 21 -27 20 -26 20 -24 19 -23 19 -21 19 -19 19 -18 20 -16 22 -15 23 -14 24 -13 26 -12 27 -11 29 -11 30 -11 31 -12 32 -12]
,,,-80,0,0,0,0,0,0,0,0,0,0,-92,0,6,1722359580683,0,0,0,0,1722359580683,124,[6 19 6 19 6 17 5 16 5 14 5 13 6 12 7 11 8 13 10 8 9 9 9 13 10 8 13 10 9 13 10 9 11 9 13 10 13 10 13 10 13 10 8 11 7 13 10 6 13 10 4 9 3 9 3 8 2 7 1 6 0 0 0 0 0 0 0 0 0 0 0 0 0 0 0 0 0 0 0 0 0 0 8 19 6 20 5 19 4 19 3 19 2 20 2 19 1 20 0 19 0 19 1 19 1 18 2 18 2 17 3 17 3 17 4 17 5 17 6 17 7 18 7 18]
,,,-80,0,0,0,0,0,0,0,0,0,0,-92,0,6,1722359580702,0,0,0,0,1722359580702,124,[2 24 1 24 1 21 1 20 2 19 2 17 3 15 4 14 5 13 6 13 6 13 7 13 8 13 8 12 8 13 7 14 7 15 6 14 4 13 3 13 1 12 0 13 10 -1 9 -2 8 -2 7 0 0 0 0 0 0 0 0 0 0 0 0 0 0 0 0 0 0 0 0 0 0 5 20 3 20 2 19 1 20 1 19 0 21 0 20 0 21 -1 21 -1 21 0 22 0 21 0 21 0 22 1 22 1 22 2 22 3 22 3 23 4 23 4 23 5 24 5 24 5 26 5 26 5]
,,,-80,0,0,0,0,0,0,0,0,0,0,-92,0,6,1722359580724,0,0,0,0,1722359580724,124,[-21 22 -21 22 -18 20 -17 19 -14 18 -13 17 -11 17 -9 18 -8 17 -6 19 -5 19 -4 18 -4 19 -3 19 -3 20 -4 19 -5 20 -7 18 -8 17 -8 15 -9 12 -9 11 -9 9 -9 8 -8 6 0 0 0 0 0 0 0 0 0 0 0 0 0 0 0 0 0 0 0 0 0 0 -19 25 -22 24 -22 22 -24 21 -24 21 -26 21 -27 20 -28 19 -28 19 -28 18 -29 20 -28 19 -28 19 -27 19 -27 19 -25 19 -25 20 -24 20 -24 22 -23 23 -23 23 -23 24 -22 25 -22 26 -22 27 -23 26]
,,,-80,0,0,0,0,0,0,0,0,0,0,-92,0,6,1722359580743,0,0,0,0,1722359580743,124,[-2 18 -2 16 -1 16 -1 15 -1 14 0 13 1 12 2 11 2 13 10 3 13 10 3 9 4 9 4 9 5 9 5 9 4 9 4 13 10 3 13 10 2 9 1 9 0 8 0 7 -1 6 -2 5 -2 4 0 0 0 0 0 0 0 0 0 0 0 0 0 0 0 0 0 0 0 0 0 0 1 19 -1 19 -2 19 -3 19 -4 19 -5 20 -6 21 -7 20 -7 20 -8 20 -8 21 -8 19 -8 19 -7 19 -7 18 -7 18 -6 18 -5 18 -5 18 -4 19 -3 18 -3 19 -2 19 -1 20]
,,,-80,0,0,0,0,0,0,0,0,0,0,-92,0,6,1722359580763,0,0,0,0,1722359580763,124,[11 -12 12 -12 13 10 -11 13 10 -11 9 -10 7 -10 6 -10 5 -9 4 -10 3 -10 2 -10 2 -9 1 -10 1 -9 1 -10 1 -10 1 -10 2 -9 2 -9 3 -8 3 -6 3 -5 2 -5 2 -4 2 -4 0 0 0 0 0 0 0 0 0 0 0 0 0 0 0 0 0 0 0 0 0 0 12 -14 14 -14 14 -13 16 -13 16 -12 18 -12 19 -11 19 -10 20 -9 19 -9 20 -9 19 -9 18 -8 18 -8 18 -8 16 -8 16 -9 15 -9 15 -10 14 -10 14 -11 14 -12 12 -12 13 -13 13 -14]
,,,-80,0,0,0,0,0,0,0,0,0,0,-92,0,6,1722359580782,0,0,0,0,1722359580782,124,[8 -19 8 -19 6 -17 6 -17 5 -15 3 -15 3 -14 1 -13 0 -13 -1 -13 -2 -12 -2 -12 -3 -12 -3 -12 -4 -12 -3 -11 -3 -12 -2 -12 -2 -11 -1 -11 -1 -9 0 -8 0 -7 0 -7 1 -6 0 0 0 0 0 0 0 0 0 0 0 0 0 0 0 0 0 0 0 0 0 0 7 -22 13 10 -22 13 10 -21 12 -22 12 -21 14 -22 15 -21 16 -21 16 -20 17 -19 17 -19 16 -19 16 -19 16 -18 16 -19 14 -18 14 -19 12 -18 13 -20 11 -19 11 -20 13 10 -21 9 -20 9 -21 9]
,,,-80,0,0,0,0,0,0,0,0,0,0,-92,0,6,1722359580802,0,0,0,0,1722359580802,124,[18 -3 18 -3 16 -3 15 -3 14 -3 13 -3 11 -4 13 10 -4 9 -5 9 -6 8 -6 8 -7 8 -7 8 -7 8 -8 8 -7 9 -7 8 -6 8 -5 8 -4 8 -4 7 -3 7 -2 6 -2 5 -1 0 0 0 0 0 0 0 0 0 0 0 0 0 0 0 0 0 0 0 0 0 0 15 -8 16 -6 17 -5 17 -5 17 -4 19 -4 19 -3 19 -2 19 -2 18 -2 19 -2 19 -2 19 -3 19 -2 19 -3 19 -3 19 -3 18 -4 20 -4 19 -4 19 -5 19 -5 19 -5 20 -6 20 -6 21]
,,,-80,0,0,0,0,0,0,0,0,0,0,-92,0,6,1722359580821,0,0,0,0,1722359580821,124,[-1 -22 -1 -22 -2 -19 -1 -19 -2 -17 -3 -16 -3 -15 -4 -14 -5 -13 -6 -13 -6 -12 -7 -12 -7 -12 -8 -11 -8 -12 -7 -12 -7 -13 -6 -12 -5 -12 -4 -11 -3 -10 -2 -10 -2 -9 0 -9 0 -8 0 0 0 0 0 0 0 0 0 0 0 0 0 0 0 0 0 0 0 0 0 0 -5 -18 -3 -20 -2 -19 -2 -20 -1 -19 -1 -21 0 -21 0 -21 0 -21 1 -21 1 -21 1 -21 0 -22 0 -21 -1 -22 -1 -22 -2 -23 -2 -22 -3 -24 -3 -23 -3 -23 -4 -24 -3 -24 -3 -25 -4 -25 -3 -25]
,,,-80,0,0,0,0,0,0,0,0,0,0,-92,0,6,1722359580843,0,0,0,0,1722359580843,124,[-19 -10 -18 -9 -17 -8 -16 -8 -15 -7 -14 -6 -13 -5 -13 -4 -13 -3 -13 -2 -13 -1 -13 -1 -13 0 -13 0 -12 0 -12 0 -12 0 -12 -1 -11 -2 -11 -2 -9 -3 -9 -3 -8 -3 -7 -3 -7 -3 0 0 0 0 0 0 0 0 0 0 0 0 0 0 0 0 0 0 0 0 0 0 -18 -4 -18 -6 -17 -7 -18 -7 -17 -8 -18 -9 -18 -9 -18 -10 -18 -10 -18 -10 -19 -10 -18 -10 -19 -10 -18 -10 -19 -10 -19 -10 -19 -10 -19 -9 -20 -9 -20 -8 -21 -8 -22 -9 -22 -8 -22 -9 -22 -9 -22 -9]
,,,-80,0,0,0,0,0,0,0,0,0,0,-92,0,6,1722359580865,0,0,0,0,1722359580865,124,[3 -22 3 -22 3 -20 3 -18 2 -17 1 -16 0 -15 -1 -14 -2 -13 -3 -13 -3 -12 -4 -11 -5 -11 -5 -11 -5 -11 -5 -11 -5 -11 -4 -11 -3 -11 -3 -10 -2 -9 -2 -8 -1 -8 0 -7 0 -6 0 0 0 0 0 0 0 0 0 0 0 0 0 0 0 0 0 0 0 0 0 0 -2 -21 0 -21 1 -21 1 -21 2 -22 3 -22 3 -22 4 -22 5 -22 5 -23 5 -23 5 -23 5 -23 5 -23 5 -23 4 -24 3 -23 3 -24 3 -24 2 -25 2 -25 2 -25 1 -25 2 -26 2 -26 2 -26]
,,,-80,0,0,0,0,0,0,0,0,0,0,-92,0,6,1722359580883,0,0,0,0,1722359580883,124,[19 -6 19 -6 17 -5 16 -5 14 -5 13 -5 11 -6 13 10 -6 9 -6 8 -7 8 -7 7 -8 6 -8 6 -8 6 -9 6 -9 6 -9 6 -8 6 -7 6 -7 6 -5 5 -4 5 -4 4 -3 4 -3 0 0 0 0 0 0 0 0 0 0 0 0 0 0 0 0 0 0 0 0 0 0 18 -11 19 -10 20 -8 20 -8 20 -7 22 -7 21 -6 22 -5 22 -5 22 -5 23 -4 22 -4 22 -4 21 -4 22 -5 21 -5 21 -5 21 -6 22 -7 21 -7 21 -8 21 -9 21 -8 22 -8 22 -9 22]
,,,-80,0,0,0,0,0,0,0,0,0,0,-92,0,6,1722359580902,0,0,0,0,1722359580902,124,[5 16 5 16 5 13 5 12 5 11 5 13 10 6 9 6 7 6 6 7 6 7 5 8 4 9 5 8 4 9 4 9 4 9 5 8 6 7 5 6 5 6 4 5 4 5 4 4 4 3 3 0 0 0 0 0 0 0 0 0 0 0 0 0 0 0 0 0 0 0 0 0 0 11 15 9 17 8 17 7 18 7 18 6 20 5 20 5 20 4 21 4 20 4 21 4 20 4 20 4 20 4 20 4 19 4 19 5 18 5 19 6 19 6 18 6 18 7 18 7 19 7 19 7]
,,,-80,0,0,0,0,0,0,0,0,0,0,-92,0,6,1722359580923,0,0,0,0,1722359580923,124,[-18 -7 -18 -7 -16 -6 -16 -5 -15 -4 -15 -3 -14 -2 -13 0 -14 0 -14 1 -14 1 -14 2 -14 2 -15 2 -15 3 -15 2 -15 1 -14 0 -13 -1 -12 -1 -11 -2 -10 -2 -9 -3 -7 -2 -7 -3 0 0 0 0 0 0 0 0 0 0 0 0 0 0 0 0 0 0 0 0 0 0 -18 -5 -18 -6 -18 -7 -18 -9 -17 -9 -18 -11 -18 -11 -17 -12 -17 -12 -17 -13 -17 -13 -16 -12 -16 -13 -16 -12 -16 -11 -17 -11 -17 -10 -17 -10 -18 -10 -18 -9 -19 -8 -19 -8 -19 -8 -20 -9 -20 -8 -20 -9]
,,,-80,0,0,0,0,0,0,0,0,0,0,-92,0,6,1722359580942,0,0,0,0,1722359580942,124,[11 13 11 13 11 12 11 11 11 13 10 11 8 11 7 11 6 11 5 12 5 12 4 12 4 12 4 13 4 13 5 12 5 12 6 11 6 9 7 8 7 6 6 6 6 4 6 3 5 2 4 0 0 0 0 0 0 0 0 0 0 0 0 0 0 0 0 0 0 0 0 0 0 15 11 13 13 12 14 12 15 12 15 12 17 11 17 13 10 17 13 10 18 9 18 9 18 9 17 9 17 9 16 9 16 9 16 13 10 16 13 10 15 11 15 12 15 13 14 13 15 14 14 14]
,,,-80,0,0,0,0,0,0,0,0,0,0,-92,0,6,1722359580967,0,0,0,0,1722359580967,124,[-11 -18 -11 -17 -9 -15 -9 -14 -8 -13 -8 -12 -8 -10 -8 -9 -8 -7 -8 -6 -8 -6 -8 -5 -9 -5 -9 -4 -9 -4 -9 -4 -8 -4 -8 -4 -7 -5 -6 -5 -5 -5 -4 -4 -4 -4 -2 -4 -1 -3 0 0 0 0 0 0 0 0 0 0 0 0 0 0 0 0 0 0 0 0 0 0 -14 -16 -13 -17 -12 -17 -12 -18 -11 -18 -11 -19 -11 -20 -10 -20 -10 -21 -10 -21 -10 -21 -9 -20 -9 -20 -10 -20 -10 -19 -11 -19 -12 -19 -12 -18 -13 -19 -13 -18 -14 -18 -14 -19 -15 -19 -15 -19 -15 -19 -15 -20]
,,,-80,0,0,0,0,0,0,0,0,0,0,-92,0,6,1722359580986,0,0,0,0,1722359580986,124,[-7 19 -7 17 -6 16 -6 14 -5 13 -4 11 -3 13 10 -2 9 -1 9 1 8 2 8 2 7 2 7 3 7 4 8 4 8 3 8 3 7 2 7 1 7 1 5 0 5 0 4 0 3 0 3 0 0 0 0 0 0 0 0 0 0 0 0 0 0 0 0 0 0 0 0 0 0 -2 19 -4 18 -5 18 -6 18 -6 18 -7 20 -8 20 -9 19 -9 20 -9 19 -9 20 -9 20 -9 19 -8 19 -8 19 -7 20 -7 20 -6 20 -6 21 -6 21 -6 22 -5 22 -6 22 -5 23 -6 23 -6]
,,,-80,0,0,0,0,0,0,0,0,0,0,-92,0,6,1722359581009,0,0,0,0,1722359581009,124,[28 -3 25 -3 24 -4 22 -4 20 -5 18 -6 16 -8 15 -9 14 -10 13 -12 13 -12 13 -13 13 -13 13 -15 13 -14 15 -13 14 -12 15 -11 15 -9 14 -8 13 -5 11 -4 13 10 -3 8 -3 7 -2 0 0 0 0 0 0 0 0 0 0 0 0 0 0 0 0 0 0 0 0 0 0 30 -8 30 -5 31 -4 30 -2 31 -2 31 -1 32 0 32 1 32 2 32 2 31 3 31 2 31 2 31 1 29 0 31 -1 29 -2 31 -2 31 -3 31 -4 31 -5 31 -5 33 -6 32 -5 32 -5 32]
,,,-80,0,0,0,0,0,0,0,0,0,0,-92,0,6,1722359581024,0,0,0,0,1722359581024,124,[-2 16 -1 16 0 14 0 14 1 13 2 12 3 11 3 13 10 4 13 10 5 13 10 5 13 10 6 13 10 6 11 6 13 10 7 11 5 11 5 12 4 11 3 11 1 13 10 0 9 -1 8 -2 7 -2 6 -3 5 0 0 0 0 0 0 0 0 0 0 0 0 0 0 0 0 0 0 0 0 0 0 -1 18 -3 19 -4 18 -5 19 -5 18 -6 19 -7 19 -7 19 -7 18 -8 17 -8 18 -7 17 -7 18 -6 17 -6 18 -5 17 -5 18 -4 17 -4 19 -3 19 -3 18 -2 18 -2]
,,,-80,0,0,0,0,0,0,0,0,0,0,-92,0,6,1722359581042,0,0,0,0,1722359581042,124,[12 14 11 13 11 11 13 10 13 10 11 9 13 10 7 13 10 6 13 10 5 11 4 11 3 11 2 12 2 12 2 12 2 12 2 12 3 11 4 11 5 13 10 5 8 5 7 6 5 6 4 6 2 5 1 5 0 0 0 0 0 0 0 0 0 0 0 0 0 0 0 0 0 0 0 0 0 0 15 13 14 14 13 15 13 15 13 16 12 17 12 19 11 19 11 19 11 19 11 20 13 10 19 11 19 13 10 18 11 18 11 18 11 17 12 17 13 17 13 17 13 17 14 16]
,,,-80,0,0,0,0,0,0,0,0,0,0,-92,0,6,1722359581072,0,0,0,0,1722359581072,124,[-14 13 10 -13 13 10 -11 9 -10 8 -9 8 -7 7 -6 7 -5 7 -4 7 -3 7 -2 7 -1 7 -2 7 -1 7 -1 7 -1 7 -1 7 -2 6 -1 4 -2 4 -1 2 -1 2 0 1 1 1 2 1 0 0 0 0 0 0 0 0 0 0 0 0 0 0 0 0 0 0 0 0 0 0 -14 17 -16 15 -16 14 -17 13 -17 13 -18 12 -19 11 -19 11 -19 11 -19 9 -19 13 10 -18 9 -17 9 -17 9 -16 13 10 -16 11 -15 11 -15 11 -15 12 -14 13 -14 13 -14 14 -14 14 -15 14]
,,,-80,0,0,0,0,0,0,0,0,0,0,-92,0,6,1722359581086,0,0,0,0,1722359581086,124,[-12 20 -12 19 -10 18 -10 16 -8 15 -7 14 -5 14 -4 13 -3 13 -2 13 -1 12 -1 12 -1 13 0 13 -1 13 -2 12 -2 12 -3 11 -3 9 -4 8 -4 5 -4 4 -3 3 -2 2 -1 1 0 0 0 0 0 0 0 0 0 0 0 0 0 0 0 0 0 0 0 0 0 0 -13 25 -16 23 -17 22 -17 21 -18 20 -19 20 -19 20 -19 18 -19 18 -20 17 -19 17 -18 17 -18 17 -17 17 -16 17 -15 19 -15 19 -14 20 -13 20 -13 21 -12 22 -11 22 -12 23 -12 24 -12 24 -12 23]
,,,-80,0,0,0,0,0,0,0,0,0,0,-92,0,6,1722359581101,0,0,0,0,1722359581101,124,[3 -26 4 -25 3 -23 2 -21 1 -20 0 -19 -1 -18 -3 -17 -3 -16 -5 -16 -5 -16 -5 -15 -6 -15 -6 -16 -5 -16 -4 -16 -3 -16 -2 -16 -1 -15 0 -14 1 -12 2 -11 3 -10 4 -8 4 -7 0 0 0 0 0 0 0 0 0 0 0 0 0 0 0 0 0 0 0 0 0 0 0 -27 3 -26 4 -27 5 -26 5 -26 7 -27 7 -27 8 -27 8 -27 9 -27 13 10 -27 9 -27 9 -27 9 -26 7 -26 7 -27 6 -27 6 -27 5 -28 4 -28 3 -28 3 -29 2 -29 3 -30 3 -29 3]
,,,-80,0,0,0,0,0,0,0,0,0,0,-92,0,6,1722359581133,0,0,0,0,1722359581133,124,[-15 -13 -14 -13 -13 -11 -12 -11 -12 -9 -11 -8 -10 -7 -11 -6 -10 -5 -11 -4 -11 -4 -10 -3 -10 -3 -11 -2 -11 -2 -10 -3 -11 -3 -10 -4 -9 -4 -8 -5 -7 -5 -6 -5 -6 -5 -4 -5 -3 -5 0 0 0 0 0 0 0 0 0 0 0 0 0 0 0 0 0 0 0 0 0 0 -15 -9 -15 -11 -15 -11 -15 -12 -14 -13 -15 -14 -14 -15 -14 -15 -14 -16 -14 -16 -14 -16 -14 -16 -14 -16 -13 -16 -13 -15 -14 -15 -14 -15 -15 -14 -16 -15 -16 -14 -16 -14 -17 -13 -17 -13 -17 -13 -17 -13 -18 -14]
,,,-80,0,0,0,0,0,0,0,0,0,0,-92,0,6,1722359581144,0,0,0,0,1722359581144,124,[16 9 16 8 15 8 14 7 14 6 13 5 13 4 12 4 12 3 12 2 11 2 12 1 12 1 12 1 12 1 12 2 12 2 12 3 13 10 4 13 10 5 8 5 7 6 6 6 4 6 2 6 0 0 0 0 0 0 0 0 0 0 0 0 0 0 0 0 0 0 0 0 0 0 13 9 13 13 10 12 13 10 12 13 10 11 11 11 12 11 12 11 12 11 12 11 12 11 12 11 11 12 11 12 11 12 13 10 12 13 10 13 13 10 13 9 14 9 15 8 16 8 16 8]
,,,-80,0,0,0,0,0,0,0,0,0,0,-92,0,6,1722359581164,0,0,0,0,1722359581164,124,[16 -10 17 -10 15 -10 15 -9 14 -9 13 -9 12 -9 11 -10 13 10 -10 13 10 -10 13 10 -11 13 10 -10 13 10 -11 9 -10 13 10 -11 13 10 -10 11 -10 11 -9 11 -8 12 -7 12 -5 11 -4 11 -2 13 10 -1 13 10 0 0 0 0 0 0 0 0 0 0 0 0 0 0 0 0 0 0 0 0 0 0 0 14 -5 15 -4 14 -3 15 -3 14 -2 15 -2 15 -1 15 -2 15 -2 15 -2 15 -2 15 -2 15 -3 15 -3 15 -4 14 -4 15 -6 14 -6 16 -8 15 -8 15 -9 16]
,,,-80,0,0,0,0,0,0,0,0,0,0,-92,0,6,1722359581185,0,0,0,0,1722359581185,124,[-2 20 -2 21 -1 19 -1 18 0 17 0 16 0 15 1 15 2 14 2 14 2 13 3 13 3 14 3 13 4 14 3 13 3 14 2 14 1 13 0 13 -1 12 -2 11 -3 11 -4 13 10 -6 9 0 0 0 0 0 0 0 0 0 0 0 0 0 0 0 0 0 0 0 0 0 0 0 15 -1 16 -2 15 -3 16 -3 15 -4 17 -4 17 -4 17 -4 17 -5 16 -5 17 -5 17 -5 17 -4 17 -4 17 -4 17 -3 18 -2 18 -2 20 -1 19 0 20 0 21 0 20 0 22 0 22 0]
,,,-80,0,0,0,0,0,0,0,0,0,0,-92,0,6,1722359581202,0,0,0,0,1722359581202,124,[-4 23 -4 23 -4 21 -4 20 -3 19 -2 18 -2 17 -1 17 -1 16 0 16 0 15 0 14 0 14 1 15 1 15 1 14 0 15 0 15 -1 13 -3 14 -3 12 -5 11 -6 13 10 -6 9 -7 8 0 0 0 0 0 0 0 0 0 0 0 0 0 0 0 0 0 0 0 0 0 0 -2 16 -4 16 -4 15 -5 16 -5 16 -6 17 -6 17 -6 17 -6 18 -7 17 -7 18 -7 18 -7 18 -7 18 -6 19 -5 19 -5 20 -4 20 -4 21 -4 22 -3 22 -2 23 -3 23 -4 25 -4 24 -4]
,,,-80,0,0,0,0,0,0,0,0,0,0,-92,0,6,1722359581223,0,0,0,0,1722359581223,124,[5 -24 5 -23 5 -23 5 -21 4 -20 3 -20 2 -19 2 -18 1 -18 1 -18 0 -17 0 -17 0 -17 0 -17 0 -17 1 -17 1 -16 2 -16 3 -15 4 -15 5 -13 5 -12 6 -10 6 -9 7 -8 0 0 0 0 0 0 0 0 0 0 0 0 0 0 0 0 0 0 0 0 0 0 3 -16 4 -16 5 -16 5 -16 5 -16 6 -16 6 -17 7 -17 7 -17 7 -18 8 -18 7 -18 7 -19 7 -19 7 -19 6 -20 6 -20 5 -21 5 -21 5 -22 4 -23 4 -23 4 -24 4 -25 4 -25 5 -25]
,,,-80,0,0,0,0,0,0,0,0,0,0,-92,0,6,1722359581242,0,0,0,0,1722359581242,124,[15 15 14 15 14 14 14 14 13 13 12 12 12 11 12 13 10 12 9 13 8 12 8 12 7 13 7 13 7 12 7 12 8 12 8 13 10 9 9 9 8 9 7 9 6 9 5 9 4 8 2 8 0 0 0 0 0 0 0 0 0 0 0 0 0 0 0 0 0 0 0 0 0 0 13 13 10 12 11 11 11 11 12 11 13 11 14 13 10 15 13 10 15 13 10 15 13 10 15 13 10 15 13 10 15 11 15 11 15 11 14 12 14 12 14 13 14 14 14 14 14 14 14 15]
,,,-80,0,0,0,0,0,0,0,0,0,0,-92,0,6,1722359581263,0,0,0,0,1722359581263,124,[-23 4 -23 4 -21 4 -21 3 -19 4 -19 4 -17 4 -17 4 -16 5 -15 6 -15 6 -14 6 -14 6 -14 6 -14 6 -14 6 -14 5 -14 4 -13 3 -13 2 -12 1 -12 0 -11 -1 -9 -1 -8 -2 0 0 0 0 0 0 0 0 0 0 0 0 0 0 0 0 0 0 0 0 0 0 -18 5 -19 3 -19 2 -20 2 -19 1 -20 0 -20 0 -21 -1 -21 -1 -21 -2 -21 -1 -21 -1 -20 -1 -21 -1 -20 0 -20 1 -21 1 -20 2 -21 3 -21 3 -22 4 -22 4 -22 5 -23 6 -24 6 -24 6]
,,,-80,0,0,0,0,0,0,0,0,0,0,-92,0,6,1722359581286,0,0,0,0,1722359581286,124,[19 -10 19 -9 18 -9 17 -8 16 -8 15 -8 15 -8 13 -9 13 -9 12 -9 12 -9 12 -9 12 -9 11 -9 11 -9 11 -8 11 -8 11 -7 11 -6 11 -5 11 -4 13 10 -2 13 10 -1 8 0 8 1 0 0 0 0 0 0 0 0 0 0 0 0 0 0 0 0 0 0 0 0 0 0 13 -7 14 -6 14 -5 14 -4 14 -5 15 -4 15 -4 15 -4 16 -4 16 -4 16 -4 16 -4 16 -5 16 -5 16 -6 16 -6 16 -7 16 -8 17 -8 17 -9 17 -10 18 -10 18 -10 19 -11 19 -11]
,,,-80,0,0,0,0,0,0,0,0,0,0,-92,0,6,1722359581305,0,0,0,0,1722359581305,124,[19 15 19 15 18 14 17 14 17 12 16 11 16 13 10 16 13 10 15 9 16 8 15 7 15 7 15 7 15 7 15 7 15 8 14 8 13 8 12 8 11 9 9 9 8 13 10 6 13 10 4 9 3 8 0 0 0 0 0 0 0 0 0 0 0 0 0 0 0 0 0 0 0 0 0 0 13 13 10 12 12 12 12 12 12 11 13 12 13 12 13 12 14 12 14 12 14 12 14 13 14 13 14 13 14 14 14 14 14 15 14 16 13 17 14 18 13 19 13 20 13 20 13 21]
,,,-80,0,0,0,0,0,0,0,0,0,0,-92,0,6,1722359581321,0,0,0,0,1722359581321,124,[-23 -4 -22 -4 -22 -3 -21 -3 -20 -2 -19 -2 -19 -2 -18 -1 -18 -1 -18 0 -17 0 -17 0 -17 0 -17 1 -17 1 -17 0 -16 -1 -16 -1 -15 -2 -15 -3 -13 -4 -12 -4 -11 -5 -9 -5 -9 -6 0 0 0 0 0 0 0 0 0 0 0 0 0 0 0 0 0 0 0 0 0 0 -16 -3 -16 -5 -16 -5 -15 -6 -15 -6 -15 -7 -16 -7 -16 -7 -16 -7 -16 -7 -16 -7 -16 -7 -17 -7 -17 -6 -17 -6 -18 -6 -19 -5 -19 -5 -20 -4 -20 -4 -21 -3 -21 -3 -22 -2 -23 -3 -24 -3 -24 -3]
,,,-80,0,0,0,0,0,0,0,0,0,0,-92,0,6,1722359581355,0,0,0,0,1722359581355,124,[-15 -20 -15 -19 -14 -18 -13 -17 -13 -16 -13 -15 -13 -14 -13 -13 -13 -12 -13 -12 -13 -11 -13 -10 -13 -10 -13 -10 -13 -10 -13 -10 -12 -10 -11 -11 -10 -11 -10 -11 -8 -11 -7 -10 -6 -10 -5 -9 -3 -9 0 0 0 0 0 0 0 0 0 0 0 0 0 0 0 0 0 0 0 0 0 0 -13 -13 -12 -14 -11 -15 -11 -15 -11 -16 -11 -17 -10 -17 -10 -19 -10 -19 -10 -19 -10 -20 -10 -19 -10 -19 -10 -19 -11 -19 -11 -19 -12 -19 -12 -19 -13 -19 -14 -19 -14 -19 -15 -19 -15 -19 -16 -20 -17 -20 -16 -20]
,,,-80,0,0,0,0,0,0,0,0,0,0,-92,0,6,1722359581367,0,0,0,0,1722359581367,124,[6 22 5 22 5 21 5 20 5 18 5 17 6 16 6 15 6 14 7 14 7 13 7 13 7 13 7 12 7 12 7 12 7 12 6 12 5 12 4 11 2 13 10 2 9 1 9 0 8 -1 7 0 0 0 0 0 0 0 0 0 0 0 0 0 0 0 0 0 0 0 0 0 0 7 15 6 16 5 16 5 17 4 17 4 19 4 19 4 19 2 20 2 20 2 21 2 20 3 21 2 20 3 21 3 21 4 21 4 20 5 22 6 22 6 22 7 22 7 22 7 23 7 23 8]
,,,-80,0,0,0,0,0,0,0,0,0,0,-92,0,6,1722359581382,0,0,0,0,1722359581382,124,[0 -25 1 -24 1 -23 1 -21 0 -20 0 -19 -1 -18 -2 -17 -2 -17 -3 -17 -4 -16 -4 -16 -4 -16 -4 -16 -4 -15 -4 -15 -3 -15 -2 -14 -1 -14 0 -13 0 -12 1 -11 1 -10 2 -8 2 -7 0 0 0 0 0 0 0 0 0 0 0 0 0 0 0 0 0 0 0 0 0 0 -3 -16 -1 -16 -1 -17 0 -17 0 -17 0 -18 1 -18 1 -19 2 -19 2 -20 2 -20 2 -20 2 -20 2 -20 1 -20 1 -21 0 -21 0 -21 -1 -22 -1 -23 -1 -23 -2 -24 -2 -25 -2 -26 -2 -26 -1 -27]
,,,-80,0,0,0,0,0,0,0,0,0,0,-92,0,6,1722359581403,0,0,0,0,1722359581403,124,[22 -12 22 -11 20 -10 20 -10 18 -10 17 -10 16 -10 14 -10 14 -10 14 -11 13 -11 12 -11 12 -10 12 -11 12 -11 12 -10 12 -9 12 -9 12 -7 11 -6 13 10 -5 9 -4 8 -3 7 -3 6 -2 0 0 0 0 0 0 0 0 0 0 0 0 0 0 0 0 0 0 0 0 0 0 11 -8 11 -7 12 -7 13 -7 13 -7 14 -7 15 -7 15 -7 16 -7 17 -7 17 -7 17 -7 17 -7 17 -7 17 -8 18 -9 17 -9 18 -10 19 -11 19 -12 19 -12 19 -13 20 -13 22 -14 22 -13 23]
,,,-80,0,0,0,0,0,0,0,0,0,0,-92,0,6,1722359581422,0,0,0,0,1722359581422,124,[19 -13 19 -12 18 -12 17 -11 15 -11 15 -11 14 -11 12 -11 12 -12 11 -12 11 -12 13 10 -12 13 10 -12 13 10 -12 13 10 -12 11 -11 13 10 -10 11 -9 13 10 -8 13 10 -7 9 -6 9 -4 8 -4 7 -3 6 -2 0 0 0 0 0 0 0 0 0 0 0 0 0 0 0 0 0 0 0 0 0 0 9 -10 13 10 -9 13 10 -9 11 -9 11 -9 12 -9 13 -9 14 -9 15 -9 15 -9 15 -9 16 -9 16 -9 16 -10 16 -10 16 -10 17 -11 17 -11 17 -12 17 -12 17 -13 18]
,,,-80,0,0,0,0,0,0,0,0,0,0,-92,0,6,1722359581442,0,0,0,0,1722359581442,124,[15 22 15 23 14 19 14 19 13 18 13 16 13 15 13 14 13 13 14 12 13 11 14 11 14 11 13 11 13 11 12 11 12 11 11 12 13 10 11 9 11 7 11 6 13 10 5 13 10 3 9 2 8 0 0 0 0 0 0 0 0 0 0 0 0 0 0 0 0 0 0 0 0 0 0 12 11 12 12 11 13 11 14 11 14 12 16 11 17 11 18 11 18 11 19 11 20 11 20 11 20 11 20 12 20 12 20 13 21 13 19 14 21 15 20 15 20 16 21 16 20 18 21 18]
,,,-80,0,0,0,0,0,0,0,0,0,0,-92,0,6,1722359581463,0,0,0,0,1722359581463,124,[6 24 6 24 5 22 5 22 5 20 5 19 5 18 6 17 6 16 6 15 6 14 6 14 6 14 6 14 6 13 5 13 5 13 4 13 3 12 2 11 1 13 10 1 13 10 0 9 -1 8 -2 7 0 0 0 0 0 0 0 0 0 0 0 0 0 0 0 0 0 0 0 0 0 0 6 14 5 15 4 15 4 16 3 16 3 17 3 18 2 18 2 19 2 19 2 20 2 19 3 20 3 19 3 20 4 20 4 20 5 20 6 21 6 21 7 22 8 22 8 23 9 24 9 24]
,,,-80,0,0,0,0,0,0,0,0,0,0,-92,0,6,1722359581482,0,0,0,0,1722359581482,124,[-16 20 -16 19 -15 18 -14 17 -14 16 -13 16 -12 15 -11 14 -10 14 -9 15 -9 14 -8 14 -8 14 -8 13 -8 13 -8 12 -8 12 -9 11 -9 13 10 -9 9 -9 7 -8 6 -8 5 -8 4 -7 3 0 0 0 0 0 0 0 0 0 0 0 0 0 0 0 0 0 0 0 0 0 0 -8 14 -10 13 -11 13 -11 13 -12 13 -12 12 -13 13 -14 12 -14 13 -14 13 -14 13 -14 13 -14 13 -13 14 -13 14 -14 15 -13 15 -13 16 -13 17 -13 18 -13 18 -13 19 -13 21 -13 21 -13 22 -14]
,,,-80,0,0,0,0,0,0,0,0,0,0,-92,0,6,1722359581503,0,0,0,0,1722359581503,124,[22 -10 21 -9 20 -9 19 -9 18 -9 17 -9 16 -9 15 -9 14 -9 14 -10 13 -10 13 -10 13 -10 12 -10 12 -10 12 -9 12 -9 12 -8 11 -6 11 -5 11 -4 13 10 -4 9 -3 8 -2 7 -2 0 0 0 0 0 0 0 0 0 0 0 0 0 0 0 0 0 0 0 0 0 0 14 -8 15 -7 15 -6 16 -6 16 -5 16 -5 17 -4 17 -4 17 -4 17 -4 18 -4 17 -4 17 -5 17 -5 17 -6 17 -7 18 -7 18 -8 19 -9 19 -9 19 -10 20 -11 20 -11 21 -12 21 -12 22]
,,,-80,0,0,0,0,0,0,0,0,0,0,-92,0,6,1722359581522,0,0,0,0,1722359581522,124,[21 5 20 6 19 5 18 5 17 4 16 4 16 3 15 2 15 2 15 1 14 0 14 1 14 0 14 1 13 1 13 1 12 1 12 2 11 2 13 10 2 9 3 8 3 7 2 6 2 6 2 0 0 0 0 0 0 0 0 0 0 0 0 0 0 0 0 0 0 0 0 0 0 15 -1 15 1 16 1 15 2 16 3 16 4 16 4 16 4 16 5 17 5 16 5 16 4 17 4 17 4 17 4 18 4 18 4 18 3 19 3 19 3 20 3 21 3 21 3 22 3 23 3 22]
,,,-80,0,0,0,0,0,0,0,0,0,0,-92,0,6,1722359581543,0,0,0,0,1722359581543,124,[-7 -21 -6 -22 -6 -20 -6 -19 -7 -18 -6 -17 -6 -16 -7 -15 -7 -15 -7 -14 -7 -13 -7 -13 -7 -13 -7 -12 -6 -12 -6 -12 -5 -11 -4 -11 -3 -10 -3 -9 -3 -8 -3 -6 -2 -5 -3 -5 -3 -4 0 0 0 0 0 0 0 0 0 0 0 0 0 0 0 0 0 0 0 0 0 0 -8 -14 -7 -15 -6 -15 -6 -15 -5 -15 -5 -16 -5 -17 -5 -17 -4 -17 -4 -17 -5 -18 -4 -18 -5 -18 -5 -18 -6 -18 -6 -19 -7 -19 -7 -18 -8 -19 -8 -19 -9 -20 -10 -20 -9 -21 -10 -22 -10 -22 -9 -23]
,,,-80,0,0,0,0,0,0,0,0,0,0,-92,0,6,1722359581565,0,0,0,0,1722359581565,124,[18 -11 18 -11 16 -10 16 -9 14 -10 14 -10 13 -10 12 -10 11 -10 11 -11 13 10 -10 13 10 -10 13 10 -10 13 10 -10 9 -10 13 10 -8 9 -8 9 -7 8 -6 8 -5 7 -4 6 -3 5 -3 4 -3 3 -3 0 0 0 0 0 0 0 0 0 0 0 0 0 0 0 0 0 0 0 0 0 0 12 -11 13 -10 13 -10 13 -10 14 -9 15 -9 16 -9 16 -8 16 -8 16 -8 17 -8 16 -8 17 -8 17 -9 16 -9 17 -9 17 -10 16 -11 17 -11 17 -12 17 -12 18 -13 18 -13 19]
,,,-80,0,0,0,0,0,0,0,0,0,0,-92,0,6,1722359581582,0,0,0,0,1722359581582,124,[-22 0 -21 0 -20 1 -19 1 -18 2 -17 2 -16 3 -15 3 -14 4 -14 4 -14 5 -13 5 -14 5 -13 5 -13 5 -13 4 -13 4 -13 3 -11 2 -11 2 -10 0 -9 0 -8 0 -6 0 -6 0 0 0 0 0 0 0 0 0 0 0 0 0 0 0 0 0 0 0 0 0 0 0 -17 6 -18 5 -18 4 -19 3 -19 2 -20 2 -20 1 -21 1 -21 0 -22 0 -22 0 -21 0 -21 0 -22 0 -22 0 -22 0 -23 0 -22 1 -23 1 -23 2 -24 2 -24 2 -24 3 -25 2 -25 3 -25 3]
,,,-80,0,0,0,0,0,0,0,0,0,0,-92,0,6,1722359581601,0,0,0,0,1722359581601,124,[7 20 7 19 7 18 6 16 7 15 6 14 7 12 7 11 8 13 10 9 9 9 9 9 8 13 10 8 13 10 8 13 10 8 9 8 9 8 8 8 7 8 6 8 5 7 4 7 3 6 3 6 2 5 0 0 0 0 0 0 0 0 0 0 0 0 0 0 0 0 0 0 0 0 0 0 13 10 15 9 16 8 17 8 17 7 18 7 19 6 20 6 20 5 21 5 21 5 22 5 21 5 21 6 21 5 21 6 22 6 21 7 21 7 22 8 22 9 22 9 22 9 22 13]
,,,-80,0,0,0,0,0,0,0,0,0,0,-92,0,6,1722359581623,0,0,0,0,1722359581623,124,[5 -25 6 -25 5 -23 5 -21 3 -20 3 -19 2 -18 1 -17 0 -17 -1 -17 -1 -16 -2 -17 -2 -16 -2 -16 -2 -16 -1 -15 -1 -15 -1 -14 0 -13 0 -12 1 -11 1 -9 1 -8 1 -8 1 -7 0 0 0 0 0 0 0 0 0 0 0 0 0 0 0 0 0 0 0 0 0 0 -1 -21 1 -22 2 -22 3 -22 4 -22 5 -23 6 -22 6 -24 8 -23 7 -23 8 -24 8 -23 7 -24 8 -23 7 -23 7 -23 7 -24 6 -23 6 -25 5 -24 4 -25 4 -26 3 -26 3 -28 4 -27 4 -28]
,,,-80,0,0,0,0,0,0,0,0,0,0,-92,0,6,1722359581642,0,0,0,0,1722359581642,124,[28 5 27 5 25 5 24 4 23 4 22 3 21 2 20 1 20 0 19 -1 18 -1 18 -1 18 -1 17 -2 17 -1 16 0 16 0 15 0 13 1 12 1 11 2 13 10 2 9 2 7 1 6 1 0 0 0 0 0 0 0 0 0 0 0 0 0 0 0 0 0 0 0 0 0 0 20 -1 21 1 21 1 21 2 22 3 22 4 23 5 23 6 24 6 23 7 24 8 23 7 24 7 24 7 24 7 24 6 25 5 24 5 25 4 25 3 26 3 28 2 28 2 29 2 30 2 30]
,,,-80,0,0,0,0,0,0,0,0,0,0,-92,0,6,1722359581663,0,0,0,0,1722359581663,124,[-10 18 -10 18 -9 16 -9 16 -8 15 -7 14 -6 14 -5 13 -5 12 -4 13 -4 12 -4 12 -3 12 -3 12 -2 12 -3 11 -3 12 -4 11 -3 13 10 -4 9 -4 8 -4 6 -4 6 -3 5 -3 5 0 0 0 0 0 0 0 0 0 0 0 0 0 0 0 0 0 0 0 0 0 0 -4 15 -5 15 -6 14 -7 15 -7 14 -8 15 -9 16 -9 16 -10 16 -10 15 -11 16 -11 16 -11 16 -11 15 -10 15 -10 15 -10 16 -9 16 -10 18 -9 17 -8 18 -8 19 -8 18 -8 20 -9 20 -9]
,,,-80,0,0,0,0,0,0,0,0,0,0,-92,0,6,1722359581683,0,0,0,0,1722359581683,124,[-4 -20 -4 -20 -4 -18 -4 -17 -4 -16 -5 -15 -5 -14 -6 -13 -6 -13 -7 -13 -7 -13 -8 -13 -8 -13 -8 -13 -8 -13 -7 -13 -6 -13 -5 -13 -4 -12 -4 -12 -3 -11 -2 -9 -2 -9 -1 -8 -1 -8 0 0 0 0 0 0 0 0 0 0 0 0 0 0 0 0 0 0 0 0 0 0 -7 -14 -5 -16 -5 -15 -5 -16 -4 -15 -4 -17 -3 -17 -3 -18 -2 -18 -2 -18 -2 -19 -1 -19 -1 -19 -2 -18 -2 -18 -3 -18 -4 -18 -4 -18 -4 -19 -5 -18 -5 -19 -6 -19 -6 -20 -6 -21 -6 -21 -6 -22]
,,,-80,0,0,0,0,0,0,0,0,0,0,-92,0,6,1722359581703,0,0,0,0,1722359581703,124,[16 -16 15 -15 13 -14 13 -14 11 -14 13 10 -14 9 -14 8 -14 7 -14 6 -15 6 -15 6 -15 6 -16 6 -15 7 -16 7 -14 8 -14 8 -13 8 -12 9 -11 8 -9 7 -8 7 -7 6 -6 6 -5 0 0 0 0 0 0 0 0 0 0 0 0 0 0 0 0 0 0 0 0 0 0 8 -14 9 -13 13 10 -13 11 -12 11 -12 12 -12 12 -12 13 -12 13 -12 14 -12 14 -12 14 -13 14 -13 14 -12 14 -13 14 -13 14 -14 14 -14 14 -15 14 -15 14 -16 14 -17 13 -18 15 -18 15 -19]
,,,-80,0,0,0,0,0,0,0,0,0,0,-92,0,6,1722359581722,0,0,0,0,1722359581722,124,[0 -20 1 -20 0 -19 0 -18 -1 -17 -2 -16 -2 -15 -3 -14 -4 -14 -4 -14 -5 -14 -6 -14 -6 -15 -6 -14 -6 -15 -5 -15 -4 -16 -3 -15 -3 -14 -2 -13 -1 -12 0 -11 0 -10 1 -10 1 -9 0 0 0 0 0 0 0 0 0 0 0 0 0 0 0 0 0 0 0 0 0 0 -3 -15 -2 -16 -1 -15 0 -16 0 -16 0 -17 1 -17 1 -17 2 -17 3 -17 3 -18 3 -17 3 -17 2 -17 2 -17 1 -17 1 -18 0 -18 0 -19 0 -19 -1 -19 -1 -20 -1 -20 -1 -22 -1 -22 -1 -22]
,,,-80,0,0,0,0,0,0,0,0,0,0,-92,0,6,1722359581741,0,0,0,0,1722359581741,124,[2 -22 2 -21 1 -19 1 -18 1 -17 0 -16 -1 -16 -3 -15 -4 -15 -5 -16 -5 -15 -5 -15 -5 -16 -5 -16 -5 -16 -4 -16 -4 -16 -2 -16 -1 -14 -1 -14 0 -13 0 -12 0 -11 1 -10 1 -10 0 0 0 0 0 0 0 0 0 0 0 0 0 0 0 0 0 0 0 0 0 0 -3 -16 -2 -16 -1 -16 -1 -16 0 -16 0 -17 1 -18 1 -18 2 -18 2 -18 2 -19 2 -19 2 -19 2 -19 2 -19 2 -19 1 -20 1 -20 1 -21 0 -21 0 -22 -1 -22 -1 -23 -1 -24 0 -24 1 -24]
,,,-80,0,0,0,0,0,0,0,0,0,0,-92,0,6,1722359581784,0,0,0,0,1722359581784,124,[0 -22 0 -21 0 -19 0 -18 -1 -17 -2 -16 -3 -15 -3 -14 -4 -14 -5 -14 -5 -13 -6 -13 -6 -13 -6 -13 -6 -13 -6 -13 -5 -13 -5 -13 -4 -12 -4 -12 -3 -11 -3 -10 -3 -9 -2 -9 -2 -9 0 0 0 0 0 0 0 0 0 0 0 0 0 0 0 0 0 0 0 0 0 0 -5 -13 -4 -13 -4 -14 -4 -14 -4 -15 -3 -16 -3 -17 -2 -17 -2 -18 -1 -18 -1 -18 -1 -18 0 -18 0 -18 -1 -18 -1 -19 -2 -19 -2 -19 -3 -20 -3 -20 -4 -21 -4 -21 -4 -22 -4 -23 -3 -23 -2 -24]
,,,-80,0,0,0,0,0,0,0,0,0,0,-92,0,6,1722359581797,0,0,0,0,1722359581797,124,[-12 16 -12 16 -10 15 -10 14 -9 14 -8 13 -6 12 -6 12 -5 12 -4 13 -3 13 -3 13 -3 13 -3 13 -3 14 -3 13 -3 13 -4 13 -4 11 -5 11 -5 9 -5 8 -4 8 -4 7 -4 7 0 0 0 0 0 0 0 0 0 0 0 0 0 0 0 0 0 0 0 0 0 0 -2 12 -3 12 -4 12 -5 12 -5 12 -6 13 -7 14 -7 14 -8 14 -8 14 -8 15 -9 14 -9 14 -9 14 -9 15 -9 15 -9 15 -8 15 -9 16 -8 17 -8 17 -8 18 -8 19 -9 20 -9 20 -10 20]
,,,-80,0,0,0,0,0,0,0,0,0,0,-92,0,6,1722359581810,0,0,0,0,1722359581810,124,[18 12 17 13 16 11 15 13 10 15 9 15 8 15 7 14 6 15 5 15 4 15 4 16 4 16 4 16 4 16 4 16 5 15 5 14 6 13 6 12 7 11 7 13 10 6 9 7 8 6 7 6 0 0 0 0 0 0 0 0 0 0 0 0 0 0 0 0 0 0 0 0 0 0 12 4 12 5 12 6 12 6 12 6 13 7 13 8 13 9 13 9 14 13 10 14 13 10 13 13 10 14 11 14 13 10 14 13 10 14 13 10 15 13 10 15 13 10 16 13 10 16 9 18]
,,,-80,0,0,0,0,0,0,0,0,0,0,-92,0,6,1722359581824,0,0,0,0,1722359581824,124,[-21 2 -21 2 -19 3 -18 2 -17 3 -17 3 -16 4 -16 5 -15 6 -15 6 -15 6 -15 7 -15 7 -15 7 -15 6 -15 6 -15 5 -15 4 -14 3 -14 2 -13 1 -12 1 -11 0 -10 0 -10 -1 0 0 0 0 0 0 0 0 0 0 0 0 0 0 0 0 0 0 0 0 0 0 -12 4 -13 3 -13 2 -13 2 -14 2 -14 1 -15 2 -15 1 -16 1 -16 0 -17 1 -17 1 -17 1 -17 1 -17 1 -18 1 -18 2 -18 2 -18 3 -18 3 -19 4 -20 5 -20 5 -21 5 -22 5 -22 5]
,,,-80,0,0,0,0,0,0,0,0,0,0,-92,0,6,1722359581842,0,0,0,0,1722359581842,124,[-7 22 -8 21 -6 20 -6 19 -5 19 -4 18 -3 17 -2 17 -1 16 -1 17 -1 17 0 17 0 17 0 17 -1 17 -1 16 -1 17 -2 16 -3 14 -3 14 -3 12 -4 11 -4 13 10 -4 9 -5 8 0 0 0 0 0 0 0 0 0 0 0 0 0 0 0 0 0 0 0 0 0 0 -2 13 -4 13 -4 13 -5 14 -5 14 -5 14 -6 15 -7 15 -7 15 -7 15 -7 16 -7 16 -7 16 -7 17 -7 17 -7 17 -7 18 -6 18 -5 19 -4 20 -4 21 -4 22 -5 23 -5 24 -6 24 -7]
,,,-80,0,0,0,0,0,0,0,0,0,0,-92,0,6,1722359581862,0,0,0,0,1722359581862,124,[21 -5 21 -4 19 -4 19 -4 17 -4 16 -5 15 -5 14 -6 13 -7 13 -8 13 -8 13 -9 13 -9 13 -8 13 -8 13 -8 13 -7 13 -6 12 -5 12 -4 11 -3 13 10 -3 9 -2 8 -2 8 -2 0 0 0 0 0 0 0 0 0 0 0 0 0 0 0 0 0 0 0 0 0 0 12 -7 12 -6 13 -5 13 -5 14 -5 15 -5 16 -4 16 -4 17 -3 17 -3 17 -3 17 -3 18 -3 18 -4 18 -4 18 -4 19 -5 18 -5 19 -6 19 -6 20 -7 20 -7 21 -8 22 -8 23 -8 23]
,,,-80,0,0,0,0,0,0,0,0,0,0,-92,0,6,1722359581886,0,0,0,0,1722359581886,124,[-9 31 -9 31 -8 28 -7 27 -6 26 -5 24 -3 23 -2 23 0 22 1 22 2 22 3 22 2 23 3 22 3 23 2 23 1 23 0 22 0 20 -2 20 -3 17 -3 16 -4 15 -4 14 -4 13 0 0 0 0 0 0 0 0 0 0 0 0 0 0 0 0 0 0 0 0 0 0 -1 24 -4 24 -5 23 -6 25 -6 24 -8 26 -8 26 -10 26 -10 27 -11 26 -11 27 -12 27 -12 27 -12 27 -11 27 -10 27 -10 28 -9 27 -9 29 -8 29 -7 30 -7 31 -6 31 -6 33 -6 34 -7 35]
,,,-80,0,0,0,0,0,0,0,0,0,0,-92,0,6,1722359581902,0,0,0,0,1722359581902,124,[-15 -16 -14 -15 -13 -14 -13 -13 -13 -12 -13 -11 -13 -10 -13 -9 -14 -8 -14 -7 -14 -7 -15 -6 -15 -6 -15 -6 -16 -7 -15 -7 -15 -8 -14 -9 -13 -9 -12 -9 -11 -9 -10 -9 -9 -9 -7 -9 -6 -9 0 0 0 0 0 0 0 0 0 0 0 0 0 0 0 0 0 0 0 0 0 0 -14 -12 -13 -13 -13 -14 -12 -14 -12 -15 -11 -16 -11 -16 -11 -17 -10 -17 -10 -18 -10 -18 -10 -18 -10 -17 -10 -17 -10 -17 -11 -17 -11 -17 -11 -16 -12 -16 -12 -15 -13 -15 -14 -15 -15 -15 -16 -15 -16 -15 -16 -16]
,,,-80,0,0,0,0,0,0,0,0,0,0,-92,0,6,1722359581921,0,0,0,0,1722359581921,124,[-9 -20 -9 -20 -8 -18 -8 -18 -9 -16 -9 -15 -9 -14 -10 -13 -10 -13 -11 -12 -11 -12 -12 -11 -13 -11 -12 -12 -13 -12 -12 -12 -12 -13 -11 -13 -10 -13 -9 -13 -7 -12 -6 -12 -5 -11 -4 -11 -3 -10 0 0 0 0 0 0 0 0 0 0 0 0 0 0 0 0 0 0 0 0 0 0 -10 -16 -8 -17 -7 -17 -7 -18 -6 -18 -6 -19 -6 -19 -5 -19 -4 -19 -5 -19 -4 -20 -4 -20 -5 -20 -4 -19 -5 -19 -6 -19 -6 -19 -7 -19 -7 -19 -8 -19 -9 -19 -10 -19 -11 -19 -11 -20 -11 -21 -11 -21]
,,,-80,0,0,0,0,0,0,0,0,0,0,-92,0,6,1722359581945,0,0,0,0,1722359581945,124,[-22 -4 -21 -4 -19 -3 -19 -3 -18 -2 -17 -2 -17 -1 -16 1 -16 1 -16 3 -16 3 -16 3 -17 3 -17 4 -17 4 -17 2 -17 2 -17 1 -16 -1 -16 -1 -14 -3 -13 -3 -12 -3 -11 -3 -10 -4 0 0 0 0 0 0 0 0 0 0 0 0 0 0 0 0 0 0 0 0 0 0 -17 -3 -16 -4 -16 -5 -16 -5 -15 -5 -16 -6 -16 -6 -16 -7 -16 -7 -17 -7 -17 -7 -17 -7 -17 -6 -17 -6 -17 -6 -18 -6 -18 -5 -18 -5 -19 -4 -19 -4 -19 -3 -20 -3 -21 -2 -22 -2 -23 -2 -23 -2]
,,,-80,0,0,0,0,0,0,0,0,0,0,-92,0,6,1722359581963,0,0,0,0,1722359581963,124,[-9 21 -9 20 -9 19 -7 17 -7 17 -6 16 -5 16 -4 15 -3 16 -2 16 -2 16 -1 17 -1 17 -1 18 -1 18 -3 18 -3 17 -4 17 -5 15 -5 15 -6 13 -7 11 -7 13 10 -7 9 -7 9 0 0 0 0 0 0 0 0 0 0 0 0 0 0 0 0 0 0 0 0 0 0 -5 15 -6 14 -7 14 -7 14 -8 13 -8 13 -8 14 -8 14 -8 14 -9 14 -9 15 -9 15 -9 15 -9 15 -8 15 -8 16 -8 16 -7 17 -7 18 -6 18 -6 19 -5 20 -6 21 -6 22 -7 23 -8]
,,,-80,0,0,0,0,0,0,0,0,0,0,-92,0,6,1722359581982,0,0,0,0,1722359581982,124,[24 8 22 8 21 8 19 7 19 6 18 4 18 4 17 2 17 1 17 0 17 0 17 -1 18 -1 19 -2 19 -1 19 0 19 1 18 2 17 2 16 4 14 5 13 5 11 6 13 10 5 9 5 0 0 0 0 0 0 0 0 0 0 0 0 0 0 0 0 0 0 0 0 0 0 17 4 16 6 16 7 16 7 16 8 16 8 16 9 16 9 16 13 10 16 13 10 16 11 16 13 10 16 13 10 16 13 10 16 8 17 8 17 7 18 7 19 6 20 5 21 5 22 4 23 5]
,,,-80,0,0,0,0,0,0,0,0,0,0,-92,0,6,1722359582004,0,0,0,0,1722359582004,124,[-1 -21 -1 -20 -1 -19 -1 -17 -1 -16 -2 -15 -3 -14 -4 -12 -5 -12 -6 -12 -7 -12 -8 -12 -8 -12 -9 -12 -8 -13 -8 -12 -7 -14 -8 -14 -6 -13 -5 -13 -3 -12 -3 -12 -2 -11 -1 -10 0 -9 0 0 0 0 0 0 0 0 0 0 0 0 0 0 0 0 0 0 0 0 0 0 -3 -19 -1 -19 0 -19 1 -19 2 -19 3 -19 3 -19 4 -19 4 -18 4 -18 5 -19 4 -18 4 -18 4 -18 3 -17 3 -17 1 -17 1 -17 0 -18 -1 -18 -2 -19 -2 -19 -3 -20 -3 -21 -3 -22 -3 -22]
,,,-80,0,0,0,0,0,0,0,0,0,0,-92,0,6,1722359582023,0,0,0,0,1722359582023,124,[-26 -1 -26 -1 -23 -1 -22 -1 -21 1 -19 1 -18 2 -16 4 -16 5 -15 7 -14 8 -15 9 -16 9 -16 13 10 -17 11 -17 13 10 -18 13 10 -18 8 -18 6 -18 5 -17 3 -16 2 -15 1 -13 0 -12 0 0 0 0 0 0 0 0 0 0 0 0 0 0 0 0 0 0 0 0 0 0 0 -26 1 -26 -2 -26 -3 -25 -5 -25 -5 -25 -6 -25 -8 -25 -8 -24 -9 -24 -9 -25 -8 -23 -8 -23 -8 -23 -7 -22 -6 -23 -5 -23 -4 -23 -3 -24 -3 -24 -1 -24 0 -25 1 -26 1 -28 2 -28]
,,,-80,0,0,0,0,0,0,0,0,0,0,-92,0,6,1722359582043,0,0,0,0,1722359582043,124,[-21 -15 -21 -14 -19 -13 -19 -12 -19 -10 -18 -10 -18 -8 -18 -6 -18 -5 -20 -3 -20 -3 -21 -2 -22 -2 -23 -2 -24 -3 -24 -4 -24 -6 -22 -7 -21 -9 -20 -9 -17 -10 -16 -11 -14 -11 -12 -10 -10 -10 0 0 0 0 0 0 0 0 0 0 0 0 0 0 0 0 0 0 0 0 0 0 -18 -16 -16 -17 -15 -18 -14 -18 -14 -18 -14 -19 -13 -19 -12 -19 -12 -20 -12 -19 -13 -20 -13 -19 -13 -19 -13 -18 -13 -18 -14 -18 -15 -17 -15 -17 -16 -16 -17 -15 -18 -14 -19 -14 -21 -13 -22 -14 -23 -14 -23 -14]
,,,-80,0,0,0,0,0,0,0,0,0,0,-92,0,6,1722359582062,0,0,0,0,1722359582062,124,[9 -33 9 -33 7 -31 6 -30 5 -30 4 -29 2 -28 0 -27 -2 -27 -5 -29 -6 -29 -7 -30 -5 -31 -5 -31 -5 -33 -2 -33 0 -33 1 -32 4 -30 6 -29 7 -25 8 -23 9 -22 9 -20 13 10 -17 0 0 0 0 0 0 0 0 0 0 0 0 0 0 0 0 0 0 0 0 0 0 13 10 -27 13 -26 14 -25 15 -24 14 -24 16 -24 17 -24 18 -24 18 -24 17 -25 17 -25 16 -25 16 -26 16 -25 16 -25 15 -25 14 -26 13 -25 13 -28 11 -28 13 10 -29 9 -30 7 -31 7 -34 6]
,,,-80,0,0,0,0,0,0,0,0,0,0,-92,0,6,1722359582083,0,0,0,0,1722359582083,124,[-20 0 -20 0 -17 0 -17 0 -16 2 -15 2 -15 3 -14 4 -13 5 -14 6 -13 6 -14 7 -14 7 -14 7 -15 8 -15 6 -16 6 -16 5 -15 3 -15 2 -14 1 -13 0 -13 -1 -11 -2 -10 -3 0 0 0 0 0 0 0 0 0 0 0 0 0 0 0 0 0 0 0 0 0 0 -17 0 -17 -2 -17 -3 -17 -3 -16 -4 -17 -4 -17 -4 -17 -5 -17 -5 -17 -5 -17 -5 -17 -5 -17 -5 -17 -5 -17 -4 -16 -4 -17 -3 -17 -2 -18 -2 -18 -1 -18 0 -18 0 -19 1 -20 1 -21 1 -21 2]
,,,-80,0,0,0,0,0,0,0,0,0,0,-92,0,6,1722359582106,0,0,0,0,1722359582106,124,[-32 9 -30 9 -28 9 -27 9 -25 9 -23 9 -22 13 10 -20 12 -19 13 -18 15 -17 15 -17 17 -18 17 -18 18 -18 18 -20 17 -20 16 -21 14 -21 12 -21 13 10 -20 6 -19 4 -18 3 -16 3 -15 1 0 0 0 0 0 0 0 0 0 0 0 0 0 0 0 0 0 0 0 0 0 0 -31 8 -31 4 -32 3 -32 1 -32 0 -32 -1 -33 -3 -32 -4 -32 -4 -32 -4 -31 -4 -31 -3 -30 -3 -29 -2 -29 -1 -29 1 -29 3 -29 3 -29 5 -30 6 -30 7 -30 8 -31 13 10 -32 12 -33]
,,,-80,0,0,0,0,0,0,0,0,0,0,-92,0,6,1722359582122,0,0,0,0,1722359582122,124,[13 10 -27 13 10 -26 8 -25 6 -23 5 -23 4 -22 2 -21 0 -20 -1 -22 -4 -21 -4 -22 -5 -22 -6 -23 -7 -23 -6 -24 -4 -25 -3 -25 -1 -25 1 -23 3 -22 4 -20 5 -17 6 -15 6 -14 6 -12 0 0 0 0 0 0 0 0 0 0 0 0 0 0 0 0 0 0 0 0 0 0 15 -28 17 -25 20 -24 20 -23 21 -23 22 -21 23 -22 23 -20 22 -20 23 -20 22 -19 21 -19 20 -19 19 -19 18 -20 17 -21 15 -21 15 -22 14 -24 13 -24 12 -25 12 -26 11 -27 13 10 -28 13]
,,,-80,0,0,0,0,0,0,0,0,0,0,-92,0,6,1722359582149,0,0,0,0,1722359582149,124,[2 17 2 17 3 15 3 14 4 14 4 12 5 11 6 11 7 13 10 8 13 10 9 13 10 9 13 10 13 10 11 11 11 13 10 12 9 13 9 14 7 14 6 13 4 13 2 12 1 11 0 13 10 -2 9 -2 8 0 0 0 0 0 0 0 0 0 0 0 0 0 0 0 0 0 0 0 0 0 0 1 18 -1 18 -2 17 -2 17 -3 17 -4 18 -4 18 -4 18 -4 18 -4 17 -4 18 -4 18 -4 18 -4 17 -3 17 -3 17 -2 17 -1 17 -1 17 1 17 1 17 2 17 2]
,,,-80,0,0,0,0,0,0,0,0,0,0,-92,0,6,1722359582163,0,0,0,0,1722359582163,124,[-16 16 -17 16 -14 14 -14 15 -11 14 -10 14 -9 14 -7 14 -6 15 -5 16 -4 17 -4 17 -5 19 -4 18 -5 20 -7 19 -8 19 -9 18 -10 16 -12 14 -12 12 -12 9 -13 8 -12 6 -11 4 0 0 0 0 0 0 0 0 0 0 0 0 0 0 0 0 0 0 0 0 0 0 -17 13 -19 12 -18 11 -19 11 -18 13 10 -19 11 -20 11 -20 13 10 -20 11 -20 13 10 -21 13 10 -21 13 10 -21 13 10 -21 13 10 -21 11 -20 11 -20 12 -18 12 -19 14 -18 14 -17 15 -16 16 -16]
,,,-80,0,0,0,0,0,0,0,0,0,0,-92,0,6,1722359582183,0,0,0,0,1722359582183,124,[16 -3 16 -3 13 -4 13 -3 12 -5 11 -5 13 10 -6 9 -7 8 -8 8 -10 8 -9 8 -11 8 -12 9 -12 9 -12 13 10 -11 11 -10 12 -9 11 -8 11 -6 11 -4 13 10 -3 9 -1 8 -1 7 0 0 0 0 0 0 0 0 0 0 0 0 0 0 0 0 0 0 0 0 0 0 0 20 -1 20 1 19 2 19 3 18 3 19 4 18 4 18 4 18 4 18 5 18 5 17 4 17 4 17 4 16 3 16 3 16 2 15 1 15 0 15 -1 16 -2 16 -3 16 -4 17 -5 17]
,,,-80,0,0,0,0,0,0,0,0,0,0,-92,0,6,1722359582207,0,0,0,0,1722359582207,124,[-14 -14 -13 -12 -12 -9 -12 -7 -12 -4 -12 -1 -13 1 -14 4 -15 5 -17 7 -18 8 -19 9 -21 9 -21 9 -22 8 -23 7 -23 5 -22 4 -21 2 -19 1 -17 0 -16 0 -14 0 -12 0 -11 0 0 0 0 0 0 0 0 0 0 0 0 0 0 0 0 0 0 0 0 0 0 0 -4 -43 1 -43 3 -41 5 -40 6 -39 7 -37 8 -36 8 -35 8 -34 8 -33 8 -32 7 -30 6 -29 5 -27 3 -26 2 -25 0 -23 -1 -22 -3 -21 -5 -19 -7 -18 -9 -17 -11 -16 -13 -17 -14 -16 -15 -16]
,,,-80,0,0,0,0,0,0,0,0,0,0,-92,0,6,1722359582223,0,0,0,0,1722359582223,124,[6 15 7 15 7 11 8 13 10 9 7 13 10 5 12 3 14 2 15 0 18 -1 19 -1 20 -2 23 -1 22 -1 24 0 23 2 24 3 21 5 20 5 18 6 16 5 14 5 14 4 12 4 11 4 0 0 0 0 0 0 0 0 0 0 0 0 0 0 0 0 0 0 0 0 0 0 -8 38 -14 38 -14 33 -17 34 -16 30 -19 31 -19 29 -19 27 -18 26 -17 24 -16 25 -15 24 -14 23 -12 22 -11 22 -9 20 -8 21 -6 19 -4 20 -3 19 0 18 2 18 4 18 6 19 7 19]
,,,-80,0,0,0,0,0,0,0,0,0,0,-92,0,6,1722359582242,0,0,0,0,1722359582242,124,[11 13 10 11 9 11 6 13 10 6 13 10 4 13 10 3 11 1 12 -1 12 -1 13 -2 13 -2 14 -3 15 -3 15 -3 16 -3 15 -1 15 0 14 1 13 1 13 2 11 2 13 10 2 9 2 8 1 7 2 0 0 0 0 0 0 0 0 0 0 0 0 0 0 0 0 0 0 0 0 0 0 15 16 13 18 12 18 11 19 13 10 19 9 20 8 20 7 20 6 20 6 19 6 19 6 18 6 17 6 17 6 16 7 15 7 15 8 13 9 13 13 10 12 13 10 12 11 11]
,,,-80,0,0,0,0,0,0,0,0,0,0,-92,0,6,1722359582263,0,0,0,0,1722359582263,124,[2 18 3 17 4 15 4 14 6 13 6 12 8 11 9 13 10 13 10 9 11 9 12 9 13 13 10 13 11 13 11 13 11 12 11 12 12 13 10 12 9 12 8 11 7 13 10 6 9 6 8 5 8 5 7 0 0 0 0 0 0 0 0 0 0 0 0 0 0 0 0 0 0 0 0 0 0 5 22 2 23 1 22 0 23 -1 23 -3 24 -4 24 -5 24 -6 23 -5 23 -5 23 -6 22 -6 22 -5 21 -5 21 -4 20 -3 20 -2 19 -2 20 0 20 1 20 2 20 2 19 3]
,,,-80,0,0,0,0,0,0,0,0,0,0,-92,0,6,1722359582282,0,0,0,0,1722359582282,124,[-11 9 -10 9 -9 9 -8 9 -7 9 -6 9 -4 13 10 -3 11 -2 11 -2 12 -2 13 -1 13 -2 14 -2 14 -2 14 -3 14 -3 14 -4 13 -4 12 -4 11 -5 13 10 -4 13 10 -4 9 -4 8 -4 8 0 0 0 0 0 0 0 0 0 0 0 0 0 0 0 0 0 0 0 0 0 0 -13 13 -15 12 -16 11 -16 13 10 -17 13 10 -18 9 -18 9 -19 8 -19 7 -19 7 -19 7 -19 6 -18 6 -18 6 -18 6 -17 6 -17 6 -16 7 -15 7 -15 7 -14 8 -13 8 -13 9 -13]
,,,-80,0,0,0,0,0,0,0,0,0,0,-92,0,6,1722359582304,0,0,0,0,1722359582304,124,[-24 4 -23 4 -22 6 -21 6 -20 9 -19 13 10 -18 11 -18 14 -17 15 -18 18 -19 17 -19 18 -20 19 -21 19 -21 18 -23 18 -23 16 -22 15 -21 12 -21 11 -20 9 -19 7 -19 7 -17 7 -17 6 0 0 0 0 0 0 0 0 0 0 0 0 0 0 0 0 0 0 0 0 0 0 -36 -1 -34 -4 -35 -7 -34 -8 -34 -9 -33 -11 -33 -12 -33 -13 -32 -14 -31 -14 -31 -14 -30 -14 -29 -14 -29 -13 -27 -12 -28 -11 -27 -10 -26 -9 -26 -8 -26 -6 -25 -5 -25 -3 -25 -1 -26 0 -26 1 -26]
,,,-80,0,0,0,0,0,0,0,0,0,0,-92,0,6,1722359582323,0,0,0,0,1722359582323,124,[-15 13 -15 13 -13 14 -12 14 -11 14 -10 15 -9 16 -8 16 -8 17 -8 19 -8 18 -8 19 -9 20 -9 20 -10 20 -11 19 -12 18 -13 17 -12 15 -13 13 -13 11 -12 13 10 -12 9 -10 8 -10 8 0 0 0 0 0 0 0 0 0 0 0 0 0 0 0 0 0 0 0 0 0 0 -20 13 -21 11 -22 9 -22 8 -22 7 -23 7 -24 6 -23 5 -23 4 -23 4 -23 4 -22 4 -21 4 -21 4 -20 5 -20 5 -20 6 -18 6 -18 7 -18 8 -18 9 -17 13 10 -17 11 -17 12 -17 13]
,,,-80,0,0,0,0,0,0,0,0,0,0,-92,0,6,1722359582343,0,0,0,0,1722359582343,124,[9 -27 13 10 -28 6 -27 6 -27 5 -26 3 -26 1 -26 0 -26 -2 -26 -3 -28 -3 -28 -4 -29 -4 -31 -2 -30 -2 -32 0 -30 2 -31 4 -29 5 -27 6 -26 7 -22 7 -20 7 -18 7 -17 7 -16 0 0 0 0 0 0 0 0 0 0 0 0 0 0 0 0 0 0 0 0 0 0 14 -26 17 -26 18 -23 19 -23 19 -21 22 -22 22 -20 23 -21 23 -19 21 -19 22 -20 20 -19 21 -20 19 -19 19 -20 17 -20 17 -21 16 -21 15 -23 14 -23 13 -24 12 -25 11 -26 11 -28 13 10 -29]
,,,-80,0,0,0,0,0,0,0,0,0,0,-92,0,6,1722359582362,0,0,0,0,1722359582362,124,[-16 -10 -15 -10 -14 -8 -14 -8 -14 -6 -14 -5 -14 -4 -15 -2 -15 -1 -16 0 -17 0 -18 0 -19 0 -19 0 -20 -1 -20 -2 -20 -4 -19 -5 -18 -6 -17 -6 -15 -7 -14 -7 -13 -7 -11 -7 -11 -7 0 0 0 0 0 0 0 0 0 0 0 0 0 0 0 0 0 0 0 0 0 0 -16 -11 -15 -13 -14 -13 -13 -14 -12 -14 -13 -15 -12 -15 -12 -16 -11 -16 -11 -16 -11 -16 -11 -16 -11 -16 -11 -15 -11 -15 -12 -14 -12 -14 -12 -13 -13 -13 -13 -12 -14 -12 -15 -11 -15 -11 -16 -11 -17 -11 -17 -11]
,,,-80,0,0,0,0,0,0,0,0,0,0,-92,0,6,1722359582387,0,0,0,0,1722359582387,124,[13 13 10 13 9 12 7 11 6 11 5 11 4 11 2 11 1 11 0 13 -1 12 -2 14 -3 14 -3 15 -2 15 -2 16 -1 16 0 16 1 15 2 14 3 12 3 12 3 11 3 13 10 4 9 4 0 0 0 0 0 0 0 0 0 0 0 0 0 0 0 0 0 0 0 0 0 0 15 8 15 9 14 9 13 13 10 13 13 10 14 11 13 12 13 12 13 13 13 13 13 13 12 12 12 13 12 12 12 12 13 12 13 12 13 11 13 11 14 11 14 13 10 15 13 10 15 13]
,,,-80,0,0,0,0,0,0,0,0,0,0,-92,0,6,1722359582402,0,0,0,0,1722359582402,124,[-4 22 -4 21 -3 19 -3 18 -1 17 0 16 1 16 2 15 4 15 5 15 5 15 6 16 6 16 6 17 6 17 6 18 4 17 3 17 2 16 1 16 -1 14 -1 13 -2 12 -2 12 -2 13 10 0 0 0 0 0 0 0 0 0 0 0 0 0 0 0 0 0 0 0 0 0 0 -1 18 -3 18 -4 18 -5 17 -5 17 -6 18 -7 18 -7 18 -7 18 -7 18 -7 18 -7 18 -7 19 -7 19 -6 19 -6 20 -5 20 -5 20 -4 20 -4 21 -4 21 -3 22 -3 23 -3 23 -2 24 -2]
,,,-80,0,0,0,0,0,0,0,0,0,0,-92,0,6,1722359582422,0,0,0,0,1722359582422,124,[6 19 6 19 6 17 6 16 7 15 7 15 8 14 8 13 9 12 13 10 12 13 10 11 11 12 11 12 11 12 11 13 13 10 13 13 10 14 9 14 7 14 6 14 4 13 3 12 2 12 1 11 0 13 10 0 0 0 0 0 0 0 0 0 0 0 0 0 0 0 0 0 0 0 0 0 0 4 16 2 16 2 16 1 16 1 15 0 16 -1 17 -1 16 -1 16 0 16 0 17 1 16 1 16 2 17 2 17 2 17 3 17 3 17 4 18 4 18 5 18 6 18 7 18 7]
,,,-80,0,0,0,0,0,0,0,0,0,0,-92,0,6,1722359582441,0,0,0,0,1722359582441,124,[1 27 2 26 3 24 4 22 4 21 5 20 7 19 9 17 13 10 16 13 16 13 16 14 16 15 17 16 18 16 18 15 19 14 20 12 21 13 10 21 9 21 6 19 5 19 4 17 1 16 -1 15 0 0 0 0 0 0 0 0 0 0 0 0 0 0 0 0 0 0 0 0 0 0 -1 34 -5 33 -6 31 -8 31 -9 30 -9 31 -11 30 -12 29 -12 29 -12 28 -11 29 -10 28 -9 28 -9 27 -8 27 -7 27 -6 27 -5 27 -5 28 -4 27 -2 27 -1 27 0 28 1 29 2 30]
,,,-80,0,0,0,0,0,0,0,0,0,0,-92,0,6,1722359582465,0,0,0,0,1722359582465,124,[13 10 -11 13 10 -11 9 -11 8 -10 6 -10 5 -10 4 -11 3 -11 2 -12 1 -13 1 -13 1 -13 1 -14 1 -14 1 -15 2 -14 3 -15 4 -14 5 -13 5 -11 5 -10 6 -9 5 -8 5 -7 5 -6 0 0 0 0 0 0 0 0 0 0 0 0 0 0 0 0 0 0 0 0 0 0 13 -13 14 -12 14 -11 15 -10 15 -10 16 -10 16 -9 16 -9 16 -8 16 -8 16 -8 16 -8 16 -8 15 -8 15 -8 14 -9 14 -9 13 -9 14 -10 13 -10 12 -11 12 -12 12 -12 12 -12 12 -13]
,,,-80,0,0,0,0,0,0,0,0,0,0,-92,0,6,1722359582482,0,0,0,0,1722359582482,124,[-19 3 -18 3 -17 3 -16 4 -15 5 -14 5 -13 5 -12 6 -12 7 -12 8 -11 8 -11 9 -12 8 -12 9 -12 8 -13 8 -13 7 -13 6 -13 4 -12 3 -11 2 -10 1 -9 1 -8 0 -7 0 0 0 0 0 0 0 0 0 0 0 0 0 0 0 0 0 0 0 0 0 0 0 -17 4 -18 2 -17 1 -17 1 -17 1 -18 0 -18 0 -18 0 -18 0 -19 -1 -19 0 -19 0 -19 0 -19 0 -18 0 -19 1 -18 1 -19 2 -20 2 -20 2 -19 3 -19 4 -20 4 -21 5 -20 5 -21 5]
,,,-80,0,0,0,0,0,0,0,0,0,0,-92,0,6,1722359582505,0,0,0,0,1722359582505,124,[-11 22 -11 21 -10 20 -9 19 -8 18 -7 18 -6 17 -4 17 -3 17 -2 17 -1 17 -2 18 -2 18 -2 18 -3 19 -4 18 -5 18 -7 16 -7 15 -8 13 -8 13 10 -8 8 -8 7 -7 6 -7 4 0 0 0 0 0 0 0 0 0 0 0 0 0 0 0 0 0 0 0 0 0 0 -12 20 -14 18 -15 17 -15 16 -15 16 -16 16 -16 15 -17 15 -17 15 -16 15 -16 16 -15 16 -15 16 -15 17 -14 17 -14 17 -14 18 -13 18 -13 19 -12 19 -12 20 -11 21 -11 22 -10 23 -10 23 -10]
,,,-80,0,0,0,0,0,0,0,0,0,0,-92,0,6,1722359582524,0,0,0,0,1722359582524,124,[-17 6 -17 6 -16 6 -14 6 -14 6 -13 7 -12 7 -11 8 -10 8 -10 9 -10 9 -11 13 10 -11 13 10 -11 13 10 -11 13 10 -12 9 -12 8 -13 6 -12 5 -12 4 -11 2 -11 1 -10 0 -8 -1 -7 -1 0 0 0 0 0 0 0 0 0 0 0 0 0 0 0 0 0 0 0 0 0 0 -20 5 -19 2 -19 1 -19 1 -19 0 -19 -1 -19 -1 -19 -2 -18 -2 -18 -2 -18 -1 -17 -1 -17 0 -17 0 -17 1 -17 2 -17 2 -17 3 -17 3 -17 4 -17 5 -17 5 -17 6 -17 7]
,,,-80,0,0,0,0,0,0,0,0,0,0,-92,0,6,1722359582544,0,0,0,0,1722359582544,124,[17 -19 17 -18 16 -18 15 -17 14 -17 12 -17 11 -17 13 10 -17 9 -18 9 -19 8 -18 9 -19 9 -19 9 -19 13 10 -19 11 -17 13 -16 13 -15 13 -12 14 -11 13 -8 12 -6 11 -4 13 10 -3 9 -2 0 0 0 0 0 0 0 0 0 0 0 0 0 0 0 0 0 0 0 0 0 0 18 -14 19 -12 19 -11 19 -9 19 -10 20 -9 19 -9 20 -8 19 -8 19 -8 19 -9 18 -9 18 -10 17 -10 17 -11 17 -12 17 -13 16 -14 16 -15 16 -16 16 -17 16 -18 16 -19 17 -20 17]
,,,-80,0,0,0,0,0,0,0,0,0,0,-92,0,6,1722359582562,0,0,0,0,1722359582562,124,[-2 25 -2 24 -1 23 -1 22 1 21 2 19 2 19 3 18 3 18 4 18 4 18 4 17 4 17 4 18 4 17 2 18 1 17 0 16 -2 15 -3 14 -4 11 -5 13 10 -6 8 -6 7 -6 5 0 0 0 0 0 0 0 0 0 0 0 0 0 0 0 0 0 0 0 0 0 0 -3 22 -4 22 -5 22 -6 21 -7 22 -7 22 -8 23 -9 22 -9 22 -10 22 -10 22 -9 22 -9 22 -8 21 -7 22 -7 22 -5 22 -5 23 -4 23 -2 24 -2 24 -1 25 -1 26 -1 27 -2 27 -1]
,,,-80,0,0,0,0,0,0,0,0,0,0,-92,0,6,1722359582586,0,0,0,0,1722359582586,124,[-14 -12 -14 -13 -13 -11 -13 -11 -12 -10 -12 -9 -12 -8 -12 -7 -12 -6 -12 -6 -11 -6 -12 -5 -12 -5 -11 -5 -11 -6 -10 -6 -9 -6 -8 -7 -7 -7 -6 -6 -4 -6 -3 -5 -2 -5 -1 -4 0 -3 0 0 0 0 0 0 0 0 0 0 0 0 0 0 0 0 0 0 0 0 0 0 -16 -13 -15 -15 -14 -15 -13 -16 -12 -16 -13 -17 -12 -18 -11 -18 -11 -18 -11 -18 -11 -17 -10 -17 -11 -17 -11 -16 -11 -16 -11 -16 -12 -15 -12 -15 -13 -15 -13 -14 -14 -14 -14 -14 -15 -13 -16 -14 -15 -13 -16 -13]
,,,-80,0,0,0,0,0,0,0,0,0,0,-92,0,6,1722359582608,0,0,0,0,1722359582608,124,[-19 -16 -18 -16 -17 -14 -17 -13 -16 -11 -16 -10 -15 -9 -15 -8 -15 -7 -16 -7 -16 -6 -15 -6 -16 -5 -15 -4 -16 -5 -15 -5 -14 -6 -13 -6 -11 -6 -10 -6 -9 -6 -8 -5 -7 -5 -6 -4 -5 -4 0 0 0 0 0 0 0 0 0 0 0 0 0 0 0 0 0 0 0 0 0 0 -21 -16 -20 -18 -19 -19 -19 -20 -18 -20 -18 -22 -17 -22 -16 -23 -16 -22 -15 -23 -15 -24 -14 -23 -14 -23 -14 -22 -14 -21 -15 -20 -16 -20 -16 -19 -17 -19 -18 -18 -18 -18 -19 -17 -19 -17 -20 -17 -20 -17 -20 -18]
,,,-80,0,0,0,0,0,0,0,0,0,0,-92,0,6,1722359582623,0,0,0,0,1722359582623,124,[-26 3 -26 3 -23 3 -23 4 -21 4 -20 5 -18 5 -17 6 -16 7 -15 8 -15 9 -15 13 10 -16 13 10 -15 9 -15 9 -15 9 -16 8 -15 7 -15 6 -14 5 -13 3 -12 3 -11 3 -10 3 -9 2 0 0 0 0 0 0 0 0 0 0 0 0 0 0 0 0 0 0 0 0 0 0 -26 8 -28 5 -27 3 -28 2 -27 1 -29 0 -29 -1 -29 -2 -29 -3 -28 -3 -28 -3 -28 -3 -28 -3 -27 -3 -27 -2 -26 -2 -27 -1 -25 0 -27 1 -26 2 -27 2 -27 3 -26 4 -28 5 -28 6]
,,,-80,0,0,0,0,0,0,0,0,0,0,-92,0,6,1722359582642,0,0,0,0,1722359582642,124,[16 8 15 8 15 7 14 7 13 6 13 5 13 4 12 3 13 2 13 1 12 1 12 0 13 0 13 0 13 0 13 1 13 1 12 2 11 2 11 3 9 3 9 3 8 3 6 3 6 3 0 0 0 0 0 0 0 0 0 0 0 0 0 0 0 0 0 0 0 0 0 0 17 7 17 9 16 9 15 13 10 15 11 15 12 14 13 14 13 14 13 13 13 13 14 13 13 13 13 12 12 12 12 13 12 13 11 13 13 10 14 13 10 14 9 15 9 16 8 16 8 17 8 17]
,,,-80,0,0,0,0,0,0,0,0,0,0,-92,0,6,1722359582663,0,0,0,0,1722359582663,124,[-21 -8 -20 -7 -19 -7 -18 -7 -18 -6 -17 -5 -17 -4 -16 -3 -16 -2 -16 -2 -16 -1 -16 -1 -16 -1 -16 -1 -16 -1 -16 -2 -15 -2 -15 -3 -14 -4 -13 -4 -12 -5 -11 -5 -9 -5 -8 -5 -7 -5 0 0 0 0 0 0 0 0 0 0 0 0 0 0 0 0 0 0 0 0 0 0 -20 -7 -19 -8 -19 -10 -18 -11 -18 -11 -17 -12 -17 -13 -17 -13 -16 -13 -16 -14 -16 -13 -16 -12 -16 -12 -16 -12 -15 -11 -16 -11 -17 -10 -17 -9 -17 -9 -18 -8 -19 -7 -19 -7 -20 -6 -21 -6 -22 -6 -22 -6]
,,,-80,0,0,0,0,0,0,0,0,0,0,-92,0,6,1722359582690,0,0,0,0,1722359582690,124,[17 -20 17 -19 17 -18 16 -17 14 -17 13 -16 12 -16 11 -16 13 10 -16 13 10 -17 9 -16 9 -16 9 -16 9 -16 9 -16 9 -15 13 10 -14 13 10 -13 13 10 -11 11 -10 11 -8 13 10 -6 9 -4 8 -4 7 -3 0 0 0 0 0 0 0 0 0 0 0 0 0 0 0 0 0 0 0 0 0 0 16 -18 18 -16 18 -15 19 -14 19 -13 20 -13 20 -13 20 -13 21 -12 20 -12 20 -11 20 -11 20 -12 19 -12 18 -12 18 -13 17 -14 17 -15 16 -16 16 -16 15 -17 16 -19 16 -19]
,,,-80,0,0,0,0,0,0,0,0,0,0,-92,0,6,1722359582703,0,0,0,0,1722359582703,124,[9 -27 9 -26 8 -24 8 -23 8 -22 7 -22 6 -21 5 -21 4 -20 3 -20 2 -19 2 -19 2 -19 2 -18 2 -18 3 -18 4 -17 5 -16 6 -15 6 -13 7 -11 6 -9 6 -8 6 -7 5 -5 0 0 0 0 0 0 0 0 0 0 0 0 0 0 0 0 0 0 0 0 0 0 8 -23 13 10 -21 11 -21 12 -20 12 -20 12 -20 13 -19 14 -20 15 -19 14 -20 14 -20 13 -20 13 -20 12 -20 12 -20 12 -21 11 -21 13 10 -22 13 10 -23 13 10 -23 9 -23 9 -25 7 -26 7 -27]
,,,-80,0,0,0,0,0,0,0,0,0,0,-92,0,6,1722359582724,0,0,0,0,1722359582724,124,[-6 -24 -5 -25 -5 -22 -4 -23 -4 -21 -4 -20 -5 -19 -5 -18 -5 -17 -6 -17 -6 -16 -6 -15 -6 -16 -5 -15 -6 -15 -5 -15 -4 -15 -3 -14 -2 -13 -1 -12 0 -11 0 -9 0 -8 1 -7 1 -6 0 0 0 0 0 0 0 0 0 0 0 0 0 0 0 0 0 0 0 0 0 0 -6 -19 -4 -20 -3 -19 -2 -20 -1 -19 -1 -21 0 -21 1 -21 1 -20 0 -20 1 -21 0 -21 0 -21 0 -20 -1 -21 -1 -20 -2 -22 -3 -20 -4 -22 -4 -21 -5 -22 -6 -22 -6 -22 -7 -24 -8 -24 -8 -25]
,,,-80,0,0,0,0,0,0,0,0,0,0,-92,0,6,1722359582743,0,0,0,0,1722359582743,124,[17 11 18 11 16 13 10 16 11 15 9 15 9 14 8 13 7 13 6 13 6 13 6 12 5 13 5 12 5 13 5 11 5 11 6 13 10 7 9 6 8 7 6 7 5 6 4 6 3 5 2 5 0 0 0 0 0 0 0 0 0 0 0 0 0 0 0 0 0 0 0 0 0 0 12 8 12 9 11 9 11 13 10 11 13 10 11 11 11 11 11 11 11 12 13 10 12 11 12 11 12 11 12 11 12 12 11 12 13 10 13 11 13 13 10 14 13 10 15 9 16 9 17 8]
,,,-80,0,0,0,0,0,0,0,0,0,0,-92,0,6,1722359582766,0,0,0,0,1722359582766,124,[-4 20 -4 20 -3 19 -4 18 -3 17 -3 17 -2 16 -2 15 -1 14 0 15 0 14 0 14 0 14 0 14 -1 14 -1 13 -2 13 -3 12 -4 11 -4 13 10 -5 8 -5 7 -5 6 -5 5 -5 4 0 0 0 0 0 0 0 0 0 0 0 0 0 0 0 0 0 0 0 0 0 0 -4 16 -6 15 -7 15 -7 14 -7 15 -8 15 -8 15 -9 15 -9 15 -9 15 -9 15 -9 15 -9 15 -8 15 -7 15 -8 16 -7 16 -5 16 -5 16 -5 17 -4 17 -3 18 -3 19 -2 20 -2 21 -2]
,,,-80,0,0,0,0,0,0,0,0,0,0,-92,0,6,1722359582785,0,0,0,0,1722359582785,124,[-20 4 -19 3 -18 4 -17 3 -16 3 -15 3 -14 3 -14 4 -13 4 -13 5 -12 4 -12 5 -12 4 -12 4 -11 3 -12 3 -11 2 -11 1 -10 0 -9 -1 -8 -2 -7 -3 -6 -3 -5 -3 -4 -4 0 0 0 0 0 0 0 0 0 0 0 0 0 0 0 0 0 0 0 0 0 0 -17 2 -16 1 -16 0 -16 -1 -16 -1 -17 -1 -17 -2 -17 -2 -17 -2 -18 -2 -17 -2 -17 -1 -17 -1 -17 -1 -17 -1 -17 0 -17 0 -17 1 -17 2 -17 2 -17 3 -18 4 -18 5 -19 6 -19 6 -20 6]
,,,-80,0,0,0,0,0,0,0,0,0,0,-92,0,6,1722359582815,0,0,0,0,1722359582815,124,[13 10 -21 13 10 -20 13 10 -18 9 -18 8 -16 7 -15 6 -15 5 -14 5 -14 4 -14 3 -14 3 -13 3 -13 3 -13 3 -13 4 -11 4 -11 5 -9 5 -8 4 -6 4 -5 3 -3 2 -2 1 -1 0 -1 0 0 0 0 0 0 0 0 0 0 0 0 0 0 0 0 0 0 0 0 0 0 6 -19 7 -18 8 -18 8 -17 9 -17 13 10 -18 11 -18 11 -18 12 -17 12 -17 12 -18 11 -17 11 -17 11 -17 11 -17 13 10 -18 13 10 -18 9 -18 9 -19 9 -20 8 -20 8 -21 8 -22]
,,,-80,0,0,0,0,0,0,0,0,0,0,-92,0,6,1722359582828,0,0,0,0,1722359582828,124,[3 -19 3 -19 3 -17 3 -17 2 -15 2 -14 1 -14 0 -13 0 -13 -1 -13 -1 -12 -2 -12 -2 -12 -2 -11 -1 -11 -1 -11 0 -10 0 -9 1 -8 1 -7 1 -5 1 -4 1 -3 0 -3 0 -2 0 0 0 0 0 0 0 0 0 0 0 0 0 0 0 0 0 0 0 0 0 0 1 -16 2 -16 2 -16 3 -16 3 -16 4 -17 5 -17 5 -17 5 -17 5 -17 5 -18 5 -17 5 -17 5 -17 5 -17 4 -17 4 -17 4 -17 3 -18 2 -18 2 -19 2 -19 1 -19 1 -21 1 -21 2 -22]
,,,-80,0,0,0,0,0,0,0,0,0,0,-92,0,6,1722359582841,0,0,0,0,1722359582841,124,[23 6 23 6 21 5 20 5 19 4 17 3 17 2 16 1 16 0 16 -1 15 -1 15 -2 15 -1 15 -2 15 -1 14 -1 14 0 12 0 11 1 9 1 8 1 7 1 6 1 4 0 3 -1 0 0 0 0 0 0 0 0 0 0 0 0 0 0 0 0 0 0 0 0 0 0 23 0 23 2 23 3 23 4 23 5 23 7 23 7 23 8 23 9 23 9 23 13 10 22 13 10 22 11 22 13 10 22 9 22 8 22 8 22 7 23 7 23 6 24 5 24 4 24 5 26 5 26]
,,,-80,0,0,0,0,0,0,0,0,0,0,-92,0,6,1722359582862,0,0,0,0,1722359582862,124,[13 -12 13 -11 12 -11 11 -10 13 10 -11 9 -10 8 -11 7 -11 7 -12 6 -12 5 -12 5 -12 5 -11 5 -12 5 -11 6 -11 5 -10 6 -9 5 -8 5 -8 5 -6 4 -6 4 -5 3 -5 2 -5 0 0 0 0 0 0 0 0 0 0 0 0 0 0 0 0 0 0 0 0 0 0 13 -16 14 -14 15 -13 16 -12 16 -12 17 -11 18 -10 19 -10 19 -9 19 -9 19 -9 18 -8 18 -8 18 -8 17 -8 17 -8 15 -9 15 -9 15 -10 15 -10 14 -11 15 -12 14 -12 14 -13 14 -13 14]
,,,-80,0,0,0,0,0,0,0,0,0,0,-92,0,6,1722359582892,0,0,0,0,1722359582892,124,[16 8 15 8 14 7 13 7 13 6 13 5 13 4 12 3 12 2 12 1 13 1 12 0 13 1 12 1 13 1 12 1 12 2 11 3 13 10 3 9 3 8 3 7 3 7 3 5 2 4 2 0 0 0 0 0 0 0 0 0 0 0 0 0 0 0 0 0 0 0 0 0 0 17 13 10 16 12 15 12 14 13 13 13 13 15 12 15 12 15 11 16 11 15 11 15 13 10 14 13 10 14 13 10 13 13 10 13 13 10 12 13 10 11 11 13 10 12 13 10 12 9 13 8]
,,,-80,0,0,0,0,0,0,0,0,0,0,-92,0,6,1722359582905,0,0,0,0,1722359582905,124,[-12 -17 -11 -17 -10 -16 -10 -15 -10 -14 -10 -13 -10 -12 -10 -11 -10 -10 -11 -9 -11 -9 -11 -8 -12 -8 -11 -8 -12 -8 -11 -8 -11 -9 -10 -9 -8 -9 -7 -9 -6 -8 -5 -7 -5 -7 -4 -6 -3 -5 0 0 0 0 0 0 0 0 0 0 0 0 0 0 0 0 0 0 0 0 0 0 -12 -18 -10 -20 -8 -19 -8 -20 -6 -19 -6 -21 -5 -20 -4 -20 -4 -20 -3 -19 -4 -19 -4 -18 -4 -18 -4 -17 -5 -17 -5 -16 -6 -16 -7 -15 -8 -16 -9 -16 -10 -15 -11 -16 -12 -15 -13 -16 -13 -16 -14 -17]
,,,-80,0,0,0,0,0,0,0,0,0,0,-92,0,6,1722359582924,0,0,0,0,1722359582924,124,[23 19 21 19 20 18 18 17 17 15 16 14 16 12 16 13 10 16 9 16 8 16 7 16 6 15 6 16 6 15 6 15 6 15 7 14 8 11 8 13 10 8 8 7 7 7 5 5 4 4 3 3 0 0 0 0 0 0 0 0 0 0 0 0 0 0 0 0 0 0 0 0 0 0 22 17 20 19 18 19 17 19 16 20 15 20 15 21 14 21 13 21 13 21 14 20 13 19 14 19 14 18 14 18 15 17 16 16 17 16 18 15 19 15 21 14 22 14 24 14 25 16 26 16]
,,,-80,0,0,0,0,0,0,0,0,0,0,-92,0,6,1722359582942,0,0,0,0,1722359582942,124,[-21 -2 -20 -2 -19 -2 -18 -2 -16 -1 -15 -1 -15 0 -14 1 -13 1 -13 2 -13 2 -13 2 -13 3 -12 3 -13 3 -13 2 -13 2 -12 0 -11 0 -10 -1 -9 -2 -8 -2 -6 -2 -5 -2 -4 -1 0 0 0 0 0 0 0 0 0 0 0 0 0 0 0 0 0 0 0 0 0 0 -20 -2 -20 -4 -19 -5 -19 -5 -18 -6 -18 -6 -18 -7 -18 -7 -17 -7 -17 -8 -17 -8 -17 -7 -16 -7 -16 -7 -16 -6 -17 -5 -17 -4 -16 -4 -18 -3 -17 -2 -18 0 -19 0 -19 0 -20 0 -22 0 -22 0]
,,,-80,0,0,0,0,0,0,0,0,0,0,-92,0,6,1722359582964,0,0,0,0,1722359582964,124,[-15 -14 -14 -14 -13 -13 -12 -12 -11 -11 -11 -10 -11 -9 -11 -8 -11 -7 -11 -6 -11 -6 -11 -5 -11 -5 -11 -5 -11 -5 -11 -5 -10 -5 -10 -6 -8 -6 -7 -6 -6 -6 -5 -5 -5 -4 -4 -3 -3 -3 0 0 0 0 0 0 0 0 0 0 0 0 0 0 0 0 0 0 0 0 0 0 -16 -14 -14 -16 -14 -17 -13 -17 -12 -17 -11 -18 -11 -18 -10 -18 -10 -18 -9 -19 -10 -18 -9 -18 -9 -17 -9 -17 -9 -16 -10 -16 -10 -15 -11 -14 -11 -14 -12 -13 -13 -13 -14 -13 -15 -13 -15 -13 -16 -13 -16 -13]
,,,-80,0,0,0,0,0,0,0,0,0,0,-92,0,6,1722359582984,0,0,0,0,1722359582984,124,[-19 -10 -18 -11 -16 -10 -15 -9 -14 -8 -13 -7 -13 -6 -12 -5 -12 -4 -12 -3 -12 -3 -12 -2 -12 -2 -12 -1 -12 -1 -12 -2 -11 -2 -11 -3 -10 -3 -9 -3 -8 -3 -7 -3 -6 -2 -5 -2 -5 -1 0 0 0 0 0 0 0 0 0 0 0 0 0 0 0 0 0 0 0 0 0 0 -20 -7 -20 -9 -19 -10 -18 -11 -18 -11 -17 -12 -17 -13 -17 -14 -17 -14 -16 -14 -16 -14 -16 -13 -16 -13 -15 -13 -15 -13 -16 -12 -16 -11 -16 -11 -17 -10 -18 -10 -18 -9 -19 -9 -19 -9 -20 -9 -21 -9 -20 -9]
,,,-80,0,0,0,0,0,0,0,0,0,0,-92,0,6,1722359583003,0,0,0,0,1722359583003,124,[-20 4 -20 4 -18 4 -17 3 -15 3 -14 4 -13 4 -12 4 -11 5 -11 6 -10 6 -9 6 -9 7 -9 8 -9 7 -9 7 -10 7 -9 6 -9 5 -9 5 -9 3 -8 3 -7 3 -6 3 -6 2 0 0 0 0 0 0 0 0 0 0 0 0 0 0 0 0 0 0 0 0 0 0 -18 8 -19 5 -19 5 -19 4 -19 3 -19 2 -19 2 -19 2 -19 1 -19 1 -19 1 -18 1 -18 1 -18 2 -18 2 -18 3 -18 3 -17 4 -19 5 -19 5 -19 6 -19 6 -19 7 -20 8 -21 8 -21 8]
,,,-80,0,0,0,0,0,0,0,0,0,0,-92,0,6,1722359583028,0,0,0,0,1722359583028,124,[18 3 18 4 17 3 15 3 14 2 13 1 13 0 12 -1 12 -3 12 -3 12 -4 12 -4 12 -5 13 -5 13 -5 14 -5 14 -3 14 -3 13 -1 13 -1 12 0 13 10 1 9 2 7 2 7 2 0 0 0 0 0 0 0 0 0 0 0 0 0 0 0 0 0 0 0 0 0 0 17 2 16 4 16 4 16 5 16 6 15 7 15 7 15 7 15 7 15 7 15 7 15 7 15 6 15 6 15 5 16 5 16 4 16 4 17 3 17 3 17 2 19 1 19 1 19 2 20 2 20]
,,,-80,0,0,0,0,0,0,0,0,0,0,-92,0,6,1722359583043,0,0,0,0,1722359583043,124,[9 -19 9 -18 8 -17 7 -16 5 -16 4 -15 4 -15 2 -15 1 -15 1 -16 0 -16 0 -16 -1 -17 0 -17 1 -18 2 -17 3 -17 4 -17 5 -15 5 -14 6 -12 6 -10 6 -9 6 -8 5 -7 0 0 0 0 0 0 0 0 0 0 0 0 0 0 0 0 0 0 0 0 0 0 8 -16 13 10 -15 13 10 -14 13 10 -14 11 -14 11 -14 11 -13 11 -14 12 -13 11 -13 12 -13 11 -13 11 -14 11 -13 13 10 -14 13 10 -15 13 10 -15 9 -15 9 -17 8 -17 8 -17 8 -18 7 -19]
,,,-80,0,0,0,0,0,0,0,0,0,0,-92,0,6,1722359583063,0,0,0,0,1722359583063,124,[17 13 10 16 11 15 9 15 9 15 8 14 7 14 6 14 5 14 4 14 4 14 3 14 3 14 3 14 3 14 4 14 5 13 6 12 6 13 10 7 8 7 6 7 5 6 4 6 2 5 1 4 0 0 0 0 0 0 0 0 0 0 0 0 0 0 0 0 0 0 0 0 0 0 15 9 14 13 10 13 11 12 11 13 11 12 12 12 13 12 13 12 13 12 13 11 14 11 13 12 13 12 13 12 12 13 12 13 11 13 11 14 11 15 13 10 15 9 16 9 17 9 18 13]
,,,-80,0,0,0,0,0,0,0,0,0,0,-92,0,6,1722359583091,0,0,0,0,1722359583091,124,[17 5 17 5 15 4 14 4 14 3 13 2 12 1 12 0 11 -1 11 -2 11 -2 11 -2 11 -2 11 -3 11 -2 11 -1 13 10 -1 9 0 8 0 7 1 6 1 5 0 4 0 2 -1 2 -1 0 0 0 0 0 0 0 0 0 0 0 0 0 0 0 0 0 0 0 0 0 0 20 2 19 4 19 5 19 6 18 7 18 8 18 9 17 9 17 9 17 9 17 9 16 9 16 9 16 8 16 8 16 7 17 7 17 6 17 6 17 6 18 4 18 4 19 4 20 4 20 4 20]
,,,-80,0,0,0,0,0,0,0,0,0,0,-92,0,6,1722359583103,0,0,0,0,1722359583103,124,[20 5 21 5 18 4 18 4 17 3 15 2 14 0 14 -1 14 -2 14 -3 13 -3 13 -4 14 -4 13 -4 14 -4 14 -3 14 -2 12 -1 11 -1 13 10 0 9 0 8 0 7 -1 5 -1 5 -2 0 0 0 0 0 0 0 0 0 0 0 0 0 0 0 0 0 0 0 0 0 0 24 1 24 4 23 4 23 6 22 7 22 8 22 9 21 13 10 21 11 20 13 10 20 13 10 20 13 10 20 9 19 9 19 8 19 8 20 7 19 6 21 5 21 5 21 5 21 4 21 3 23]
,,,-80,0,0,0,0,0,0,0,0,0,0,-92,0,6,1722359583122,0,0,0,0,1722359583122,124,[4 -24 4 -23 4 -22 4 -20 3 -19 2 -19 1 -18 -1 -17 -1 -18 -2 -18 -3 -17 -3 -17 -3 -17 -4 -18 -4 -17 -3 -18 -2 -17 -1 -17 0 -16 1 -15 1 -13 1 -12 1 -11 1 -10 1 -10 0 0 0 0 0 0 0 0 0 0 0 0 0 0 0 0 0 0 0 0 0 0 1 -24 4 -24 6 -24 7 -23 8 -23 9 -23 13 10 -23 11 -22 11 -22 12 -21 11 -21 11 -20 11 -20 13 10 -19 9 -19 8 -20 7 -20 7 -21 6 -21 5 -21 4 -22 4 -23 4 -23 3 -25 4 -25]
,,,-80,0,0,0,0,0,0,0,0,0,0,-92,0,6,1722359583169,0,0,0,0,1722359583169,124,[-9 -21 -8 -20 -7 -19 -6 -18 -6 -16 -6 -15 -6 -14 -7 -12 -8 -11 -8 -10 -9 -9 -9 -8 -9 -8 -9 -8 -9 -8 -10 -9 -9 -8 -8 -9 -7 -9 -6 -9 -5 -8 -4 -8 -4 -7 -3 -6 -2 -6 0 0 0 0 0 0 0 0 0 0 0 0 0 0 0 0 0 0 0 0 0 0 -10 -19 -8 -20 -7 -20 -6 -20 -5 -21 -4 -21 -3 -22 -3 -21 -2 -22 -2 -21 -3 -22 -3 -21 -4 -21 -4 -20 -4 -20 -5 -20 -5 -19 -6 -19 -7 -20 -7 -20 -8 -20 -9 -20 -10 -21 -11 -21 -11 -21 -11 -21]
,,,48,0,0,0,0,0,0,0,0,0,0,-92,0,6,1722359583174,0,0,0,0,1722359583174,124,[7 22 9 20 11 19 12 19 13 18 16 17 16 17 17 17 18 17 17 18 17 18 17 18 17 19 16 20 14 21 12 21 13 10 22 8 22 5 20 2 20 0 18 -2 16 -3 14 -5 12 -6 13 10 0 0 0 0 0 0 0 0 0 0 0 0 0 0 0 0 0 0 0 0 0 0 -1 13 -1 12 -2 11 -2 12 0 12 0 14 2 16 1 18 1 21 1 23 -1 24 -2 26 -3 27 -3 27 -3 27 -3 26 -1 26 0 27 1 27 2 28 3 28 4 28 3 29 4 28 5 27]
,,,-80,0,0,0,0,0,0,0,0,0,0,-92,0,6,1722359583187,0,0,0,0,1722359583187,124,[-4 -17 -4 -17 -4 -14 -4 -14 -4 -12 -4 -11 -5 -10 -6 -8 -6 -8 -7 -7 -7 -6 -8 -6 -9 -6 -9 -5 -9 -6 -9 -5 -9 -6 -8 -7 -7 -6 -6 -6 -5 -6 -4 -5 -3 -4 -3 -4 -3 -3 0 0 0 0 0 0 0 0 0 0 0 0 0 0 0 0 0 0 0 0 0 0 -6 -22 -4 -23 -3 -22 -2 -22 -1 -22 0 -23 0 -23 1 -23 2 -22 2 -22 2 -22 2 -21 2 -20 1 -19 1 -19 0 -19 -1 -19 -1 -18 -2 -19 -3 -18 -4 -18 -4 -18 -5 -18 -6 -19 -6 -18 -6 -19]
,,,-80,0,0,0,0,0,0,0,0,0,0,-92,0,6,1722359583203,0,0,0,0,1722359583203,124,[24 -14 23 -14 21 -13 19 -13 18 -13 16 -13 14 -15 12 -15 11 -16 13 10 -17 9 -18 9 -18 8 -18 8 -20 9 -20 13 10 -19 11 -19 11 -17 11 -16 12 -14 11 -11 13 10 -10 9 -8 8 -8 7 -8 0 0 0 0 0 0 0 0 0 0 0 0 0 0 0 0 0 0 0 0 0 0 33 -19 34 -15 35 -14 35 -11 36 -9 36 -8 37 -6 36 -4 35 -4 35 -2 34 -2 33 -2 32 -2 30 -2 29 -4 29 -5 27 -6 27 -7 27 -8 26 -9 26 -11 25 -12 25 -14 26 -15 26]
,,,-80,0,0,0,0,0,0,0,0,0,0,-92,0,6,1722359583223,0,0,0,0,1722359583223,124,[-12 13 -13 12 -11 12 -10 12 -9 11 -8 11 -7 11 -6 11 -5 11 -4 12 -4 12 -4 13 -4 13 -4 13 -4 14 -5 13 -5 13 -6 12 -6 11 -6 13 10 -7 9 -6 7 -6 6 -6 6 -5 5 0 0 0 0 0 0 0 0 0 0 0 0 0 0 0 0 0 0 0 0 0 0 -16 14 -17 13 -18 12 -19 11 -19 13 10 -20 9 -19 8 -20 7 -20 7 -19 6 -19 5 -18 5 -17 5 -17 5 -16 6 -16 6 -15 7 -14 7 -14 9 -13 9 -12 13 10 -12 12 -12 12 -12 13 -12]
,,,-80,0,0,0,0,0,0,0,0,0,0,-92,0,6,1722359583242,0,0,0,0,1722359583242,124,[13 10 -17 11 -18 9 -16 13 10 -16 8 -16 7 -15 6 -15 5 -15 4 -15 4 -16 3 -15 3 -15 3 -16 3 -16 4 -17 5 -15 5 -15 6 -14 6 -13 6 -12 6 -10 6 -8 6 -7 5 -6 4 -6 0 0 0 0 0 0 0 0 0 0 0 0 0 0 0 0 0 0 0 0 0 0 13 10 -16 12 -16 12 -14 13 -14 13 -13 14 -13 14 -13 15 -12 14 -11 14 -11 14 -10 14 -10 13 -10 12 -10 12 -11 11 -11 11 -13 13 10 -13 13 10 -14 9 -15 8 -16 8 -17 9 -18 9]
,,,-80,0,0,0,0,0,0,0,0,0,0,-92,0,6,1722359583264,0,0,0,0,1722359583264,124,[-14 -14 -14 -14 -13 -12 -13 -12 -13 -11 -13 -10 -12 -9 -13 -8 -12 -7 -14 -7 -13 -7 -13 -6 -14 -6 -12 -6 -13 -6 -12 -7 -12 -8 -10 -8 -9 -8 -8 -8 -7 -7 -5 -7 -4 -6 -4 -5 -3 -4 0 0 0 0 0 0 0 0 0 0 0 0 0 0 0 0 0 0 0 0 0 0 -13 -11 -12 -12 -12 -13 -11 -14 -10 -14 -10 -15 -10 -14 -9 -15 -9 -15 -9 -15 -9 -15 -10 -14 -9 -15 -9 -14 -10 -13 -11 -13 -12 -12 -12 -12 -13 -13 -13 -12 -14 -11 -16 -11 -15 -13 -17 -13 -17 -13 -17 -13]
,,,-80,0,0,0,0,0,0,0,0,0,0,-92,0,6,1722359583283,0,0,0,0,1722359583283,124,[-17 13 10 -16 13 10 -15 13 10 -14 9 -13 9 -11 13 10 -10 13 10 -9 13 10 -9 11 -9 13 10 -8 11 -8 13 10 -8 13 10 -8 11 -8 13 10 -9 9 -8 9 -8 7 -7 6 -7 5 -6 4 -5 3 -4 3 -3 3 -3 4 0 0 0 0 0 0 0 0 0 0 0 0 0 0 0 0 0 0 0 0 0 0 -16 15 -17 13 -18 11 -19 13 10 -19 13 10 -19 9 -20 8 -20 7 -19 7 -20 6 -19 6 -19 6 -18 6 -18 6 -17 7 -17 8 -17 8 -16 9 -17 9 -16 11]
,,,-80,0,0,0,0,0,0,0,0,0,0,-92,0,6,1722359583303,0,0,0,0,1722359583303,124,[7 -16 8 -16 6 -15 6 -14 5 -14 5 -14 4 -13 2 -13 2 -13 1 -14 1 -13 1 -13 1 -14 1 -14 1 -14 1 -13 2 -13 2 -12 3 -11 2 -11 3 -9 2 -8 2 -8 2 -7 2 -7 0 0 0 0 0 0 0 0 0 0 0 0 0 0 0 0 0 0 0 0 0 0 6 -18 8 -17 9 -16 13 10 -16 13 10 -15 12 -15 12 -14 12 -14 12 -13 12 -13 12 -13 11 -13 11 -13 13 10 -13 13 10 -13 9 -13 9 -14 9 -14 9 -15 8 -14 8 -16 8 -16 7 -17 8 -17]
,,,-80,0,0,0,0,0,0,0,0,0,0,-92,0,6,1722359583325,0,0,0,0,1722359583325,124,[-7 20 -6 20 -5 19 -5 18 -4 18 -3 17 -2 16 -1 16 -1 16 0 16 0 16 0 16 0 17 1 17 0 17 0 16 -1 16 -2 16 -2 14 -3 14 -4 12 -4 11 -4 13 10 -4 13 10 -4 9 0 0 0 0 0 0 0 0 0 0 0 0 0 0 0 0 0 0 0 0 0 0 -6 18 -8 17 -9 17 -10 16 -11 16 -11 15 -12 15 -12 15 -12 15 -12 15 -12 14 -11 14 -11 14 -10 14 -10 15 -9 15 -9 15 -8 16 -7 16 -6 17 -6 18 -5 18 -5 20 -5 21 -5 21]
,,,-80,0,0,0,0,0,0,0,0,0,0,-92,0,6,1722359583351,0,0,0,0,1722359583351,124,[15 -17 16 -16 15 -15 14 -15 14 -14 13 -14 12 -14 11 -14 13 10 -14 13 10 -14 9 -14 9 -14 9 -14 9 -14 9 -14 13 10 -13 13 10 -13 13 10 -12 13 10 -10 13 10 -9 13 10 -7 9 -6 9 -5 8 -4 7 -3 0 0 0 0 0 0 0 0 0 0 0 0 0 0 0 0 0 0 0 0 0 0 13 10 -13 11 -12 12 -11 12 -11 13 -10 13 -10 13 -10 14 -10 14 -10 14 -10 14 -10 13 -10 14 -10 14 -10 13 -11 13 -11 12 -12 12 -13 12 -14 12 -14 12 -15 13]
,,,-80,0,0,0,0,0,0,0,0,0,0,-92,0,6,1722359583364,0,0,0,0,1722359583364,124,[16 -24 17 -23 16 -22 15 -20 15 -20 13 -19 12 -18 11 -19 13 10 -18 9 -18 9 -18 8 -17 8 -18 7 -17 8 -18 8 -17 8 -17 9 -15 9 -14 13 10 -12 13 10 -10 9 -8 9 -7 8 -6 7 -4 0 0 0 0 0 0 0 0 0 0 0 0 0 0 0 0 0 0 0 0 0 0 11 -17 13 -16 14 -15 14 -15 14 -14 16 -14 16 -14 17 -14 17 -14 17 -14 17 -14 17 -14 16 -14 16 -14 15 -15 15 -16 14 -17 13 -17 14 -19 13 -20 13 -21 13 -22 13 -23 14 -25 14]
,,,-80,0,0,0,0,0,0,0,0,0,0,-92,0,6,1722359583383,0,0,0,0,1722359583383,124,[-16 22 -16 22 -15 20 -15 19 -12 18 -12 17 -10 16 -8 16 -7 15 -6 16 -6 15 -5 15 -5 15 -4 15 -4 15 -5 14 -6 15 -7 14 -7 11 -7 13 10 -8 7 -7 6 -7 4 -6 3 -5 2 0 0 0 0 0 0 0 0 0 0 0 0 0 0 0 0 0 0 0 0 0 0 -12 19 -14 18 -14 17 -15 17 -16 16 -18 17 -19 16 -19 15 -20 15 -19 14 -20 15 -19 14 -18 14 -17 14 -16 15 -15 15 -15 17 -13 17 -14 19 -13 20 -12 20 -12 22 -12 23 -13 25 -13 26 -15]
,,,-80,0,0,0,0,0,0,0,0,0,0,-92,0,6,1722359583404,0,0,0,0,1722359583404,124,[-15 29 -15 29 -13 26 -13 24 -11 22 -9 21 -7 20 -6 20 -4 18 -2 19 -1 19 0 19 0 20 1 19 1 21 -1 19 -2 19 -3 17 -4 15 -3 13 -3 13 10 -2 8 -1 6 0 5 1 6 0 0 0 0 0 0 0 0 0 0 0 0 0 0 0 0 0 0 0 0 0 0 -13 31 -16 30 -17 28 -19 28 -20 26 -21 26 -22 25 -23 24 -24 23 -24 22 -22 22 -21 21 -20 21 -19 22 -17 23 -16 23 -15 24 -14 25 -14 27 -13 28 -11 29 -11 30 -11 32 -12 34 -12 35 -13]
,,,-80,0,0,0,0,0,0,0,0,0,0,-92,0,6,1722359583422,0,0,0,0,1722359583422,124,[-21 -12 -20 -12 -19 -11 -19 -10 -17 -9 -17 -8 -17 -7 -16 -5 -17 -4 -17 -4 -17 -3 -17 -3 -17 -3 -17 -2 -18 -3 -17 -4 -16 -4 -15 -6 -13 -6 -12 -6 -11 -6 -10 -5 -8 -4 -7 -4 -7 -3 0 0 0 0 0 0 0 0 0 0 0 0 0 0 0 0 0 0 0 0 0 0 -21 -9 -19 -11 -19 -12 -18 -13 -18 -13 -17 -14 -17 -15 -16 -16 -16 -15 -15 -15 -16 -14 -15 -14 -15 -14 -16 -13 -16 -12 -17 -12 -18 -11 -18 -10 -19 -10 -20 -10 -21 -10 -22 -9 -23 -10 -24 -10 -25 -11 -24 -12]
,,,-80,0,0,0,0,0,0,0,0,0,0,-92,0,6,1722359583443,0,0,0,0,1722359583443,124,[12 -14 13 -14 12 -13 13 10 -12 9 -12 8 -13 8 -12 7 -13 6 -13 6 -14 6 -13 5 -14 5 -14 5 -13 5 -14 6 -13 7 -13 7 -12 7 -10 7 -9 7 -8 6 -6 6 -6 5 -6 4 -6 0 0 0 0 0 0 0 0 0 0 0 0 0 0 0 0 0 0 0 0 0 0 12 -15 13 -14 14 -13 14 -12 15 -11 15 -11 15 -9 15 -9 15 -9 15 -8 15 -8 14 -8 13 -8 13 -9 12 -9 12 -10 12 -11 11 -11 11 -13 11 -13 11 -14 11 -15 11 -15 12 -16 13 -16 13]
,,,-80,0,0,0,0,0,0,0,0,0,0,-92,0,6,1722359583465,0,0,0,0,1722359583465,124,[17 8 16 8 16 8 15 7 15 6 14 5 14 4 14 3 14 3 14 2 14 2 13 2 14 2 14 2 14 2 13 3 13 4 12 4 11 4 9 5 8 5 7 5 6 4 4 4 4 3 0 0 0 0 0 0 0 0 0 0 0 0 0 0 0 0 0 0 0 0 0 0 16 11 15 13 14 13 13 14 12 14 11 15 13 10 14 9 14 9 14 9 14 8 13 9 12 9 11 9 11 13 10 13 10 11 9 11 8 12 8 13 8 14 7 15 6 16 6 17 7 18 7 19]
,,,-80,0,0,0,0,0,0,0,0,0,0,-92,0,6,1722359583482,0,0,0,0,1722359583482,124,[-17 11 -17 13 10 -15 9 -15 9 -14 8 -13 8 -12 8 -11 8 -10 8 -9 8 -9 8 -9 8 -9 9 -8 8 -8 8 -9 8 -8 7 -8 6 -8 4 -7 3 -6 2 -6 1 -4 0 -3 1 -2 1 0 0 0 0 0 0 0 0 0 0 0 0 0 0 0 0 0 0 0 0 0 0 -18 8 -19 6 -19 4 -19 3 -18 2 -18 2 -18 1 -18 1 -17 1 -16 1 -16 1 -15 2 -14 2 -13 3 -13 4 -13 5 -13 6 -13 7 -13 8 -13 9 -13 13 10 -14 12 -15 12 -16 13 -17 13]
,,,-80,0,0,0,0,0,0,0,0,0,0,-92,0,6,1722359583503,0,0,0,0,1722359583503,124,[-22 -21 -22 -21 -20 -19 -19 -18 -18 -16 -17 -14 -17 -13 -17 -11 -17 -9 -18 -8 -18 -7 -18 -6 -18 -6 -19 -6 -19 -6 -18 -7 -17 -7 -15 -8 -13 -8 -12 -7 -10 -6 -10 -4 -10 -2 -9 0 -10 0 0 0 0 0 0 0 0 0 0 0 0 0 0 0 0 0 0 0 0 0 0 0 -26 -16 -24 -19 -22 -20 -21 -20 -20 -21 -19 -22 -18 -23 -17 -23 -16 -23 -16 -22 -17 -22 -17 -20 -17 -20 -17 -19 -18 -18 -19 -18 -20 -17 -20 -17 -22 -17 -23 -17 -24 -17 -25 -17 -27 -17 -28 -19 -28 -19 -27 -21]
,,,-80,0,0,0,0,0,0,0,0,0,0,-92,0,6,1722359583525,0,0,0,0,1722359583525,124,[-8 24 -7 23 -6 22 -6 20 -5 20 -4 19 -3 18 -2 18 0 18 1 18 1 18 2 18 1 18 1 19 1 19 0 19 -1 18 -2 17 -3 15 -3 14 -3 12 -3 11 -2 13 10 -2 13 10 -1 13 10 0 0 0 0 0 0 0 0 0 0 0 0 0 0 0 0 0 0 0 0 0 0 -3 22 -5 21 -6 20 -7 20 -7 20 -9 20 -10 20 -11 20 -11 20 -11 20 -11 20 -11 19 -10 19 -10 19 -9 19 -9 19 -8 20 -8 20 -7 21 -6 22 -6 22 -5 23 -6 24 -5 26 -6]
,,,-80,0,0,0,0,0,0,0,0,0,0,-92,0,6,1722359583544,0,0,0,0,1722359583544,124,[-10 23 -11 23 -10 21 -9 20 -8 20 -7 18 -6 18 -4 18 -3 17 -2 18 -2 18 -2 18 -2 19 -1 18 -2 19 -3 18 -4 18 -5 16 -5 15 -6 13 -6 13 10 -5 9 -5 8 -4 8 -3 7 0 0 0 0 0 0 0 0 0 0 0 0 0 0 0 0 0 0 0 0 0 0 -5 20 -7 20 -8 19 -9 19 -10 19 -11 19 -12 19 -13 19 -13 19 -14 18 -13 18 -13 18 -13 18 -12 18 -12 18 -11 18 -11 20 -10 20 -10 21 -10 21 -9 22 -9 23 -9 24 -9 25 -9 26 -9]
,,,-80,0,0,0,0,0,0,0,0,0,0,-92,0,6,1722359583612,0,0,0,0,1722359583612,124,[-2 18 -2 17 -2 15 -2 14 0 13 0 12 1 11 2 13 10 2 13 10 3 9 3 9 4 9 4 9 4 9 4 9 4 9 4 9 3 9 2 8 1 7 0 6 0 5 0 3 -1 2 0 2 0 0 0 0 0 0 0 0 0 0 0 0 0 0 0 0 0 0 0 0 0 0 -2 22 -4 21 -5 20 -7 20 -7 20 -8 19 -9 19 -9 18 -9 18 -10 16 -10 16 -9 15 -8 15 -8 15 -7 15 -6 15 -5 16 -4 15 -3 15 -2 16 -1 16 0 17 0 18 0 18 0 19]
,,,-80,0,0,0,0,0,0,0,0,0,0,-92,0,6,1722359583624,0,0,0,0,1722359583624,124,[16 -9 16 -8 14 -8 13 -8 12 -7 13 10 -8 9 -8 8 -9 7 -9 6 -10 6 -10 6 -10 6 -10 5 -10 5 -10 6 -10 6 -9 6 -8 5 -7 5 -6 4 -5 4 -4 3 -3 1 -4 0 -3 0 0 0 0 0 0 0 0 0 0 0 0 0 0 0 0 0 0 0 0 0 0 21 -11 22 -8 22 -7 22 -6 22 -5 22 -3 22 -2 21 -1 21 -1 20 0 20 -1 19 -1 18 -2 17 -2 17 -3 16 -4 16 -5 16 -6 16 -6 16 -7 16 -9 15 -10 16 -10 17 -11 18 -11 18]
,,,-80,0,0,0,0,0,0,0,0,0,0,-92,0,6,1722359583635,0,0,0,0,1722359583635,124,[-2 19 -1 18 -1 17 0 15 1 15 1 14 2 13 3 12 4 13 5 12 5 12 5 12 6 13 6 13 6 12 5 13 4 13 3 12 3 13 10 2 13 10 1 8 1 8 2 6 2 6 3 6 0 0 0 0 0 0 0 0 0 0 0 0 0 0 0 0 0 0 0 0 0 0 -1 23 -3 22 -5 21 -6 21 -6 20 -8 20 -9 19 -9 18 -9 18 -9 17 -8 17 -7 16 -7 16 -6 16 -5 15 -5 16 -4 16 -3 16 -2 17 -1 17 -1 18 0 19 1 19 1 20 0 21]
,,,-80,0,0,0,0,0,0,0,0,0,0,-92,0,6,1722359583655,0,0,0,0,1722359583655,124,[-20 -29 -20 -30 -19 -26 -19 -26 -18 -24 -18 -23 -18 -22 -19 -21 -19 -20 -20 -20 -20 -19 -20 -20 -21 -19 -19 -19 -20 -20 -17 -20 -16 -22 -14 -21 -12 -20 -10 -19 -8 -18 -6 -15 -5 -14 -4 -12 -4 -11 0 0 0 0 0 0 0 0 0 0 0 0 0 0 0 0 0 0 0 0 0 0 -16 -27 -13 -29 -11 -28 -10 -29 -8 -27 -8 -29 -7 -29 -6 -28 -6 -28 -5 -26 -6 -26 -7 -25 -8 -26 -9 -25 -10 -25 -10 -24 -12 -24 -13 -23 -15 -24 -16 -23 -18 -24 -19 -24 -21 -24 -23 -26 -23 -28 -24 -28]
,,,-80,0,0,0,0,0,0,0,0,0,0,-92,0,6,1722359583669,0,0,0,0,1722359583669,124,[27 0 27 1 24 1 22 1 21 0 19 0 18 -1 17 -2 16 -2 16 -2 15 -2 15 -3 15 -4 14 -4 14 -3 14 -3 14 -2 13 -1 11 0 9 1 8 1 6 1 5 1 3 0 2 -1 0 0 0 0 0 0 0 0 0 0 0 0 0 0 0 0 0 0 0 0 0 0 22 0 22 2 21 3 21 3 20 4 20 4 20 4 20 5 19 5 19 5 19 5 19 4 19 4 19 3 20 2 19 1 20 0 20 -1 21 -2 21 -3 22 -4 23 -5 24 -5 26 -4 28 -4 28 -4]
,,,-80,0,0,0,0,0,0,0,0,0,0,-92,0,6,1722359583687,0,0,0,0,1722359583687,124,[-28 9 -26 8 -24 8 -21 7 -19 7 -17 7 -16 8 -13 9 -13 9 -12 13 10 -12 13 10 -10 13 10 -10 12 -10 13 -10 13 -11 12 -11 11 -11 13 10 -10 9 -10 8 -8 6 -7 6 -5 6 -5 6 -4 7 0 0 0 0 0 0 0 0 0 0 0 0 0 0 0 0 0 0 0 0 0 0 -20 16 -21 14 -21 13 -22 12 -23 12 -23 11 -24 11 -25 13 10 -25 9 -26 9 -26 9 -25 9 -25 9 -25 13 10 -24 13 10 -25 11 -25 11 -24 11 -25 12 -25 13 -25 15 -25 16 -26]
,,,-80,0,0,0,0,0,0,0,0,0,0,-92,0,6,1722359583704,0,0,0,0,1722359583704,124,[22 -2 20 -3 19 -3 17 -2 16 -3 15 -4 15 -4 13 -5 13 -6 12 -6 11 -7 11 -7 11 -7 12 -7 12 -7 12 -7 12 -6 12 -5 11 -4 13 10 -3 9 -2 8 -1 7 -2 5 -2 5 -2 0 0 0 0 0 0 0 0 0 0 0 0 0 0 0 0 0 0 0 0 0 0 18 -6 18 -5 18 -3 18 -3 18 -2 18 -1 19 0 19 0 19 1 19 1 18 1 18 0 18 0 18 -1 17 -1 17 -2 18 -2 17 -3 19 -3 18 -4 19 -5 21 -4 21 -7 20 -7 21 -5 21]
,,,-80,0,0,0,0,0,0,0,0,0,0,-92,0,6,1722359583725,0,0,0,0,1722359583725,124,[6 -33 7 -33 6 -29 5 -28 4 -26 3 -25 2 -23 0 -23 -1 -21 -2 -22 -2 -21 -3 -21 -4 -21 -4 -21 -4 -21 -3 -21 0 -21 1 -19 1 -17 2 -15 3 -13 3 -10 2 -9 2 -7 1 -6 0 0 0 0 0 0 0 0 0 0 0 0 0 0 0 0 0 0 0 0 0 0 5 -31 8 -31 13 10 -29 12 -29 12 -28 14 -28 14 -27 14 -26 14 -26 13 -24 13 -25 12 -25 11 -24 13 10 -25 9 -25 8 -25 7 -26 6 -26 4 -28 3 -29 2 -30 1 -32 0 -32 1 -35 2 -37]
,,,-80,0,0,0,0,0,0,0,0,0,0,-92,0,6,1722359583744,0,0,0,0,1722359583744,124,[13 11 12 11 11 9 11 8 11 7 13 10 6 13 10 5 13 10 3 11 3 11 2 11 1 11 1 12 1 12 1 12 1 12 2 12 3 11 3 9 3 8 3 7 3 6 2 6 1 4 1 4 0 0 0 0 0 0 0 0 0 0 0 0 0 0 0 0 0 0 0 0 0 0 0 16 13 14 14 13 15 12 15 11 16 13 10 17 13 10 18 9 17 8 17 8 17 8 16 7 15 7 15 7 14 8 13 8 13 9 12 13 10 11 13 10 12 11 11 12 13 10 13 13]
,,,-80,0,0,0,0,0,0,0,0,0,0,-92,0,6,1722359583762,0,0,0,0,1722359583762,124,[3 -20 2 -19 2 -17 1 -17 0 -16 -1 -16 -2 -15 -3 -16 -4 -15 -5 -15 -5 -15 -6 -15 -6 -16 -6 -16 -6 -17 -5 -17 -3 -16 -2 -15 -1 -14 -1 -13 0 -11 0 -10 0 -9 0 -7 -1 -7 0 0 0 0 0 0 0 0 0 0 0 0 0 0 0 0 0 0 0 0 0 0 7 -23 13 10 -21 11 -20 12 -19 12 -18 13 -17 13 -16 14 -16 13 -15 13 -14 12 -14 12 -13 13 10 -13 9 -13 8 -14 8 -14 7 -14 6 -15 4 -16 4 -16 3 -17 2 -18 1 -19 1 -20 1 -21]
,,,-80,0,0,0,0,0,0,0,0,0,0,-92,0,6,1722359583782,0,0,0,0,1722359583782,124,[4 24 5 23 5 21 5 21 5 20 6 18 7 18 8 17 8 17 13 10 16 9 16 13 10 17 13 10 17 13 10 17 13 10 18 8 18 7 19 6 18 4 16 2 15 2 13 1 12 1 11 0 13 10 1 9 0 0 0 0 0 0 0 0 0 0 0 0 0 0 0 0 0 0 0 0 0 0 2 23 0 23 -2 22 -3 21 -3 20 -5 21 -5 20 -5 19 -5 19 -5 19 -5 19 -4 18 -3 18 -2 18 -1 18 0 18 1 18 2 18 3 19 4 20 5 20 6 21 6 21]
,,,-80,0,0,0,0,0,0,0,0,0,0,-92,0,6,1722359583814,0,0,0,0,1722359583814,124,[-4 21 -5 21 -4 20 -4 20 -4 19 -3 19 -2 18 -2 18 -1 18 -1 18 -1 18 0 18 0 18 -1 18 -1 18 -2 18 -3 18 -4 16 -5 15 -6 14 -6 11 -6 13 10 -6 9 -6 8 -5 7 0 0 0 0 0 0 0 0 0 0 0 0 0 0 0 0 0 0 0 0 0 0 -7 17 -9 16 -9 14 -10 14 -10 13 -10 14 -10 13 -10 13 -10 13 -10 12 -9 13 -9 12 -9 13 -8 13 -8 13 -7 14 -7 15 -6 14 -5 15 -4 16 -3 17 -3 18 -3 19 -2 21 -3 22 -3]
,,,-80,0,0,0,0,0,0,0,0,0,0,-92,0,6,1722359583825,0,0,0,0,1722359583825,124,[-21 -4 -20 -4 -19 -4 -18 -4 -18 -3 -17 -2 -17 -2 -17 -1 -17 -1 -17 0 -17 0 -16 0 -17 0 -17 0 -17 0 -17 -1 -16 -2 -15 -3 -14 -3 -13 -4 -11 -5 -10 -5 -8 -5 -7 -4 -6 -4 0 0 0 0 0 0 0 0 0 0 0 0 0 0 0 0 0 0 0 0 0 0 -16 -7 -15 -8 -14 -9 -14 -9 -13 -9 -13 -10 -13 -9 -13 -9 -13 -9 -13 -10 -13 -9 -13 -9 -13 -8 -13 -8 -13 -7 -14 -7 -14 -6 -15 -5 -15 -5 -16 -4 -17 -3 -18 -3 -19 -2 -20 -3 -21 -3 -21 -3]
,,,-80,0,0,0,0,0,0,0,0,0,0,-92,0,6,1722359583846,0,0,0,0,1722359583846,124,[-1 22 -1 21 -1 20 -1 19 0 18 0 18 1 17 2 16 2 15 3 15 3 15 3 14 3 15 4 15 3 15 2 15 1 15 0 14 -1 13 -2 12 -3 13 10 -3 9 -4 8 -4 6 -4 5 0 0 0 0 0 0 0 0 0 0 0 0 0 0 0 0 0 0 0 0 0 0 -1 20 -3 20 -4 19 -5 19 -5 18 -6 18 -7 19 -7 18 -7 18 -8 18 -7 18 -7 17 -6 17 -5 17 -5 17 -4 17 -3 17 -3 18 -2 18 -1 19 0 19 1 20 1 21 1 22 1 23 1]
,,,-80,0,0,0,0,0,0,0,0,0,0,-92,0,6,1722359583866,0,0,0,0,1722359583866,124,[20 -27 20 -28 17 -25 18 -25 16 -24 14 -23 13 -22 11 -22 9 -22 9 -22 8 -21 8 -22 8 -23 7 -22 8 -23 9 -21 11 -21 12 -19 12 -16 13 -14 12 -11 11 -9 11 -7 13 10 -6 9 -4 0 0 0 0 0 0 0 0 0 0 0 0 0 0 0 0 0 0 0 0 0 0 18 -24 20 -23 20 -21 21 -20 21 -19 23 -20 23 -19 24 -19 24 -17 24 -17 24 -17 23 -18 23 -17 22 -17 21 -19 20 -19 19 -21 18 -21 18 -23 17 -24 17 -26 17 -27 16 -28 18 -30 17 -32 19]
,,,-80,0,0,0,0,0,0,0,0,0,0,-92,0,6,1722359583883,0,0,0,0,1722359583883,124,[-4 -20 -3 -20 -3 -19 -3 -17 -3 -17 -4 -16 -4 -15 -5 -14 -5 -14 -6 -13 -6 -13 -6 -13 -7 -13 -7 -12 -6 -13 -6 -13 -5 -13 -4 -13 -2 -12 -1 -12 0 -10 1 -9 1 -8 2 -7 2 -6 0 0 0 0 0 0 0 0 0 0 0 0 0 0 0 0 0 0 0 0 0 0 -3 -17 -1 -17 0 -17 0 -17 1 -17 1 -18 2 -18 3 -18 3 -18 3 -18 3 -18 3 -17 2 -17 2 -17 1 -16 0 -17 0 -17 -1 -17 -2 -18 -3 -17 -4 -18 -4 -18 -5 -19 -5 -20 -5 -21 -5 -21]
,,,-80,0,0,0,0,0,0,0,0,0,0,-92,0,6,1722359583905,0,0,0,0,1722359583905,124,[1 -26 2 -26 2 -24 1 -23 0 -22 -1 -21 -2 -20 -3 -19 -4 -18 -5 -19 -5 -18 -6 -18 -6 -18 -5 -18 -5 -19 -4 -18 -3 -19 -2 -18 0 -16 1 -16 3 -13 3 -11 4 -10 3 -8 4 -7 0 0 0 0 0 0 0 0 0 0 0 0 0 0 0 0 0 0 0 0 0 0 4 -24 6 -24 7 -23 8 -23 8 -22 13 10 -23 13 10 -22 11 -22 11 -22 11 -21 11 -21 13 10 -21 13 10 -21 9 -20 8 -21 7 -20 6 -21 4 -22 4 -23 3 -23 1 -24 1 -25 0 -25 -1 -27]
,,,-80,0,0,0,0,0,0,0,0,0,0,-92,0,6,1722359583923,0,0,0,0,1722359583923,124,[-9 -20 -9 -20 -8 -18 -8 -17 -8 -16 -8 -15 -9 -14 -9 -13 -9 -12 -11 -12 -10 -12 -10 -11 -11 -11 -11 -11 -11 -12 -10 -12 -9 -13 -7 -13 -6 -13 -4 -12 -3 -11 -1 -10 0 -8 0 -7 1 -6 0 0 0 0 0 0 0 0 0 0 0 0 0 0 0 0 0 0 0 0 0 0 -7 -19 -5 -19 -4 -20 -4 -19 -3 -19 -3 -20 -2 -20 -2 -20 -1 -20 -1 -20 -1 -20 -2 -20 -2 -19 -2 -19 -3 -18 -4 -18 -5 -18 -6 -18 -6 -18 -7 -18 -8 -18 -9 -18 -10 -19 -11 -20 -11 -20 -11 -21]
,,,-80,0,0,0,0,0,0,0,0,0,0,-92,0,6,1722359583941,0,0,0,0,1722359583941,124,[13 10 -21 13 10 -21 9 -19 8 -19 7 -18 5 -17 5 -17 3 -16 3 -16 1 -17 1 -17 0 -16 1 -17 1 -16 1 -17 3 -16 4 -16 4 -15 5 -14 6 -12 6 -10 6 -8 6 -6 5 -5 4 -4 0 0 0 0 0 0 0 0 0 0 0 0 0 0 0 0 0 0 0 0 0 0 13 10 -19 12 -19 12 -18 13 -17 13 -17 14 -17 15 -16 15 -16 16 -16 16 -15 16 -16 15 -16 14 -16 13 -16 13 -16 12 -16 12 -17 11 -17 11 -19 13 10 -19 9 -20 9 -21 9 -22 9 -23]
,,,-80,0,0,0,0,0,0,0,0,0,0,-92,0,6,1722359583962,0,0,0,0,1722359583962,124,[-11 -16 -11 -15 -11 -13 -10 -13 -10 -12 -10 -11 -10 -10 -11 -9 -11 -9 -11 -8 -12 -8 -12 -8 -12 -8 -12 -8 -12 -9 -11 -9 -11 -10 -9 -10 -8 -10 -7 -10 -5 -9 -4 -8 -3 -8 -2 -7 -1 -6 0 0 0 0 0 0 0 0 0 0 0 0 0 0 0 0 0 0 0 0 0 0 -11 -14 -10 -15 -9 -15 -8 -16 -8 -16 -8 -17 -7 -17 -7 -17 -6 -17 -6 -17 -7 -17 -6 -17 -7 -17 -7 -16 -7 -16 -7 -16 -8 -15 -9 -15 -10 -15 -10 -15 -11 -15 -11 -15 -12 -14 -14 -15 -13 -15 -13 -16]
,,,-80,0,0,0,0,0,0,0,0,0,0,-92,0,6,1722359583984,0,0,0,0,1722359583984,124,[-27 -11 -26 -11 -24 -9 -24 -9 -23 -8 -22 -7 -22 -6 -22 -5 -22 -4 -22 -2 -22 -3 -22 -2 -22 -2 -22 -2 -22 -2 -22 -3 -21 -5 -20 -6 -18 -7 -17 -8 -15 -9 -13 -9 -11 -9 -9 -9 -8 -9 0 0 0 0 0 0 0 0 0 0 0 0 0 0 0 0 0 0 0 0 0 0 -23 -11 -22 -13 -22 -13 -21 -14 -20 -15 -21 -16 -21 -17 -20 -17 -20 -18 -20 -17 -20 -18 -20 -17 -20 -17 -20 -16 -20 -16 -20 -15 -21 -14 -21 -13 -23 -13 -23 -12 -24 -11 -25 -11 -26 -10 -28 -10 -28 -10 -29 -10]
,,,-80,0,0,0,0,0,0,0,0,0,0,-92,0,6,1722359584013,0,0,0,0,1722359584013,124,[6 -20 6 -20 6 -19 5 -18 4 -18 3 -17 3 -17 2 -16 1 -16 0 -16 0 -16 0 -16 0 -16 0 -16 0 -16 1 -16 2 -16 2 -15 3 -14 4 -13 4 -12 5 -10 5 -9 5 -8 5 -7 0 0 0 0 0 0 0 0 0 0 0 0 0 0 0 0 0 0 0 0 0 0 6 -18 8 -17 8 -17 9 -16 9 -16 13 10 -16 13 10 -16 11 -16 11 -16 12 -16 12 -16 11 -15 11 -15 11 -15 9 -15 9 -16 9 -17 7 -16 7 -18 6 -18 6 -19 6 -20 6 -20 6 -21 6 -21]
,,,-80,0,0,0,0,0,0,0,0,0,0,-92,0,6,1722359584025,0,0,0,0,1722359584025,124,[11 -18 13 10 -17 13 10 -17 9 -16 9 -16 8 -15 7 -15 6 -15 5 -15 4 -15 4 -15 3 -15 3 -15 3 -16 4 -15 5 -15 5 -14 6 -14 6 -13 7 -12 7 -10 7 -8 7 -7 7 -6 6 -5 0 0 0 0 0 0 0 0 0 0 0 0 0 0 0 0 0 0 0 0 0 0 13 10 -17 11 -15 12 -14 12 -14 13 -14 14 -13 14 -13 14 -13 15 -12 15 -12 15 -12 14 -12 14 -12 13 -12 12 -12 13 -13 12 -14 11 -14 11 -15 11 -16 13 10 -17 13 10 -17 13 10 -18]
,,,-80,0,0,0,0,0,0,0,0,0,0,-92,0,6,1722359584042,0,0,0,0,1722359584042,124,[-1 23 -1 23 0 21 0 21 0 19 1 18 1 18 2 17 3 16 4 16 4 15 4 15 5 16 5 15 5 16 4 16 3 17 2 15 0 15 0 14 -2 12 -2 13 10 -3 9 -3 8 -3 7 0 0 0 0 0 0 0 0 0 0 0 0 0 0 0 0 0 0 0 0 0 0 -1 21 -3 21 -4 20 -5 20 -6 19 -7 20 -7 20 -7 20 -8 19 -8 19 -8 19 -7 19 -7 19 -6 19 -6 19 -5 19 -4 20 -3 19 -3 21 -2 21 -1 21 0 22 1 23 1 24 1 24 1]
,,,-80,0,0,0,0,0,0,0,0,0,0,-92,0,6,1722359584063,0,0,0,0,1722359584063,124,[14 16 15 16 13 14 13 14 13 13 12 12 12 11 12 13 10 12 8 12 8 12 7 13 7 13 7 12 7 13 7 12 7 12 8 13 10 9 9 9 8 9 6 9 5 8 4 8 3 7 1 6 0 0 0 0 0 0 0 0 0 0 0 0 0 0 0 0 0 0 0 0 0 0 13 14 12 15 13 10 15 13 10 16 9 15 9 17 8 17 8 17 8 17 8 16 8 17 8 16 8 16 8 15 9 15 9 15 13 10 15 11 14 12 14 13 14 14 14 15 14 16 13 17]
,,,-80,0,0,0,0,0,0,0,0,0,0,-92,0,6,1722359584082,0,0,0,0,1722359584082,124,[9 -25 13 10 -25 9 -23 9 -23 8 -21 7 -21 7 -20 5 -20 4 -19 3 -20 2 -19 2 -19 2 -20 2 -19 2 -20 3 -19 4 -19 5 -18 6 -16 7 -15 8 -13 8 -11 7 -9 7 -8 7 -7 0 0 0 0 0 0 0 0 0 0 0 0 0 0 0 0 0 0 0 0 0 0 11 -20 13 -19 14 -18 15 -17 14 -16 16 -16 16 -15 16 -15 16 -15 15 -14 15 -15 15 -15 14 -15 13 -15 13 -16 11 -17 11 -18 13 10 -18 13 10 -20 9 -20 8 -21 8 -23 8 -23 8 -25 8]
,,,-80,0,0,0,0,0,0,0,0,0,0,-92,0,6,1722359584103,0,0,0,0,1722359584103,124,[29 -2 28 -1 28 -2 26 -1 25 -1 24 -2 23 -2 22 -3 21 -5 21 -6 21 -6 20 -6 21 -6 21 -6 21 -6 21 -5 21 -3 21 -2 20 -1 18 1 17 2 15 3 14 3 11 4 13 10 4 0 0 0 0 0 0 0 0 0 0 0 0 0 0 0 0 0 0 0 0 0 0 25 2 25 6 24 7 23 7 22 8 22 9 22 13 10 21 13 10 21 13 10 20 13 10 21 9 20 7 20 7 20 6 20 5 21 4 21 3 21 2 23 1 23 0 23 -1 25 -2 26 -3 27]
,,,-80,0,0,0,0,0,0,0,0,0,0,-92,0,6,1722359584123,0,0,0,0,1722359584123,124,[-22 1 -22 1 -20 1 -20 0 -19 1 -18 1 -17 1 -17 2 -16 3 -16 4 -15 4 -15 4 -16 4 -15 4 -15 4 -15 3 -15 2 -15 1 -14 0 -13 -1 -12 -2 -11 -2 -10 -2 -8 -2 -8 -3 0 0 0 0 0 0 0 0 0 0 0 0 0 0 0 0 0 0 0 0 0 0 -19 -2 -18 -5 -17 -5 -17 -6 -16 -6 -16 -7 -16 -7 -16 -7 -15 -7 -15 -7 -15 -6 -15 -5 -15 -5 -15 -4 -15 -3 -15 -3 -16 -2 -16 -1 -17 0 -17 0 -18 1 -19 2 -19 2 -20 3 -21 3 -22 3]
,,,-80,0,0,0,0,0,0,0,0,0,0,-92,0,6,1722359584143,0,0,0,0,1722359584143,124,[23 19 22 19 21 18 20 17 19 17 18 15 18 14 17 13 18 11 17 13 10 17 13 10 18 13 10 17 13 10 17 13 10 17 13 10 17 11 15 12 13 12 11 13 9 12 7 11 6 13 10 5 9 3 8 2 6 0 0 0 0 0 0 0 0 0 0 0 0 0 0 0 0 0 0 0 0 0 0 18 19 15 20 14 21 12 21 12 21 11 20 13 10 21 13 10 20 13 10 20 13 10 20 13 10 19 11 18 11 18 12 17 13 17 14 16 15 16 16 15 17 15 19 15]
,,,-80,0,0,0,0,0,0,0,0,0,0,-92,0,6,1722359584168,0,0,0,0,1722359584168,124,[-36 1 -35 0 -33 1 -32 0 -30 0 -29 1 -26 1 -25 3 -24 3 -23 4 -22 4 -22 4 -22 5 -21 5 -21 5 -22 4 -21 2 -20 0 -18 -1 -17 -2 -13 -4 -11 -5 -9 -5 -6 -5 -4 -4 0 0 0 0 0 0 0 0 0 0 0 0 0 0 0 0 0 0 0 0 0 0 -37 -6 -35 -10 -34 -12 -32 -14 -32 -13 -30 -14 -30 -15 -28 -15 -29 -14 -27 -15 -27 -15 -27 -13 -27 -12 -26 -10 -26 -8 -27 -7 -27 -5 -28 -4 -29 -2 -29 -1 -31 1 -32 3 -33 3 -35 3 -36 3 -37 3]
,,,-80,0,0,0,0,0,0,0,0,0,0,-92,0,6,1722359584186,0,0,0,0,1722359584186,124,[-4 23 -3 22 -4 21 -4 19 -3 18 -3 17 -2 16 -1 15 -1 14 0 14 0 13 0 13 1 12 1 12 1 13 0 12 -1 12 -2 11 -2 13 10 -4 9 -4 6 -5 5 -4 3 -4 2 -3 1 0 0 0 0 0 0 0 0 0 0 0 0 0 0 0 0 0 0 0 0 0 0 -9 22 -11 21 -13 20 -13 19 -14 18 -14 17 -14 16 -14 16 -14 15 -14 15 -13 15 -12 14 -11 14 -10 15 -9 15 -8 15 -7 16 -6 16 -5 17 -4 18 -3 18 -2 20 -1 21 -1 22 -1 23 -2]
,,,-80,0,0,0,0,0,0,0,0,0,0,-92,0,6,1722359584207,0,0,0,0,1722359584207,124,[20 2 21 2 18 1 18 2 17 1 16 1 15 0 14 -1 13 -1 13 -2 13 -3 12 -3 12 -3 12 -3 13 -3 12 -2 12 -1 12 0 13 10 1 9 2 8 2 6 2 5 3 3 2 2 2 0 0 0 0 0 0 0 0 0 0 0 0 0 0 0 0 0 0 0 0 0 0 21 3 20 6 18 7 18 8 17 8 17 9 16 9 16 9 16 9 15 9 15 9 15 8 15 7 15 6 15 7 15 5 16 4 15 3 17 3 17 2 17 1 18 0 19 -1 20 -1 21 -1 22]
,,,-80,0,0,0,0,0,0,0,0,0,0,-92,0,6,1722359584224,0,0,0,0,1722359584224,124,[-20 6 -19 5 -17 5 -16 4 -15 5 -14 5 -13 5 -13 6 -12 6 -12 7 -11 7 -11 8 -11 8 -11 7 -11 7 -11 7 -11 6 -11 5 -11 3 -10 3 -9 1 -8 1 -7 0 -5 -1 -5 -1 0 0 0 0 0 0 0 0 0 0 0 0 0 0 0 0 0 0 0 0 0 0 -20 5 -20 3 -20 2 -20 1 -19 0 -19 0 -19 -1 -19 -1 -19 -2 -19 -1 -19 -1 -18 0 -18 0 -17 0 -17 0 -17 1 -17 1 -16 2 -16 3 -16 4 -17 5 -17 6 -17 8 -18 8 -19 8 -19 8]
,,,-80,0,0,0,0,0,0,0,0,0,0,-92,0,6,1722359584242,0,0,0,0,1722359584242,124,[16 -11 16 -11 15 -10 14 -9 13 -9 11 -9 13 10 -9 9 -9 8 -10 8 -11 7 -10 7 -11 7 -11 7 -11 7 -11 8 -10 8 -10 8 -9 8 -7 8 -6 7 -5 7 -3 6 -3 4 -2 3 -2 0 0 0 0 0 0 0 0 0 0 0 0 0 0 0 0 0 0 0 0 0 0 16 -12 17 -10 17 -9 17 -8 17 -7 18 -7 18 -6 18 -6 18 -6 18 -5 18 -6 17 -6 18 -6 17 -6 16 -6 16 -7 15 -7 15 -8 15 -9 15 -10 14 -11 14 -11 14 -12 15 -13 16 -13 16]
,,,-80,0,0,0,0,0,0,0,0,0,0,-92,0,6,1722359584261,0,0,0,0,1722359584261,124,[-8 17 -8 17 -7 15 -7 14 -6 13 -5 12 -4 11 -2 11 -2 11 0 11 0 11 1 11 0 11 1 11 1 11 0 11 -1 11 -1 11 -2 9 -3 8 -3 7 -3 5 -3 4 -2 3 -2 3 0 0 0 0 0 0 0 0 0 0 0 0 0 0 0 0 0 0 0 0 0 0 -8 18 -10 17 -11 16 -11 15 -11 15 -12 15 -12 14 -13 14 -12 14 -13 14 -13 14 -12 14 -12 13 -11 13 -11 13 -10 14 -9 14 -9 14 -8 15 -7 15 -7 16 -6 17 -6 17 -6 19 -6 19 -7 20]
,,,-80,0,0,0,0,0,0,0,0,0,0,-92,0,6,1722359584282,0,0,0,0,1722359584282,124,[20 5 19 6 17 4 16 4 15 3 15 2 13 1 13 0 13 -1 13 -2 12 -3 12 -3 13 -3 13 -4 13 -3 13 -2 13 -2 13 0 11 1 13 10 1 9 2 7 2 6 2 4 2 3 1 0 0 0 0 0 0 0 0 0 0 0 0 0 0 0 0 0 0 0 0 0 0 21 3 20 5 20 6 18 6 18 7 18 8 18 8 18 8 18 8 18 9 18 9 17 8 18 8 17 8 17 7 17 7 17 6 18 5 18 4 19 4 19 3 20 3 21 2 22 3 22 2 23]
,,,-80,0,0,0,0,0,0,0,0,0,0,-92,0,6,1722359584303,0,0,0,0,1722359584303,124,[-3 -21 -3 -22 -3 -19 -3 -19 -4 -17 -4 -16 -5 -15 -6 -14 -6 -13 -7 -13 -7 -13 -8 -13 -8 -13 -8 -13 -8 -14 -7 -13 -6 -15 -5 -14 -3 -13 -2 -13 -1 -11 0 -10 0 -8 1 -6 0 -6 0 0 0 0 0 0 0 0 0 0 0 0 0 0 0 0 0 0 0 0 0 0 -4 -20 -3 -20 -2 -19 -1 -19 -1 -18 0 -19 0 -18 1 -19 0 -19 0 -19 0 -19 1 -19 0 -19 0 -19 0 -19 -1 -19 -2 -19 -3 -18 -3 -19 -4 -19 -5 -20 -6 -21 -6 -21 -7 -22 -6 -23 -6 -23]
,,,-80,0,0,0,0,0,0,0,0,0,0,-92,0,6,1722359584325,0,0,0,0,1722359584325,124,[20 -7 21 -6 18 -6 18 -6 17 -6 15 -7 14 -7 13 -7 13 -8 12 -9 12 -9 12 -9 12 -10 12 -9 13 -10 13 -8 13 -7 13 -6 12 -5 11 -4 13 10 -2 9 -1 8 0 6 -1 5 0 0 0 0 0 0 0 0 0 0 0 0 0 0 0 0 0 0 0 0 0 0 0 17 -6 17 -4 17 -3 17 -3 16 -3 17 -2 17 -2 17 -2 17 -2 17 -2 17 -2 17 -3 17 -3 17 -3 17 -4 17 -4 17 -5 17 -6 18 -7 18 -8 18 -8 19 -9 19 -9 20 -10 21 -10 22]
,,,-80,0,0,0,0,0,0,0,0,0,0,-92,0,6,1722359584344,0,0,0,0,1722359584344,124,[-28 -8 -28 -8 -25 -8 -24 -8 -23 -7 -22 -6 -21 -5 -20 -4 -20 -3 -20 -2 -19 -1 -20 -1 -20 -1 -19 -2 -21 -2 -19 -3 -19 -4 -17 -6 -15 -6 -14 -8 -11 -8 -9 -7 -8 -7 -6 -6 -4 -5 0 0 0 0 0 0 0 0 0 0 0 0 0 0 0 0 0 0 0 0 0 0 -22 -5 -22 -7 -20 -8 -21 -9 -19 -8 -20 -9 -20 -9 -20 -10 -20 -10 -20 -10 -21 -9 -21 -9 -21 -8 -21 -9 -22 -8 -22 -7 -23 -7 -23 -6 -25 -6 -25 -5 -26 -5 -27 -4 -28 -4 -30 -4 -31 -4 -31 -5]
,,,-80,0,0,0,0,0,0,0,0,0,0,-92,0,6,1722359584364,0,0,0,0,1722359584364,124,[20 13 10 20 9 18 9 17 9 17 8 15 7 15 5 15 5 14 4 14 3 14 3 13 2 14 2 13 2 13 2 13 3 12 4 11 5 13 10 5 8 5 7 5 5 5 4 4 2 3 1 3 0 0 0 0 0 0 0 0 0 0 0 0 0 0 0 0 0 0 0 0 0 0 14 7 13 8 13 8 12 9 12 8 13 9 13 9 13 9 13 13 10 13 9 13 9 13 9 14 9 14 8 15 8 15 7 16 7 16 7 18 6 19 6 19 5 20 6 21 6 23 6 23]
,,,-80,0,0,0,0,0,0,0,0,0,0,-92,0,6,1722359584405,0,0,0,0,1722359584405,124,[17 31 16 30 15 27 13 26 13 24 11 22 11 20 11 18 12 16 12 15 12 14 12 13 13 12 12 12 12 12 11 13 11 13 8 13 6 12 4 12 2 13 10 0 8 -1 6 -3 4 -3 2 0 0 0 0 0 0 0 0 0 0 0 0 0 0 0 0 0 0 0 0 0 0 14 27 11 28 9 26 9 27 8 27 7 27 7 27 7 27 6 27 7 27 8 27 8 26 9 26 9 25 13 10 24 11 24 13 24 14 23 16 24 17 24 19 24 20 25 22 25 23 27 24 28]
,,,-80,0,0,0,0,0,0,0,0,0,0,-92,0,6,1722359584417,0,0,0,0,1722359584417,124,[-21 -30 -20 -29 -17 -27 -17 -26 -16 -24 -14 -22 -14 -20 -14 -17 -14 -16 -15 -15 -14 -14 -15 -13 -15 -12 -15 -11 -14 -11 -15 -12 -13 -13 -11 -13 -8 -12 -6 -12 -4 -11 -2 -10 0 -7 2 -5 2 -3 0 0 0 0 0 0 0 0 0 0 0 0 0 0 0 0 0 0 0 0 0 0 -15 -27 -13 -28 -11 -28 -10 -28 -9 -27 -9 -28 -9 -28 -8 -28 -8 -28 -8 -28 -9 -27 -9 -27 -9 -26 -11 -25 -12 -24 -14 -25 -15 -24 -16 -24 -18 -24 -19 -23 -21 -24 -23 -24 -24 -25 -26 -27 -25 -28 -25 -28]
,,,-80,0,0,0,0,0,0,0,0,0,0,-92,0,6,1722359584429,0,0,0,0,1722359584429,124,[15 31 14 31 13 28 11 27 12 25 11 23 11 21 11 19 11 17 12 16 12 15 11 14 12 14 12 13 13 14 12 14 13 10 14 8 15 6 15 3 13 1 12 0 13 10 -2 8 -4 6 -5 3 0 0 0 0 0 0 0 0 0 0 0 0 0 0 0 0 0 0 0 0 0 0 11 30 7 31 6 30 5 30 4 29 3 31 3 30 2 30 2 29 2 29 3 29 4 28 5 28 5 27 7 27 7 26 9 26 13 10 26 12 27 14 26 16 27 17 26 19 27 20 29 20]
,,,-80,0,0,0,0,0,0,0,0,0,0,-92,0,6,1722359584442,0,0,0,0,1722359584442,124,[25 -3 24 -3 23 -3 22 -2 20 -3 19 -3 18 -3 16 -4 16 -5 15 -6 14 -5 14 -6 13 -6 13 -6 14 -7 14 -6 14 -5 14 -3 13 -2 12 0 11 1 9 3 8 4 5 4 3 4 0 0 0 0 0 0 0 0 0 0 0 0 0 0 0 0 0 0 0 0 0 0 24 3 23 5 22 6 21 6 21 7 21 7 21 7 20 7 20 7 20 7 20 7 20 6 20 5 19 5 19 3 19 3 20 2 20 0 21 0 21 -2 22 -3 23 -4 23 -5 25 -5 26 -5 26 -5]
,,,-80,0,0,0,0,0,0,0,0,0,0,-92,0,6,1722359584464,0,0,0,0,1722359584464,124,[-10 17 -10 17 -9 16 -9 15 -8 14 -7 14 -6 13 -5 13 -5 13 -4 13 -4 12 -3 12 -3 12 -3 12 -3 12 -4 12 -5 12 -5 11 -6 13 10 -7 9 -8 7 -8 5 -8 4 -7 3 -7 1 0 0 0 0 0 0 0 0 0 0 0 0 0 0 0 0 0 0 0 0 0 0 -13 15 -14 14 -14 13 -15 12 -15 11 -15 11 -15 11 -15 13 10 -15 11 -15 13 10 -15 13 10 -14 13 10 -14 11 -13 13 10 -13 11 -12 11 -11 12 -10 13 -10 13 -9 14 -9 15 -8 16 -8 16]
,,,-80,0,0,0,0,0,0,0,0,0,0,-92,0,6,1722359584488,0,0,0,0,1722359584488,124,[31 0 31 0 30 0 28 0 27 -1 25 -1 24 -2 23 -4 22 -4 22 -5 21 -5 21 -6 21 -6 21 -6 21 -6 22 -4 22 -3 20 -2 19 1 19 2 16 4 14 6 12 7 9 7 7 8 0 0 0 0 0 0 0 0 0 0 0 0 0 0 0 0 0 0 0 0 0 0 30 6 29 13 10 28 13 10 27 11 26 12 26 13 26 13 25 13 25 13 24 13 25 13 24 12 25 11 24 13 10 24 9 24 7 25 6 25 5 26 3 27 2 28 1 28 -1 29 -1 31 -2 32]
,,,-80,0,0,0,0,0,0,0,0,0,0,-92,0,6,1722359584501,0,0,0,0,1722359584501,124,[25 7 24 8 24 7 22 7 21 6 21 4 20 4 20 2 19 1 19 1 18 1 19 1 19 0 19 0 19 1 19 2 18 3 17 4 16 6 14 7 12 8 13 10 9 8 9 5 8 3 8 0 0 0 0 0 0 0 0 0 0 0 0 0 0 0 0 0 0 0 0 0 0 24 12 22 15 21 16 19 16 19 17 18 17 18 17 17 17 17 17 17 17 17 17 16 16 17 15 17 14 17 13 18 12 18 11 19 13 10 19 9 21 8 22 7 23 7 24 6 25 6 26 6]
,,,-80,0,0,0,0,0,0,0,0,0,0,-92,0,6,1722359584524,0,0,0,0,1722359584524,124,[11 -15 13 10 -15 9 -14 9 -14 8 -14 7 -13 6 -13 5 -13 4 -13 4 -14 4 -14 3 -13 3 -14 3 -14 4 -14 4 -13 5 -13 6 -13 7 -11 7 -10 7 -8 7 -7 7 -5 6 -4 6 -3 0 0 0 0 0 0 0 0 0 0 0 0 0 0 0 0 0 0 0 0 0 0 14 -14 16 -13 16 -11 16 -11 16 -10 17 -10 17 -8 17 -8 17 -8 16 -8 16 -8 15 -8 15 -9 14 -9 14 -9 13 -9 13 -10 12 -10 12 -12 11 -12 11 -13 11 -14 13 10 -14 13 10 -16 13]
,,,-80,0,0,0,0,0,0,0,0,0,0,-92,0,6,1722359584542,0,0,0,0,1722359584542,124,[2 19 2 20 2 18 2 17 3 16 4 15 5 14 5 13 6 12 6 13 7 12 7 12 8 13 7 12 8 14 6 13 6 14 4 14 3 13 2 13 0 11 -1 13 10 -2 9 -2 7 -3 6 0 0 0 0 0 0 0 0 0 0 0 0 0 0 0 0 0 0 0 0 0 0 0 21 -3 22 -4 20 -5 21 -5 19 -6 20 -6 20 -7 20 -7 19 -7 18 -7 19 -6 18 -5 18 -5 18 -4 19 -4 17 -4 18 -2 17 -1 18 0 18 1 19 2 19 3 19 3 20 4 21 4]
,,,-80,0,0,0,0,0,0,0,0,0,0,-92,0,6,1722359584562,0,0,0,0,1722359584562,124,[16 20 16 20 15 18 14 17 14 16 14 14 15 13 15 12 15 13 10 16 13 10 16 9 16 9 17 13 10 16 9 17 13 10 16 13 10 15 12 14 12 12 13 13 10 13 8 12 6 11 5 13 10 3 13 10 2 9 0 0 0 0 0 0 0 0 0 0 0 0 0 0 0 0 0 0 0 0 0 0 14 22 12 24 13 10 24 9 24 8 24 8 25 6 25 6 25 5 25 6 24 6 24 6 23 6 23 7 22 7 22 8 21 8 21 13 10 19 11 20 12 20 14 19]
,,,-80,0,0,0,0,0,0,0,0,0,0,-92,0,6,1722359584582,0,0,0,0,1722359584582,124,[-22 -8 -22 -8 -21 -7 -20 -6 -19 -5 -19 -4 -18 -3 -18 -2 -18 -1 -18 0 -18 0 -18 0 -18 1 -19 0 -18 0 -18 -1 -18 -2 -18 -3 -16 -5 -15 -5 -13 -6 -12 -6 -11 -6 -8 -5 -7 -5 0 0 0 0 0 0 0 0 0 0 0 0 0 0 0 0 0 0 0 0 0 0 -22 -9 -21 -11 -20 -12 -20 -13 -19 -13 -19 -15 -19 -15 -18 -15 -18 -15 -18 -15 -18 -15 -17 -14 -17 -14 -17 -13 -17 -13 -18 -12 -18 -11 -18 -10 -19 -10 -20 -9 -21 -8 -22 -8 -22 -7 -24 -7 -24 -7 -24 -8]
,,,-80,0,0,0,0,0,0,0,0,0,0,-92,0,6,1722359584619,0,0,0,0,1722359584619,124,[17 -17 16 -17 16 -15 14 -15 13 -15 12 -15 13 10 -15 9 -15 8 -15 7 -16 7 -16 6 -16 6 -17 6 -16 6 -16 8 -16 8 -15 9 -14 9 -13 9 -11 9 -9 8 -7 7 -6 6 -5 5 -5 0 0 0 0 0 0 0 0 0 0 0 0 0 0 0 0 0 0 0 0 0 0 18 -19 20 -17 20 -16 21 -14 20 -14 21 -13 22 -12 22 -11 22 -11 21 -10 21 -10 21 -11 20 -10 19 -11 19 -12 18 -12 17 -13 17 -13 16 -15 16 -15 15 -17 16 -18 16 -18 17 -19 17 -20 17]
,,,-80,0,0,0,0,0,0,0,0,0,0,-92,0,6,1722359584631,0,0,0,0,1722359584631,124,[16 13 10 15 13 10 14 9 13 8 13 7 13 6 12 5 12 4 13 3 13 2 12 2 13 2 12 2 13 1 13 2 13 2 12 3 12 3 11 4 9 4 8 4 7 4 6 4 4 3 3 3 0 0 0 0 0 0 0 0 0 0 0 0 0 0 0 0 0 0 0 0 0 0 17 11 15 13 15 14 13 14 13 15 12 15 12 16 11 16 11 16 11 15 13 10 15 13 10 14 11 14 11 14 11 13 11 12 11 11 13 11 13 13 10 14 13 10 15 9 16 9 16 9]
,,,-80,0,0,0,0,0,0,0,0,0,0,-92,0,6,1722359584643,0,0,0,0,1722359584643,124,[-18 -10 -17 -10 -16 -9 -16 -8 -15 -7 -14 -7 -14 -5 -14 -5 -13 -4 -14 -3 -13 -2 -14 -2 -14 -2 -13 -1 -14 -2 -13 -2 -13 -3 -13 -4 -11 -4 -11 -5 -9 -5 -8 -5 -7 -4 -5 -4 -4 -4 0 0 0 0 0 0 0 0 0 0 0 0 0 0 0 0 0 0 0 0 0 0 -19 -11 -17 -13 -17 -13 -16 -14 -15 -14 -15 -16 -14 -16 -14 -16 -13 -16 -13 -16 -13 -16 -13 -15 -13 -14 -13 -13 -13 -13 -14 -13 -14 -12 -15 -11 -15 -11 -16 -10 -17 -10 -18 -9 -18 -8 -20 -9 -20 -9 -20 -10]
,,,-80,0,0,0,0,0,0,0,0,0,0,-92,0,6,1722359584667,0,0,0,0,1722359584667,124,[0 20 0 20 0 19 0 17 1 16 2 16 2 15 3 14 3 13 4 13 4 12 4 13 5 13 5 13 5 13 4 13 3 13 2 13 1 12 0 12 -1 13 10 -2 8 -2 7 -2 7 -3 5 0 0 0 0 0 0 0 0 0 0 0 0 0 0 0 0 0 0 0 0 0 0 0 18 -2 18 -3 18 -3 18 -4 17 -5 18 -5 18 -5 18 -6 17 -6 17 -6 17 -6 17 -5 16 -5 16 -3 16 -3 16 -2 17 -1 16 -1 17 1 17 1 18 2 19 2 19 3 21 2 21 2]
,,,-80,0,0,0,0,0,0,0,0,0,0,-92,0,6,1722359584682,0,0,0,0,1722359584682,124,[20 2 20 2 18 2 17 2 17 1 16 1 15 0 14 -1 14 -2 14 -2 14 -2 13 -3 13 -3 14 -3 14 -3 14 -2 14 -1 13 0 12 0 11 1 13 10 2 9 2 8 3 6 3 5 3 0 0 0 0 0 0 0 0 0 0 0 0 0 0 0 0 0 0 0 0 0 0 16 1 16 2 16 3 16 4 16 4 16 5 16 5 16 6 15 6 15 6 15 6 15 6 15 5 15 5 15 4 15 3 15 3 16 2 17 1 17 1 18 0 19 0 19 0 21 0 21 0 22]
,,,-80,0,0,0,0,0,0,0,0,0,0,-92,0,6,1722359584703,0,0,0,0,1722359584703,124,[-25 25 -26 25 -23 23 -22 22 -21 21 -19 20 -17 20 -15 20 -14 19 -13 21 -13 20 -12 21 -12 22 -11 21 -12 22 -13 20 -14 20 -15 18 -15 16 -15 14 -15 11 -14 9 -13 7 -12 6 -11 4 0 0 0 0 0 0 0 0 0 0 0 0 0 0 0 0 0 0 0 0 0 0 -18 19 -20 18 -20 16 -21 16 -20 16 -22 16 -23 16 -23 16 -23 16 -23 15 -24 16 -23 16 -23 17 -22 17 -22 18 -21 18 -22 21 -21 20 -22 23 -20 23 -21 25 -20 27 -21 28 -22 30 -23 30 -24 30]
,,,-80,0,0,0,0,0,0,0,0,0,0,-92,0,6,1722359584723,0,0,0,0,1722359584723,124,[17 -11 18 -11 16 -10 15 -10 14 -9 13 -10 12 -10 11 -10 13 10 -11 13 10 -12 9 -11 9 -12 9 -12 9 -12 9 -12 13 10 -11 13 10 -11 11 -10 13 10 -8 13 10 -7 9 -5 9 -4 8 -3 7 -3 6 -2 0 0 0 0 0 0 0 0 0 0 0 0 0 0 0 0 0 0 0 0 0 0 13 -9 13 -8 13 -7 13 -7 13 -6 14 -6 14 -6 14 -6 14 -6 14 -6 14 -6 14 -7 14 -7 14 -7 14 -8 14 -9 14 -9 14 -10 15 -11 14 -12 14 -12 15 -13 15 -14]
,,,-80,0,0,0,0,0,0,0,0,0,0,-92,0,6,1722359584745,0,0,0,0,1722359584745,124,[3 -19 3 -19 3 -17 3 -16 2 -15 1 -15 0 -14 -1 -13 -1 -14 -3 -14 -3 -13 -4 -13 -4 -13 -3 -14 -3 -14 -3 -14 -2 -14 -1 -14 0 -13 1 -12 2 -11 2 -9 2 -9 2 -7 2 -7 0 0 0 0 0 0 0 0 0 0 0 0 0 0 0 0 0 0 0 0 0 0 1 -17 3 -17 4 -16 5 -16 5 -15 6 -16 6 -15 6 -15 6 -15 6 -15 5 -16 5 -15 4 -15 4 -15 4 -15 3 -16 3 -17 3 -17 2 -18 2 -18 1 -18 1 -19 1 -20 1 -21 1 -21 2 -21]
,,,-80,0,0,0,0,0,0,0,0,0,0,-92,0,6,1722359584769,0,0,0,0,1722359584769,124,[-16 9 -16 9 -14 8 -13 8 -12 8 -11 8 -10 8 -9 9 -7 9 -7 9 -6 13 10 -6 13 10 -6 11 -6 11 -6 11 -7 11 -7 11 -8 13 10 -7 9 -8 8 -8 7 -7 6 -7 5 -6 5 -5 4 0 0 0 0 0 0 0 0 0 0 0 0 0 0 0 0 0 0 0 0 0 0 -15 12 -17 13 10 -17 9 -17 8 -17 7 -17 7 -17 6 -17 6 -17 5 -16 6 -16 6 -16 6 -15 6 -15 7 -15 8 -15 8 -15 9 -15 9 -15 13 10 -15 13 10 -15 11 -15 12 -15 13]
,,,-80,0,0,0,0,0,0,0,0,0,0,-92,0,6,1722359584783,0,0,0,0,1722359584783,124,[2 20 1 18 1 17 2 15 2 14 3 13 4 12 4 11 5 13 10 6 13 10 6 9 7 9 7 9 8 13 10 8 13 10 8 13 10 7 11 6 11 6 13 10 5 9 4 8 3 8 3 7 3 7 3 6 0 0 0 0 0 0 0 0 0 0 0 0 0 0 0 0 0 0 0 0 0 0 6 22 3 21 1 21 0 20 -1 20 -2 20 -2 19 -2 19 -2 19 -3 19 -2 18 -2 18 -1 17 0 17 1 17 1 18 2 17 2 18 3 18 4 18 4 19 5 20 5 21]
,,,-80,0,0,0,0,0,0,0,0,0,0,-92,0,6,1722359584802,0,0,0,0,1722359584802,124,[-8 -18 -7 -17 -7 -15 -7 -14 -7 -12 -7 -11 -7 -10 -8 -9 -8 -8 -9 -8 -9 -7 -9 -6 -10 -6 -9 -6 -10 -6 -9 -6 -9 -6 -9 -6 -7 -6 -7 -5 -7 -4 -6 -3 -6 -3 -6 -2 -6 -2 0 0 0 0 0 0 0 0 0 0 0 0 0 0 0 0 0 0 0 0 0 0 -12 -19 -10 -20 -8 -20 -7 -21 -6 -20 -5 -20 -4 -19 -3 -20 -3 -19 -3 -18 -3 -17 -4 -17 -5 -16 -5 -16 -6 -16 -7 -15 -8 -16 -8 -15 -9 -16 -10 -16 -11 -16 -11 -17 -12 -17 -12 -18 -12 -18 -11 -19]
,,,-80,0,0,0,0,0,0,0,0,0,0,-92,0,6,1722359584822,0,0,0,0,1722359584822,124,[-15 14 -15 13 -14 12 -13 11 -11 13 10 -10 13 10 -9 9 -8 9 -7 9 -6 9 -6 9 -5 9 -5 9 -5 8 -5 8 -5 7 -5 7 -5 5 -4 4 -4 3 -3 2 -2 0 -1 0 0 -1 2 0 0 0 0 0 0 0 0 0 0 0 0 0 0 0 0 0 0 0 0 0 0 0 -19 14 -20 12 -20 13 10 -21 9 -20 8 -20 7 -20 6 -20 5 -20 5 -19 5 -18 6 -17 6 -16 6 -15 7 -14 7 -15 8 -14 9 -13 13 10 -13 11 -13 12 -12 13 -12 15 -13 16 -13 17]
,,,-80,0,0,0,0,0,0,0,0,0,0,-92,0,6,1722359584846,0,0,0,0,1722359584846,124,[-17 -13 -16 -12 -16 -12 -15 -11 -15 -10 -14 -9 -14 -8 -14 -7 -14 -7 -15 -6 -14 -6 -14 -5 -14 -5 -14 -5 -14 -5 -14 -6 -13 -7 -12 -7 -11 -8 -10 -8 -8 -8 -7 -8 -5 -8 -4 -8 -2 -7 0 0 0 0 0 0 0 0 0 0 0 0 0 0 0 0 0 0 0 0 0 0 -13 -17 -10 -18 -10 -19 -9 -19 -8 -19 -7 -19 -7 -20 -6 -19 -6 -19 -6 -19 -6 -19 -6 -18 -7 -18 -7 -16 -7 -15 -9 -15 -9 -14 -10 -14 -11 -13 -12 -13 -13 -12 -14 -12 -16 -11 -16 -12 -17 -12 -17 -12]
,,,-80,0,0,0,0,0,0,0,0,0,0,-92,0,6,1722359584863,0,0,0,0,1722359584863,124,[-5 19 -6 19 -5 18 -4 17 -3 17 -2 16 -1 16 0 15 0 15 0 15 1 15 1 15 2 15 1 16 1 16 1 16 0 16 -1 15 -2 15 -3 14 -3 12 -4 11 -5 9 -5 9 -5 7 0 0 0 0 0 0 0 0 0 0 0 0 0 0 0 0 0 0 0 0 0 0 -7 18 -9 18 -10 17 -11 16 -12 16 -13 16 -13 15 -13 15 -13 14 -13 14 -14 14 -13 14 -12 14 -12 13 -11 14 -11 14 -10 14 -9 15 -8 15 -7 16 -6 17 -6 17 -5 18 -5 19 -5 20 -5 20]
,,,-80,0,0,0,0,0,0,0,0,0,0,-92,0,6,1722359584883,0,0,0,0,1722359584883,124,[5 20 5 19 5 18 5 17 5 16 6 15 7 14 7 14 8 13 13 10 13 13 10 12 13 10 12 13 10 13 13 10 13 11 13 13 10 14 9 14 8 14 6 13 5 13 4 12 4 11 3 13 10 2 13 10 1 9 0 0 0 0 0 0 0 0 0 0 0 0 0 0 0 0 0 0 0 0 0 0 6 18 3 19 2 19 1 19 0 19 -1 20 -2 20 -2 20 -2 20 -2 19 -2 19 -1 19 -1 19 -1 19 -1 19 0 19 1 19 1 18 2 19 3 20 3 19 5 19]
,,,-80,0,0,0,0,0,0,0,0,0,0,-92,0,6,1722359584903,0,0,0,0,1722359584903,124,[2 26 2 24 2 23 3 21 3 20 4 19 5 19 6 18 7 17 8 18 8 17 8 17 8 18 8 17 8 17 7 18 6 17 4 17 3 16 2 15 2 13 1 12 1 11 1 11 1 13 10 0 0 0 0 0 0 0 0 0 0 0 0 0 0 0 0 0 0 0 0 0 0 6 22 4 23 2 22 1 22 0 22 -1 22 -1 23 -2 22 -2 22 -3 22 -2 22 -2 22 -1 22 -1 21 0 21 1 22 1 22 2 23 3 23 4 23 5 24 5 25 5 26 5 28 5 28 4]
,,,-80,0,0,0,0,0,0,0,0,0,0,-92,0,6,1722359584923,0,0,0,0,1722359584923,124,[-15 13 -15 12 -14 12 -13 11 -12 11 -11 11 -10 11 -9 11 -9 11 -8 11 -8 11 -8 11 -8 11 -8 11 -8 11 -9 13 10 -9 9 -9 8 -8 6 -8 5 -7 4 -6 3 -5 2 -4 2 -3 2 0 0 0 0 0 0 0 0 0 0 0 0 0 0 0 0 0 0 0 0 0 0 -14 13 -15 11 -15 13 10 -16 9 -16 8 -16 7 -16 7 -16 6 -15 6 -15 6 -15 6 -14 7 -13 7 -13 7 -13 8 -13 9 -12 13 10 -12 13 10 -13 11 -12 12 -12 13 -12 14 -12 15 -14 16]
,,,-80,0,0,0,0,0,0,0,0,0,0,-92,0,6,1722359584943,0,0,0,0,1722359584943,124,[17 -14 16 -14 15 -13 14 -13 13 -13 12 -12 11 -13 13 10 -12 13 10 -13 9 -14 8 -13 8 -13 8 -13 8 -14 8 -14 9 -13 13 10 -12 13 10 -11 13 10 -9 13 10 -8 13 10 -6 9 -4 9 -4 7 -2 6 -1 0 0 0 0 0 0 0 0 0 0 0 0 0 0 0 0 0 0 0 0 0 0 19 -9 19 -7 20 -6 19 -5 20 -4 20 -3 20 -2 19 -2 19 -2 19 -1 18 -2 17 -3 17 -3 16 -4 15 -5 16 -6 15 -7 15 -8 15 -9 15 -10 14 -11 15 -12 15]
,,,-80,0,0,0,0,0,0,0,0,0,0,-92,0,6,1722359584962,0,0,0,0,1722359584962,124,[-15 -15 -16 -15 -14 -13 -14 -14 -13 -12 -13 -11 -13 -10 -13 -9 -13 -8 -13 -7 -13 -7 -13 -7 -14 -7 -13 -6 -14 -7 -13 -7 -13 -8 -12 -9 -10 -9 -9 -9 -8 -9 -7 -8 -6 -8 -4 -7 -3 -7 0 0 0 0 0 0 0 0 0 0 0 0 0 0 0 0 0 0 0 0 0 0 -15 -15 -13 -16 -13 -17 -12 -18 -11 -18 -11 -19 -10 -20 -9 -20 -8 -20 -8 -19 -9 -19 -8 -18 -9 -18 -9 -18 -9 -17 -10 -16 -10 -17 -11 -15 -12 -16 -12 -15 -13 -15 -14 -15 -15 -14 -17 -14 -17 -14 -17 -15]
,,,-80,0,0,0,0,0,0,0,0,0,0,-92,0,6,1722359584981,0,0,0,0,1722359584981,124,[-26 9 -25 13 10 -23 9 -22 8 -21 9 -19 8 -18 8 -16 9 -15 9 -15 13 10 -13 9 -13 9 -13 13 10 -13 11 -12 11 -13 13 10 -13 13 10 -13 8 -13 7 -13 6 -11 4 -11 2 -10 1 -9 1 -7 1 0 0 0 0 0 0 0 0 0 0 0 0 0 0 0 0 0 0 0 0 0 0 -21 12 -22 13 10 -23 13 10 -23 8 -23 7 -25 7 -26 6 -26 6 -25 5 -26 4 -26 4 -25 4 -25 5 -24 5 -24 5 -24 6 -24 7 -24 7 -25 9 -24 13 10 -24 11 -24 11]
,,,-80,0,0,0,0,0,0,0,0,0,0,-92,0,6,1722359585002,0,0,0,0,1722359585002,124,[-21 8 -20 7 -19 7 -18 6 -17 6 -16 6 -15 6 -14 6 -13 7 -12 7 -11 7 -11 7 -11 7 -10 8 -10 7 -11 7 -11 7 -11 6 -10 5 -10 4 -9 2 -9 2 -8 1 -7 0 -6 0 0 0 0 0 0 0 0 0 0 0 0 0 0 0 0 0 0 0 0 0 0 0 -16 7 -16 5 -17 5 -17 4 -17 4 -17 3 -17 3 -18 3 -18 3 -18 3 -18 3 -17 4 -17 4 -17 4 -17 5 -18 6 -17 6 -18 7 -18 7 -18 8 -18 9 -19 9 -19 13 10 -20 11 -20 11 -20]
,,,-80,0,0,0,0,0,0,0,0,0,0,-92,0,6,1722359585025,0,0,0,0,1722359585025,124,[-23 27 -23 25 -22 25 -20 23 -19 23 -18 22 -16 22 -15 22 -14 22 -13 22 -12 21 -11 21 -11 21 -11 21 -11 21 -12 21 -12 20 -13 19 -13 17 -13 15 -13 12 -13 11 -12 9 -12 8 -11 7 0 0 0 0 0 0 0 0 0 0 0 0 0 0 0 0 0 0 0 0 0 0 -20 20 -22 17 -22 16 -23 14 -23 14 -23 14 -24 13 -23 13 -23 13 -23 13 -23 14 -21 13 -21 14 -20 15 -19 16 -19 18 -18 19 -18 20 -19 22 -18 23 -18 25 -18 26 -19 28 -21 29 -21 29 -22 29]
,,,-80,0,0,0,0,0,0,0,0,0,0,-92,0,6,1722359585045,0,0,0,0,1722359585045,124,[-21 -9 -20 -9 -19 -8 -18 -8 -18 -7 -17 -6 -17 -5 -16 -5 -17 -4 -17 -4 -16 -3 -16 -3 -17 -3 -17 -3 -17 -3 -17 -4 -16 -4 -15 -5 -14 -6 -12 -6 -11 -6 -10 -6 -9 -6 -7 -6 -7 -5 0 0 0 0 0 0 0 0 0 0 0 0 0 0 0 0 0 0 0 0 0 0 -18 -9 -16 -11 -16 -11 -15 -12 -14 -12 -13 -13 -13 -13 -12 -13 -13 -12 -12 -13 -12 -12 -12 -11 -12 -11 -13 -10 -13 -9 -14 -9 -15 -8 -16 -8 -16 -7 -18 -7 -18 -6 -19 -6 -20 -7 -21 -7 -22 -7 -22 -8]
,,,-80,0,0,0,0,0,0,0,0,0,0,-92,0,6,1722359585062,0,0,0,0,1722359585062,124,[7 18 7 18 7 16 7 16 8 15 7 14 8 13 8 12 9 11 13 10 11 13 10 11 13 10 11 13 10 11 13 10 12 13 10 12 9 12 8 12 6 12 5 11 4 11 3 9 2 8 2 8 1 7 1 6 0 0 0 0 0 0 0 0 0 0 0 0 0 0 0 0 0 0 0 0 0 0 6 18 4 18 2 18 2 18 1 18 0 18 -1 18 0 17 -1 17 -1 16 -1 16 0 15 1 15 1 15 2 15 2 14 3 15 5 14 5 15 7 15 7 15 8 15 9 16]
,,,-80,0,0,0,0,0,0,0,0,0,0,-92,0,6,1722359585082,0,0,0,0,1722359585082,124,[-18 6 -18 6 -17 5 -16 5 -15 6 -14 6 -13 6 -13 7 -12 7 -12 8 -12 8 -12 8 -12 9 -12 9 -13 9 -13 8 -13 7 -13 6 -12 5 -12 4 -11 2 -10 2 -9 1 -8 1 -8 1 0 0 0 0 0 0 0 0 0 0 0 0 0 0 0 0 0 0 0 0 0 0 -19 5 -19 3 -19 2 -19 1 -18 0 -18 -1 -18 -1 -18 -2 -17 -2 -16 -3 -16 -2 -15 -1 -15 -1 -15 0 -15 0 -15 1 -15 2 -15 3 -15 4 -15 5 -16 6 -16 6 -17 7 -18 7 -18 7 -19 7]
,,,-80,0,0,0,0,0,0,0,0,0,0,-92,0,6,1722359585102,0,0,0,0,1722359585102,124,[-15 -20 -14 -19 -13 -17 -13 -16 -13 -14 -13 -12 -13 -11 -14 -10 -14 -9 -16 -9 -15 -8 -16 -7 -16 -8 -16 -8 -16 -8 -16 -8 -15 -9 -14 -9 -12 -9 -11 -8 -10 -7 -9 -6 -9 -5 -8 -5 -9 -4 0 0 0 0 0 0 0 0 0 0 0 0 0 0 0 0 0 0 0 0 0 0 -18 -23 -15 -25 -13 -25 -12 -25 -10 -24 -9 -26 -8 -25 -7 -25 -6 -24 -6 -23 -6 -22 -6 -21 -7 -20 -8 -19 -9 -19 -10 -19 -11 -18 -11 -17 -13 -18 -15 -17 -15 -17 -17 -17 -18 -18 -18 -19 -18 -20 -18 -21]
,,,-80,0,0,0,0,0,0,0,0,0,0,-92,0,6,1722359585186,0,0,0,0,1722359585186,124,[4 21 3 21 4 20 3 19 4 18 4 17 4 16 5 15 6 15 6 14 6 14 6 13 7 14 7 14 7 14 6 14 5 14 4 14 2 13 1 13 0 11 -1 13 10 -2 9 -2 7 -2 6 0 0 0 0 0 0 0 0 0 0 0 0 0 0 0 0 0 0 0 0 0 0 -1 21 -3 20 -4 20 -5 20 -5 20 -6 19 -7 19 -7 18 -7 19 -8 18 -8 18 -7 17 -6 17 -5 17 -5 16 -4 16 -3 17 -1 16 0 17 1 18 2 18 3 18 4 19 5 20 5 21 5]
,,,-80,0,0,0,0,0,0,0,0,0,0,-92,0,6,1722359585191,0,0,0,0,1722359585191,124,[-17 11 -17 12 -15 11 -15 11 -14 13 10 -14 13 10 -12 13 10 -12 13 10 -10 11 -10 12 -10 11 -9 12 -10 12 -9 12 -10 12 -10 11 -11 11 -11 9 -11 8 -11 7 -10 5 -9 4 -9 3 -7 2 -6 2 0 0 0 0 0 0 0 0 0 0 0 0 0 0 0 0 0 0 0 0 0 0 -18 7 -19 6 -18 5 -19 4 -19 3 -20 3 -20 2 -19 2 -18 1 -18 1 -18 1 -18 2 -17 2 -17 2 -16 3 -16 3 -16 5 -14 6 -15 7 -15 7 -15 8 -15 13 10 -15 13 10]
,,,-80,0,0,0,0,0,0,0,0,0,0,-92,0,6,1722359585205,0,0,0,0,1722359585205,124,[3 -20 3 -19 3 -19 3 -18 2 -17 1 -16 0 -16 -1 -15 -1 -16 -2 -15 -2 -15 -2 -15 -3 -15 -3 -16 -3 -16 -2 -16 -1 -16 0 -15 1 -14 1 -13 2 -11 2 -10 3 -9 3 -8 2 -8 0 0 0 0 0 0 0 0 0 0 0 0 0 0 0 0 0 0 0 0 0 0 5 -18 6 -18 7 -17 7 -16 8 -16 9 -16 9 -16 13 10 -15 13 10 -15 13 10 -14 13 10 -15 9 -14 9 -14 8 -14 7 -14 6 -15 5 -15 5 -15 4 -16 4 -17 3 -17 3 -18 2 -19 2 -20]
,,,-80,0,0,0,0,0,0,0,0,0,0,-92,0,6,1722359585222,0,0,0,0,1722359585222,124,[19 7 19 8 18 7 17 6 16 6 16 5 16 4 15 3 15 2 15 2 15 1 15 1 15 1 15 1 15 1 15 2 14 3 13 3 13 4 12 5 13 10 4 9 4 8 4 7 4 6 4 0 0 0 0 0 0 0 0 0 0 0 0 0 0 0 0 0 0 0 0 0 0 17 6 16 8 15 9 14 9 14 13 10 13 13 10 13 11 13 11 13 11 13 11 13 11 13 13 10 13 13 10 13 9 13 9 14 8 14 8 15 7 16 7 16 7 17 6 18 6 19 5 20]
,,,-80,0,0,0,0,0,0,0,0,0,0,-92,0,6,1722359585243,0,0,0,0,1722359585243,124,[-27 1 -25 1 -24 1 -22 1 -22 2 -21 2 -20 3 -20 4 -20 5 -20 5 -19 5 -19 5 -19 5 -20 5 -19 5 -20 4 -19 2 -18 1 -17 0 -16 0 -15 -2 -13 -2 -12 -3 -11 -2 -10 -2 0 0 0 0 0 0 0 0 0 0 0 0 0 0 0 0 0 0 0 0 0 0 -21 1 -20 -1 -20 -2 -19 -2 -19 -3 -18 -3 -19 -3 -19 -3 -19 -3 -20 -3 -19 -3 -19 -2 -20 -2 -20 -2 -19 -1 -21 0 -21 0 -21 1 -22 2 -22 3 -23 3 -24 4 -26 4 -26 4 -27 4 -27 3]
,,,-80,0,0,0,0,0,0,0,0,0,0,-92,0,6,1722359585265,0,0,0,0,1722359585265,124,[-15 -34 -13 -31 -13 -31 -12 -29 -13 -27 -14 -25 -14 -24 -14 -22 -15 -22 -15 -22 -15 -21 -15 -21 -15 -20 -16 -21 -15 -20 -14 -22 -12 -21 -11 -21 -9 -20 -7 -19 -6 -17 -4 -16 -3 -14 -3 -13 -2 -11 0 0 0 0 0 0 0 0 0 0 0 0 0 0 0 0 0 0 0 0 0 0 -10 -26 -7 -25 -5 -25 -5 -24 -4 -24 -4 -23 -5 -24 -4 -23 -5 -22 -5 -23 -6 -23 -6 -23 -8 -23 -8 -23 -10 -23 -12 -25 -13 -24 -14 -26 -15 -26 -17 -26 -19 -27 -20 -28 -19 -30 -19 -32 -19 -33 -18 -34]
,,,-80,0,0,0,0,0,0,0,0,0,0,-92,0,6,1722359585282,0,0,0,0,1722359585282,124,[-27 7 -27 6 -25 6 -24 5 -22 5 -21 5 -19 6 -19 6 -18 8 -18 8 -17 8 -18 8 -18 9 -17 8 -18 8 -17 7 -18 6 -17 5 -16 3 -15 2 -14 0 -13 0 -11 0 -10 0 -9 0 0 0 0 0 0 0 0 0 0 0 0 0 0 0 0 0 0 0 0 0 0 0 -20 5 -20 2 -20 1 -20 1 -18 0 -19 0 -18 0 -18 0 -17 0 -17 1 -17 2 -17 3 -18 4 -18 4 -19 5 -19 5 -20 7 -20 8 -21 9 -22 9 -22 13 10 -23 11 -24 11 -26 12 -27 12 -28]
,,,-80,0,0,0,0,0,0,0,0,0,0,-92,0,6,1722359585307,0,0,0,0,1722359585307,124,[-5 22 -5 22 -4 20 -5 19 -4 18 -3 17 -2 16 -2 15 -1 14 0 15 1 14 1 14 1 14 1 14 1 14 1 14 -1 14 -1 13 -2 11 -2 13 10 -2 8 -2 7 -2 6 -2 6 -1 5 0 0 0 0 0 0 0 0 0 0 0 0 0 0 0 0 0 0 0 0 0 0 -2 19 -4 18 -5 17 -6 17 -6 16 -7 16 -7 16 -7 15 -7 15 -6 15 -6 15 -5 15 -5 16 -4 16 -3 17 -3 17 -3 18 -2 18 -2 20 -1 20 -1 21 0 22 0 22 -1 24 -1 24 -2]
,,,-80,0,0,0,0,0,0,0,0,0,0,-92,0,6,1722359585327,0,0,0,0,1722359585327,124,[24 15 23 16 21 14 21 14 19 12 18 13 10 17 9 17 8 16 6 17 5 16 5 16 5 17 5 16 4 16 5 14 5 15 6 13 6 11 6 9 5 8 5 6 4 6 3 4 2 4 1 0 0 0 0 0 0 0 0 0 0 0 0 0 0 0 0 0 0 0 0 0 0 21 12 20 14 18 15 17 16 15 16 15 17 15 16 14 16 14 15 13 15 14 15 14 13 15 13 16 12 17 12 17 11 19 11 19 13 10 22 13 10 22 9 24 13 10 25 9 26 13 10 28]
,,,-80,0,0,0,0,0,0,0,0,0,0,-92,0,6,1722359585344,0,0,0,0,1722359585344,124,[11 18 11 17 13 10 16 13 10 15 9 14 9 13 9 12 9 11 9 13 10 13 10 13 10 13 10 9 13 10 9 13 10 9 9 9 9 9 8 9 7 9 6 9 5 8 4 7 3 6 2 5 2 3 1 3 1 2 0 0 0 0 0 0 0 0 0 0 0 0 0 0 0 0 0 0 0 0 0 0 9 14 8 16 6 15 6 16 5 15 4 16 4 15 3 15 4 15 4 14 4 14 5 13 5 13 6 13 7 13 7 13 8 13 9 13 11 13 11 14 12 14 13 14]
,,,-80,0,0,0,0,0,0,0,0,0,0,-92,0,6,1722359585362,0,0,0,0,1722359585362,124,[-21 9 -21 8 -19 7 -18 7 -17 8 -16 8 -15 7 -14 9 -13 9 -13 9 -13 9 -13 9 -13 9 -13 9 -13 8 -14 7 -12 6 -12 4 -11 3 -10 2 -8 1 -7 1 -6 1 -4 1 -3 1 0 0 0 0 0 0 0 0 0 0 0 0 0 0 0 0 0 0 0 0 0 0 -19 4 -18 2 -18 1 -18 0 -18 0 -17 -1 -17 -1 -17 -1 -16 -1 -16 -1 -16 0 -15 1 -15 1 -15 2 -15 3 -15 4 -15 5 -16 6 -16 7 -16 8 -17 9 -17 13 10 -18 11 -19 11 -20 11 -21]
,,,-80,0,0,0,0,0,0,0,0,0,0,-92,0,6,1722359585381,0,0,0,0,1722359585381,124,[-9 -21 -9 -20 -8 -18 -8 -18 -8 -16 -9 -16 -9 -14 -10 -13 -10 -13 -10 -13 -11 -13 -11 -13 -11 -13 -11 -13 -10 -13 -9 -13 -8 -14 -6 -13 -5 -12 -4 -11 -3 -10 -2 -8 -2 -7 -1 -6 -2 -5 0 0 0 0 0 0 0 0 0 0 0 0 0 0 0 0 0 0 0 0 0 0 -5 -20 -3 -20 -2 -20 0 -19 0 -19 1 -19 1 -18 1 -18 1 -17 1 -17 1 -17 0 -16 -1 -16 -1 -15 -3 -15 -3 -15 -4 -16 -5 -16 -6 -16 -8 -16 -9 -17 -10 -17 -11 -18 -11 -19 -12 -19 -11 -21]
,,,-80,0,0,0,0,0,0,0,0,0,0,-92,0,6,1722359585402,0,0,0,0,1722359585402,124,[19 -1 18 -1 18 -1 16 0 16 -1 15 -2 14 -3 13 -4 13 -4 13 -4 13 -4 13 -4 13 -5 14 -4 14 -4 14 -2 13 -2 12 0 11 0 9 1 8 2 7 2 5 2 4 1 3 0 0 0 0 0 0 0 0 0 0 0 0 0 0 0 0 0 0 0 0 0 0 0 19 0 18 1 18 3 18 4 17 4 17 5 17 5 16 6 16 6 16 6 16 6 15 6 15 5 15 4 15 4 15 3 15 2 15 1 15 1 16 0 16 -1 17 -2 18 -2 19 -2 20 -3 20 -2]
,,,-80,0,0,0,0,0,0,0,0,0,0,-92,0,6,1722359585441,0,0,0,0,1722359585441,124,[2 -20 2 -19 2 -18 2 -17 1 -15 0 -14 -1 -14 -2 -13 -3 -13 -4 -12 -4 -12 -4 -12 -5 -12 -5 -12 -5 -12 -4 -12 -3 -12 -2 -11 -2 -10 -1 -9 -1 -7 -1 -6 -1 -5 -1 -5 -2 -4 0 0 0 0 0 0 0 0 0 0 0 0 0 0 0 0 0 0 0 0 0 0 0 -22 2 -22 3 -21 4 -21 4 -21 5 -21 5 -21 6 -21 6 -21 7 -21 7 -21 7 -21 7 -20 6 -21 6 -20 5 -21 5 -20 4 -20 4 -21 2 -20 2 -21 2 -22 1 -21 1 -22 2 -22 2 -22]
,,,-80,0,0,0,0,0,0,0,0,0,0,-92,0,6,1722359585465,0,0,0,0,1722359585465,124,[-20 -6 -19 -6 -17 -6 -15 -6 -14 -5 -14 -4 -13 -3 -12 -2 -11 -1 -11 0 -11 0 -11 1 -11 1 -11 2 -11 1 -11 1 -10 0 -9 0 -8 -1 -7 -1 -6 -1 -5 -1 -5 0 -4 1 -3 1 0 0 0 0 0 0 0 0 0 0 0 0 0 0 0 0 0 0 0 0 0 0 -20 -2 -20 -4 -19 -5 -19 -6 -19 -6 -19 -7 -19 -7 -19 -7 -18 -7 -19 -8 -19 -7 -19 -7 -19 -7 -18 -7 -19 -6 -19 -6 -20 -6 -19 -5 -20 -5 -20 -4 -21 -4 -21 -4 -21 -4 -22 -4 -22 -4 -23 -5]
,,,-80,0,0,0,0,0,0,0,0,0,0,-92,0,6,1722359585491,0,0,0,0,1722359585491,124,[-10 20 -10 19 -9 17 -8 16 -8 15 -7 14 -6 13 -5 13 -4 12 -3 12 -3 12 -2 12 -2 12 -2 12 -2 12 -3 12 -4 12 -4 13 10 -5 9 -5 8 -5 6 -5 4 -4 3 -3 3 -3 2 0 0 0 0 0 0 0 0 0 0 0 0 0 0 0 0 0 0 0 0 0 0 -7 19 -8 18 -9 17 -10 17 -10 16 -10 15 -10 15 -11 15 -10 15 -10 15 -10 16 -10 15 -10 16 -9 16 -8 17 -9 17 -8 18 -8 18 -7 19 -7 19 -6 20 -6 20 -6 22 -7 22 -7 22 -8]
,,,-80,0,0,0,0,0,0,0,0,0,0,-92,0,6,1722359585514,0,0,0,0,1722359585514,124,[24 6 23 7 23 6 20 6 20 5 19 4 18 2 17 2 17 0 17 -1 16 -1 17 -1 17 -1 17 -1 17 0 17 0 16 1 16 2 14 3 13 4 11 5 9 5 8 5 6 4 5 4 0 0 0 0 0 0 0 0 0 0 0 0 0 0 0 0 0 0 0 0 0 0 24 6 21 8 21 13 10 20 13 10 20 11 19 12 18 12 18 12 18 13 18 12 17 11 17 13 10 18 13 10 18 13 10 18 9 19 9 19 8 20 7 20 6 21 5 22 5 23 4 24 3 25]
,,,-80,0,0,0,0,0,0,0,0,0,0,-92,0,6,1722359585526,0,0,0,0,1722359585526,124,[17 12 17 12 16 11 15 11 15 13 10 14 8 14 7 13 6 14 5 14 5 14 5 14 4 14 5 14 4 14 4 14 5 14 6 13 7 11 7 13 10 7 8 7 7 7 6 7 4 6 4 6 0 0 0 0 0 0 0 0 0 0 0 0 0 0 0 0 0 0 0 0 0 0 16 12 15 14 14 15 13 15 12 15 12 16 11 16 11 16 13 10 16 9 16 13 10 16 13 10 15 13 10 15 13 10 15 11 14 11 14 12 13 13 12 13 12 15 12 15 11 16 11 17]
,,,-80,0,0,0,0,0,0,0,0,0,0,-92,0,6,1722359585543,0,0,0,0,1722359585543,124,[-12 23 -12 23 -11 21 -10 21 -9 19 -7 19 -6 19 -5 18 -4 18 -4 19 -3 18 -3 18 -3 19 -2 19 -2 19 -4 19 -5 19 -5 18 -5 17 -6 15 -7 13 -7 11 -7 11 -6 13 10 -6 9 0 0 0 0 0 0 0 0 0 0 0 0 0 0 0 0 0 0 0 0 0 0 -9 23 -12 23 -13 21 -14 21 -15 20 -16 21 -17 20 -17 20 -18 20 -18 18 -19 18 -18 18 -18 18 -17 18 -17 18 -16 18 -15 19 -13 18 -14 20 -13 20 -12 21 -11 22 -11 22 -11 24 -11 25 -12]
,,,-80,0,0,0,0,0,0,0,0,0,0,-92,0,6,1722359585562,0,0,0,0,1722359585562,124,[20 13 10 20 13 10 18 8 18 9 17 7 17 6 16 5 16 4 16 3 16 2 15 2 15 1 16 1 16 1 16 1 16 2 15 3 14 3 13 3 12 4 11 4 13 10 4 9 4 8 3 8 3 0 0 0 0 0 0 0 0 0 0 0 0 0 0 0 0 0 0 0 0 0 0 20 6 20 7 20 8 20 9 19 13 10 19 11 19 12 18 13 19 13 18 14 18 14 18 14 17 14 17 13 18 13 18 12 18 12 18 11 19 11 19 11 20 13 10 21 13 10 20 13]
,,,-80,0,0,0,0,0,0,0,0,0,0,-92,0,6,1722359585581,0,0,0,0,1722359585581,124,[22 16 22 16 20 14 20 14 19 12 18 12 18 13 10 18 9 18 7 18 7 18 6 18 6 18 6 17 6 18 6 17 6 16 7 15 8 13 7 12 8 13 10 7 9 6 8 5 7 5 6 5 0 0 0 0 0 0 0 0 0 0 0 0 0 0 0 0 0 0 0 0 0 0 21 9 20 11 20 12 19 13 19 13 20 15 19 15 19 17 19 17 19 17 19 18 19 17 19 17 19 17 19 17 19 17 20 17 20 16 21 16 22 15 22 15 23 15 24 14 25 15 25 15]
,,,-80,0,0,0,0,0,0,0,0,0,0,-92,0,6,1722359585601,0,0,0,0,1722359585601,124,[-15 18 -15 17 -14 16 -13 15 -12 15 -11 14 -10 14 -9 14 -9 14 -8 14 -8 13 -7 13 -7 13 -7 13 -7 13 -8 12 -8 12 -8 11 -8 9 -8 8 -8 6 -7 5 -7 4 -5 4 -5 4 0 0 0 0 0 0 0 0 0 0 0 0 0 0 0 0 0 0 0 0 0 0 -8 15 -10 14 -10 13 -11 13 -11 13 -12 13 -12 14 -13 14 -13 13 -14 13 -14 14 -14 14 -14 14 -14 14 -13 14 -14 15 -13 15 -13 15 -13 16 -12 17 -13 18 -12 18 -13 19 -13 20 -14 20 -14 20]
,,,-80,0,0,0,0,0,0,0,0,0,0,-92,0,6,1722359585623,0,0,0,0,1722359585623,124,[12 27 11 27 13 10 25 13 10 23 11 22 13 10 21 13 10 19 11 18 11 17 12 17 11 16 12 15 12 16 12 15 12 15 11 16 13 10 16 9 15 7 15 5 14 4 12 3 11 2 9 1 9 1 8 0 0 0 0 0 0 0 0 0 0 0 0 0 0 0 0 0 0 0 0 0 0 13 10 21 8 21 7 20 6 21 6 21 5 22 5 22 5 22 5 22 5 22 4 23 5 22 6 22 6 22 7 22 8 23 9 23 13 10 23 11 23 12 23 13 23 15 25 15]
,,,-80,0,0,0,0,0,0,0,0,0,0,-92,0,6,1722359585642,0,0,0,0,1722359585642,124,[-20 -9 -20 -9 -18 -8 -18 -8 -16 -7 -15 -6 -15 -5 -15 -4 -14 -4 -14 -3 -14 -2 -14 -2 -15 -1 -14 -1 -15 -1 -15 -2 -15 -3 -14 -4 -13 -4 -12 -5 -10 -5 -9 -5 -8 -5 -7 -5 -6 -5 0 0 0 0 0 0 0 0 0 0 0 0 0 0 0 0 0 0 0 0 0 0 -18 -7 -17 -9 -16 -9 -16 -10 -14 -10 -15 -11 -14 -11 -14 -10 -14 -10 -14 -10 -14 -10 -14 -9 -14 -9 -14 -8 -15 -8 -16 -7 -17 -7 -16 -6 -18 -7 -19 -6 -19 -6 -20 -6 -20 -5 -22 -6 -22 -6 -23 -7]
,,,-80,0,0,0,0,0,0,0,0,0,0,-92,0,6,1722359585663,0,0,0,0,1722359585663,124,[22 5 21 5 20 5 18 5 18 4 16 4 16 3 15 2 14 0 14 -1 13 -1 13 -2 13 -2 13 -3 14 -3 14 -2 14 -1 14 -1 12 0 12 1 11 1 13 10 2 9 2 8 2 7 2 0 0 0 0 0 0 0 0 0 0 0 0 0 0 0 0 0 0 0 0 0 0 20 5 19 7 18 7 17 8 17 8 16 9 16 9 16 13 10 15 13 10 15 13 10 15 9 15 9 15 8 15 7 15 6 16 5 16 5 17 4 18 4 18 3 19 2 20 2 21 2 22 1]
,,,-80,0,0,0,0,0,0,0,0,0,0,-92,0,6,1722359585683,0,0,0,0,1722359585683,124,[-1 -21 -1 -21 -1 -20 0 -18 -1 -17 -1 -16 -1 -15 -2 -14 -3 -13 -3 -13 -4 -12 -4 -12 -5 -12 -5 -12 -5 -12 -5 -11 -4 -12 -4 -12 -3 -11 -3 -11 -2 -10 -2 -9 -1 -8 -1 -8 -1 -7 0 0 0 0 0 0 0 0 0 0 0 0 0 0 0 0 0 0 0 0 0 0 -4 -19 -2 -19 -1 -19 0 -19 1 -19 2 -19 2 -19 3 -19 3 -19 4 -19 3 -19 3 -18 3 -18 3 -18 2 -17 2 -18 1 -18 1 -18 0 -18 -1 -18 -2 -19 -2 -19 -3 -20 -4 -21 -4 -21 -3 -22]
,,,-80,0,0,0,0,0,0,0,0,0,0,-92,0,6,1722359585703,0,0,0,0,1722359585703,124,[-1 19 -2 20 -1 17 -1 17 -1 15 0 14 1 13 1 12 2 11 3 12 3 11 4 11 4 11 4 13 10 5 11 4 13 10 4 12 3 13 10 3 13 10 2 9 1 8 1 7 1 7 1 7 1 6 0 0 0 0 0 0 0 0 0 0 0 0 0 0 0 0 0 0 0 0 0 0 3 18 1 19 0 17 -1 19 -1 17 -2 20 -3 19 -3 19 -4 19 -4 18 -4 19 -4 18 -4 18 -4 18 -3 19 -3 17 -3 18 -2 17 -1 19 -1 18 0 19 0 19 1 19 2 21]
,,,-80,0,0,0,0,0,0,0,0,0,0,-92,0,6,1722359585722,0,0,0,0,1722359585722,124,[-16 -10 -16 -11 -14 -9 -13 -9 -13 -7 -12 -6 -11 -5 -12 -4 -12 -3 -12 -3 -12 -2 -12 -1 -12 -1 -12 -1 -13 -1 -12 -1 -13 -1 -12 -2 -11 -2 -10 -3 -9 -3 -9 -2 -8 -2 -7 -2 -7 -2 0 0 0 0 0 0 0 0 0 0 0 0 0 0 0 0 0 0 0 0 0 0 -16 -8 -16 -9 -15 -10 -15 -10 -14 -11 -14 -12 -14 -12 -14 -13 -13 -12 -13 -13 -13 -13 -12 -12 -13 -12 -13 -12 -13 -11 -13 -11 -14 -10 -14 -10 -16 -10 -16 -9 -16 -9 -17 -9 -18 -9 -18 -9 -18 -10 -18 -10]
,,,-80,0,0,0,0,0,0,0,0,0,0,-92,0,6,1722359585742,0,0,0,0,1722359585742,124,[7 18 7 18 6 15 5 15 6 14 5 13 5 11 6 13 10 6 9 7 9 7 8 7 8 7 8 7 8 7 7 7 7 7 7 6 8 5 7 4 6 3 6 3 5 3 4 3 4 3 4 0 0 0 0 0 0 0 0 0 0 0 0 0 0 0 0 0 0 0 0 0 0 13 10 15 8 15 7 16 6 16 6 16 6 16 4 16 4 17 4 17 3 16 3 16 3 16 4 15 4 15 5 14 5 14 7 14 7 14 8 14 9 15 13 10 15 13 10 15 11 16 11 17]
,,,-80,0,0,0,0,0,0,0,0,0,0,-92,0,6,1722359585762,0,0,0,0,1722359585762,124,[24 13 23 13 21 12 20 12 18 11 16 13 10 16 8 15 6 14 5 15 4 13 4 13 3 14 3 13 2 13 2 12 2 11 3 13 10 3 9 3 7 2 6 2 5 1 4 0 4 -2 4 -3 0 0 0 0 0 0 0 0 0 0 0 0 0 0 0 0 0 0 0 0 0 0 24 7 23 9 22 13 10 21 11 21 11 21 13 20 14 20 14 20 14 19 14 18 14 19 14 19 13 18 13 19 12 19 11 20 13 10 20 9 22 9 23 8 24 8 26 7 26 8 28 9]
,,,-80,0,0,0,0,0,0,0,0,0,0,-92,0,6,1722359585785,0,0,0,0,1722359585785,124,[-6 -21 -6 -20 -5 -18 -4 -17 -4 -15 -4 -14 -5 -12 -6 -11 -6 -10 -7 -9 -7 -9 -8 -8 -8 -8 -8 -8 -8 -8 -7 -8 -7 -8 -6 -8 -5 -8 -4 -7 -3 -6 -3 -5 -3 -4 -3 -3 -3 -2 0 0 0 0 0 0 0 0 0 0 0 0 0 0 0 0 0 0 0 0 0 0 -8 -18 -6 -18 -5 -18 -5 -18 -5 -18 -4 -19 -4 -19 -4 -19 -3 -19 -3 -20 -3 -20 -3 -19 -3 -19 -4 -19 -4 -19 -5 -19 -5 -18 -6 -18 -7 -19 -7 -18 -8 -19 -9 -20 -9 -20 -10 -21 -10 -22 -9 -22]
,,,-80,0,0,0,0,0,0,0,0,0,0,-92,0,6,1722359585806,0,0,0,0,1722359585806,124,[19 -10 18 -8 17 -7 15 -7 14 -6 12 -6 11 -6 9 -7 8 -7 7 -7 6 -8 5 -7 5 -7 5 -7 4 -8 5 -7 5 -7 4 -6 4 -5 3 -5 3 -4 2 -3 1 -3 0 -3 -1 -3 0 0 0 0 0 0 0 0 0 0 0 0 0 0 0 0 0 0 0 0 0 0 18 -11 19 -9 19 -8 19 -7 19 -7 19 -6 19 -6 19 -6 19 -5 19 -5 19 -5 19 -5 19 -6 18 -5 18 -6 17 -7 17 -7 17 -8 17 -9 17 -10 16 -11 17 -12 17 -13 18 -14 19 -13 20 -13]
,,,-80,0,0,0,0,0,0,0,0,0,0,-92,0,6,1722359585822,0,0,0,0,1722359585822,124,[29 4 29 5 25 4 24 5 21 4 19 4 17 3 16 1 14 0 13 -1 12 -1 11 -2 11 -3 13 10 -3 13 10 -3 9 -3 9 -3 8 -2 7 -1 6 0 4 0 3 1 1 0 -1 -1 -2 -2 0 0 0 0 0 0 0 0 0 0 0 0 0 0 0 0 0 0 0 0 0 0 32 3 31 7 29 9 29 13 10 28 13 10 28 12 28 13 27 13 27 13 26 13 26 13 25 12 25 12 25 11 25 13 10 24 8 25 7 24 6 26 5 26 3 26 2 27 1 28 -1 30]
,,,-80,0,0,0,0,0,0,0,0,0,0,-92,0,6,1722359585844,0,0,0,0,1722359585844,124,[1 -22 2 -21 2 -20 2 -19 2 -18 1 -17 1 -16 0 -15 0 -15 -1 -14 -1 -14 -2 -13 -2 -13 -2 -13 -2 -13 -1 -13 -1 -12 0 -12 1 -11 1 -10 2 -9 3 -7 3 -6 3 -5 3 -4 0 0 0 0 0 0 0 0 0 0 0 0 0 0 0 0 0 0 0 0 0 0 3 -19 4 -18 5 -18 6 -18 6 -18 7 -18 7 -18 8 -18 8 -18 9 -18 9 -18 8 -17 8 -17 7 -17 7 -16 6 -17 5 -17 5 -17 3 -18 3 -18 2 -19 1 -19 0 -20 0 -21 0 -21 0 -22]
