type,role,mac,rssi,rate,sig_mode,mcs,bandwidth,smoothing,not_sounding,aggregation,stbc,fec_coding,sgi,noise_floor,ampdu_cnt,channel,local_time,ant,sig_len,rx_state,real_time_set,real_timestamp,len,CSI_DATA
,,,-80,0,0,0,0,0,0,0,0,0,0,-92,0,6,1726018777388,0,0,0,0,1726018777388,124,[11 15 11 15 11 14 11 13 11 13 11 12 11 13 10 11 13 10 11 9 11 9 11 8 11 7 12 7 12 7 12 7 12 7 11 8 11 8 13 10 7 9 8 8 7 7 8 6 8 4 8 3 8 0 0 0 0 0 0 0 0 0 0 0 0 0 0 0 0 0 0 0 0 0 0 11 11 11 12 13 10 13 9 14 9 14 8 16 7 16 7 16 6 16 6 16 6 17 6 16 6 16 6 16 6 16 6 16 7 16 7 15 8 16 9 16 9 15 13 10 15 13 10 16]
,,,-80,0,0,0,0,0,0,0,0,0,0,-92,0,6,1726018777400,0,0,0,0,1726018777400,124,[-20 -4 -19 -3 -19 -3 -18 -3 -17 -2 -17 -1 -16 -1 -15 0 -15 1 -15 1 -15 1 -14 2 -14 2 -15 3 -14 3 -15 3 -14 2 -14 2 -13 2 -12 1 -12 0 -12 -1 -11 -2 -10 -3 -9 -3 0 0 0 0 0 0 0 0 0 0 0 0 0 0 0 0 0 0 0 0 0 0 -17 -1 -17 -2 -18 -3 -17 -4 -18 -5 -17 -6 -18 -6 -17 -7 -17 -7 -17 -9 -16 -9 -16 -9 -16 -9 -16 -8 -16 -7 -17 -7 -16 -7 -17 -6 -17 -6 -18 -5 -18 -5 -19 -4 -19 -5 -20 -5 -20 -5 -19 -4]
,,,-80,0,0,0,0,0,0,0,0,0,0,-92,0,6,1726018777411,0,0,0,0,1726018777411,124,[-17 -13 -17 -13 -15 -12 -16 -12 -16 -10 -15 -10 -15 -8 -15 -7 -16 -7 -16 -6 -16 -5 -16 -5 -16 -4 -16 -4 -17 -4 -16 -4 -16 -4 -15 -5 -14 -5 -14 -6 -13 -6 -12 -6 -11 -7 -10 -7 -8 -7 0 0 0 0 0 0 0 0 0 0 0 0 0 0 0 0 0 0 0 0 0 0 -15 -9 -14 -11 -14 -11 -14 -13 -13 -13 -12 -15 -12 -15 -11 -16 -10 -16 -10 -16 -10 -16 -10 -16 -11 -15 -10 -15 -10 -15 -12 -15 -12 -15 -12 -15 -13 -14 -13 -15 -14 -14 -14 -14 -14 -14 -16 -14 -16 -14 -16 -14]
,,,-80,0,0,0,0,0,0,0,0,0,0,-92,0,6,1726018777432,0,0,0,0,1726018777432,124,[32 3 32 3 30 2 30 1 29 1 27 -1 26 -2 24 -4 24 -5 23 -6 24 -7 23 -8 24 -8 23 -8 24 -9 24 -8 23 -7 22 -7 21 -5 21 -3 21 -2 20 -1 19 0 17 2 15 3 0 0 0 0 0 0 0 0 0 0 0 0 0 0 0 0 0 0 0 0 0 0 27 -3 27 0 28 1 29 3 29 5 29 7 29 8 28 13 10 27 13 10 28 12 28 11 27 11 27 11 28 11 28 13 10 27 9 29 8 29 9 30 7 30 7 32 6 32 5 32 5 34 5 34]
,,,-80,0,0,0,0,0,0,0,0,0,0,-92,0,6,1726018777466,0,0,0,0,1726018777466,124,[19 -5 19 -5 18 -6 17 -6 17 -6 16 -6 15 -7 14 -7 13 -8 12 -9 12 -10 12 -10 12 -11 11 -11 11 -11 12 -11 12 -11 12 -10 11 -9 12 -9 12 -7 12 -6 11 -5 11 -5 13 10 -4 0 0 0 0 0 0 0 0 0 0 0 0 0 0 0 0 0 0 0 0 0 0 13 -9 14 -8 15 -8 15 -6 16 -6 16 -5 17 -4 17 -3 17 -3 17 -2 18 -2 17 -2 17 -1 17 -1 16 -1 17 -2 17 -2 17 -3 18 -4 18 -4 18 -4 19 -4 18 -5 20 -5 19 -6 19]
,,,-80,0,0,0,0,0,0,0,0,0,0,-92,0,6,1726018777485,0,0,0,0,1726018777485,124,[-16 -30 -17 -30 -16 -29 -16 -28 -16 -26 -17 -24 -17 -22 -17 -21 -18 -19 -19 -19 -20 -16 -21 -16 -23 -15 -22 -16 -23 -16 -23 -15 -23 -16 -21 -17 -19 -17 -20 -18 -18 -16 -16 -16 -15 -17 -12 -17 -10 -17 0 0 0 0 0 0 0 0 0 0 0 0 0 0 0 0 0 0 0 0 0 0 -19 -20 -18 -21 -16 -22 -16 -24 -15 -25 -13 -27 -12 -28 -10 -29 -8 -28 -8 -29 -8 -30 -8 -28 -8 -28 -8 -28 -8 -28 -9 -28 -9 -29 -9 -29 -11 -29 -12 -29 -12 -29 -13 -29 -13 -30 -15 -30 -16 -30 -16 -32]
,,,-80,0,0,0,0,0,0,0,0,0,0,-92,0,6,1726018777493,0,0,0,0,1726018777493,124,[19 6 19 6 18 5 18 5 17 4 17 3 16 2 15 1 15 0 15 -1 15 -2 15 -2 15 -2 15 -3 15 -2 15 -2 15 -2 14 -1 13 -1 13 -1 12 0 12 1 11 1 13 10 1 9 2 0 0 0 0 0 0 0 0 0 0 0 0 0 0 0 0 0 0 0 0 0 0 14 -1 15 0 15 1 15 2 16 3 16 5 16 6 16 7 15 8 15 8 15 9 15 8 15 8 15 9 15 8 15 9 15 8 16 8 17 7 17 8 18 7 18 7 18 7 19 7 19 7 19]
,,,-80,0,0,0,0,0,0,0,0,0,0,-92,0,6,1726018777509,0,0,0,0,1726018777509,124,[-26 -17 -26 -16 -25 -16 -24 -14 -24 -12 -23 -10 -22 -8 -22 -8 -22 -6 -22 -6 -23 -4 -22 -4 -23 -3 -22 -3 -22 -3 -22 -3 -21 -4 -20 -4 -18 -5 -17 -5 -17 -5 -16 -6 -15 -7 -12 -7 -10 -7 0 0 0 0 0 0 0 0 0 0 0 0 0 0 0 0 0 0 0 0 0 0 -26 -8 -26 -10 -26 -12 -26 -14 -25 -15 -25 -18 -25 -19 -24 -20 -23 -21 -24 -22 -23 -23 -22 -22 -23 -22 -22 -22 -22 -22 -23 -22 -23 -21 -23 -21 -24 -21 -25 -20 -26 -19 -26 -19 -27 -19 -27 -19 -28 -18 -27 -18]
,,,-80,0,0,0,0,0,0,0,0,0,0,-92,0,6,1726018777531,0,0,0,0,1726018777531,124,[-8 16 -7 16 -6 15 -5 15 -4 14 -4 14 -2 13 -1 13 0 13 1 13 1 13 1 13 2 13 3 13 3 14 2 13 2 14 1 13 0 13 0 12 -1 11 -2 13 10 -3 9 -3 9 -4 8 0 0 0 0 0 0 0 0 0 0 0 0 0 0 0 0 0 0 0 0 0 0 -5 18 -7 19 -8 18 -9 18 -10 18 -11 19 -12 18 -13 17 -13 17 -13 16 -13 17 -13 16 -13 16 -12 16 -12 15 -12 16 -12 16 -11 16 -11 16 -11 17 -10 17 -9 17 -9 17 -9 18 -9 17 -8]
,,,-80,0,0,0,0,0,0,0,0,0,0,-92,0,6,1726018777549,0,0,0,0,1726018777549,124,[14 25 15 24 14 23 15 22 15 20 16 18 16 16 16 15 17 14 19 13 19 12 20 11 21 11 21 11 22 11 22 11 22 13 21 13 19 14 19 14 17 13 15 14 14 15 11 14 9 15 0 0 0 0 0 0 0 0 0 0 0 0 0 0 0 0 0 0 0 0 0 0 18 19 17 21 16 21 16 23 14 24 13 26 11 28 13 10 28 9 28 8 28 7 29 8 28 8 27 7 27 7 27 8 27 9 27 8 27 11 27 11 26 11 26 13 26 12 27 13 27 14 27 14]
,,,-80,0,0,0,0,0,0,0,0,0,0,-92,0,6,1726018777571,0,0,0,0,1726018777571,124,[13 14 13 14 12 13 13 12 12 11 13 13 10 13 8 13 7 12 6 13 6 13 5 13 4 14 4 14 4 14 4 14 4 14 5 13 4 12 4 12 5 11 5 11 5 13 10 6 8 6 7 6 0 0 0 0 0 0 0 0 0 0 0 0 0 0 0 0 0 0 0 0 0 0 14 8 14 9 13 13 10 13 11 12 12 12 14 11 15 11 15 13 10 16 13 10 17 13 10 17 9 17 9 17 9 16 9 16 9 17 13 10 16 13 10 16 11 16 11 16 11 16 12 16]
,,,-80,0,0,0,0,0,0,0,0,0,0,-92,0,6,1726018777588,0,0,0,0,1726018777588,124,[-18 -7 -17 -7 -16 -6 -16 -5 -15 -4 -15 -3 -14 -2 -14 -2 -13 -1 -14 0 -13 1 -13 2 -14 2 -13 2 -13 2 -13 3 -13 2 -13 1 -12 0 -11 0 -11 0 -11 -1 -10 -1 -8 -2 -8 -2 0 0 0 0 0 0 0 0 0 0 0 0 0 0 0 0 0 0 0 0 0 0 -18 -2 -18 -3 -18 -4 -19 -6 -19 -6 -19 -8 -19 -10 -18 -11 -17 -11 -18 -11 -18 -12 -17 -12 -17 -12 -17 -12 -17 -12 -17 -12 -17 -11 -17 -11 -17 -11 -18 -10 -18 -10 -18 -10 -18 -9 -19 -9 -19 -8 -18 -8]
,,,-80,0,0,0,0,0,0,0,0,0,0,-92,0,6,1726018777616,0,0,0,0,1726018777616,124,[16 -11 16 -10 15 -11 14 -11 13 -11 12 -11 11 -11 9 -11 8 -12 8 -13 7 -13 7 -13 6 -13 6 -13 6 -14 6 -13 6 -14 6 -13 7 -12 7 -12 7 -10 7 -8 8 -8 7 -7 7 -6 0 0 0 0 0 0 0 0 0 0 0 0 0 0 0 0 0 0 0 0 0 0 14 -13 16 -12 17 -11 18 -10 19 -10 21 -9 21 -8 21 -8 21 -7 21 -5 21 -6 21 -5 21 -5 20 -5 20 -6 20 -6 19 -7 19 -7 20 -8 20 -8 19 -9 19 -9 18 -9 20 -10 19 -10 19 -11]
,,,-80,0,0,0,0,0,0,0,0,0,0,-92,0,6,1726018777630,0,0,0,0,1726018777630,124,[12 -17 12 -17 13 10 -17 13 10 -16 8 -16 8 -16 6 -16 5 -16 3 -16 3 -16 2 -16 1 -16 1 -16 0 -17 0 -17 1 -17 1 -17 1 -17 2 -16 2 -16 3 -14 3 -13 4 -12 4 -12 5 -10 0 0 0 0 0 0 0 0 0 0 0 0 0 0 0 0 0 0 0 0 0 0 6 -18 8 -18 9 -18 13 10 -18 12 -18 13 -18 14 -17 15 -17 16 -16 16 -15 16 -16 16 -15 16 -15 16 -14 16 -14 16 -15 15 -15 15 -15 15 -15 15 -16 14 -16 15 -17 14 -17 14 -18 14]
,,,-80,0,0,0,0,0,0,0,0,0,0,-92,0,6,1726018777657,0,0,0,0,1726018777657,124,[-18 -2 -18 -2 -16 -2 -16 -1 -16 0 -15 1 -14 2 -14 3 -13 3 -14 4 -13 5 -14 5 -13 6 -13 6 -13 6 -14 6 -13 5 -13 5 -13 4 -12 4 -12 3 -12 2 -11 1 -10 0 -10 -1 0 0 0 0 0 0 0 0 0 0 0 0 0 0 0 0 0 0 0 0 0 0 -14 0 -15 -1 -16 -1 -16 -2 -16 -3 -17 -4 -17 -5 -16 -6 -16 -6 -17 -7 -16 -8 -16 -7 -16 -8 -16 -7 -16 -7 -16 -7 -16 -6 -16 -6 -17 -6 -17 -5 -18 -5 -18 -4 -18 -4 -19 -4 -19 -4 -19 -3]
,,,-80,0,0,0,0,0,0,0,0,0,0,-92,0,6,1726018777707,0,0,0,0,1726018777707,124,[13 -20 12 -20 12 -19 11 -19 13 10 -19 8 -19 7 -18 5 -18 4 -19 3 -20 3 -19 2 -19 1 -20 1 -21 1 -21 2 -20 2 -20 2 -20 3 -19 3 -18 4 -16 5 -15 5 -14 6 -13 7 -12 0 0 0 0 0 0 0 0 0 0 0 0 0 0 0 0 0 0 0 0 0 0 4 -17 6 -18 7 -17 9 -17 13 10 -17 12 -17 13 -17 14 -16 15 -16 15 -15 16 -14 16 -14 16 -14 16 -14 15 -14 16 -15 15 -15 15 -16 15 -17 15 -17 15 -17 15 -18 14 -19 15 -20 15 -20]
,,,-80,0,0,0,0,0,0,0,0,0,0,-92,0,6,1726018777718,0,0,0,0,1726018777718,124,[-5 -19 -5 -19 -5 -18 -5 -17 -6 -16 -6 -16 -6 -15 -8 -14 -9 -13 -9 -13 -10 -12 -11 -12 -12 -12 -12 -12 -12 -12 -11 -12 -11 -13 -10 -13 -9 -13 -9 -13 -8 -12 -7 -12 -6 -11 -4 -11 -3 -11 0 0 0 0 0 0 0 0 0 0 0 0 0 0 0 0 0 0 0 0 0 0 -8 -11 -8 -12 -7 -13 -7 -14 -6 -14 -4 -16 -3 -17 -2 -18 -2 -18 -1 -17 -2 -18 -1 -18 0 -17 -1 -18 -1 -18 -1 -17 -2 -18 -2 -18 -3 -18 -2 -18 -3 -19 -3 -20 -5 -20 -4 -20 -5 -20 -5 -20]
,,,-80,0,0,0,0,0,0,0,0,0,0,-92,0,6,1726018777730,0,0,0,0,1726018777730,124,[12 -27 13 -30 13 10 -26 9 -27 7 -26 7 -26 4 -25 3 -25 1 -24 -1 -26 -2 -24 -2 -25 -3 -26 -4 -25 -4 -27 -3 -24 -4 -27 -3 -26 -2 -25 -1 -25 1 -22 2 -20 4 -20 4 -19 5 -17 0 0 0 0 0 0 0 0 0 0 0 0 0 0 0 0 0 0 0 0 0 0 0 -22 2 -25 4 -22 6 -25 7 -23 13 10 -26 11 -25 12 -26 15 -24 14 -22 16 -24 16 -23 15 -23 16 -22 16 -22 16 -23 16 -25 14 -24 15 -26 15 -25 13 -27 15 -28 12 -28 14 -30 14 -31]
,,,-80,0,0,0,0,0,0,0,0,0,0,-92,0,6,1726018777741,0,0,0,0,1726018777741,124,[9 -23 8 -23 7 -22 7 -22 6 -21 4 -20 3 -19 1 -19 0 -19 -1 -20 -2 -19 -3 -18 -3 -19 -4 -19 -4 -20 -4 -19 -4 -20 -3 -20 -2 -18 -1 -18 -1 -16 1 -15 2 -15 3 -14 3 -12 0 0 0 0 0 0 0 0 0 0 0 0 0 0 0 0 0 0 0 0 0 0 0 -16 1 -18 3 -17 4 -18 5 -18 7 -20 8 -20 9 -19 13 10 -19 11 -18 12 -19 12 -19 12 -18 12 -18 12 -18 11 -19 11 -20 11 -20 11 -21 13 10 -22 13 10 -22 13 10 -23 9 -23 13 10]
,,,-80,0,0,0,0,0,0,0,0,0,0,-92,0,6,1726018777753,0,0,0,0,1726018777753,124,[-20 4 -20 4 -19 4 -18 4 -17 5 -16 5 -15 6 -14 6 -13 7 -14 8 -13 8 -13 8 -13 9 -12 9 -13 9 -13 8 -13 8 -13 7 -13 6 -12 5 -12 3 -12 3 -11 1 -10 1 -9 -1 0 0 0 0 0 0 0 0 0 0 0 0 0 0 0 0 0 0 0 0 0 0 -13 5 -14 5 -15 4 -16 4 -16 3 -17 2 -17 1 -18 1 -18 0 -18 0 -19 0 -18 0 -18 0 -18 0 -18 0 -18 1 -19 1 -18 2 -20 2 -19 3 -20 3 -20 3 -20 4 -22 4 -22 5 -21 5]
,,,-80,0,0,0,0,0,0,0,0,0,0,-92,0,6,1726018777770,0,0,0,0,1726018777770,124,[0 -20 0 -20 0 -19 -1 -18 -1 -17 -2 -17 -3 -16 -4 -16 -5 -15 -6 -15 -6 -14 -6 -14 -6 -14 -6 -14 -6 -14 -6 -14 -5 -14 -5 -14 -4 -13 -3 -13 -2 -12 -1 -11 0 -10 0 -10 2 -9 0 0 0 0 0 0 0 0 0 0 0 0 0 0 0 0 0 0 0 0 0 0 -2 -17 -1 -18 0 -18 1 -18 2 -19 3 -19 4 -20 4 -20 5 -19 5 -20 5 -20 5 -20 5 -19 5 -19 5 -19 5 -20 4 -20 4 -20 3 -20 3 -21 2 -21 2 -21 1 -22 1 -22 0 -22 0 -23]
,,,-80,0,0,0,0,0,0,0,0,0,0,-92,0,6,1726018777790,0,0,0,0,1726018777790,124,[-16 -13 -16 -12 -15 -12 -15 -10 -15 -9 -15 -9 -14 -7 -14 -6 -14 -6 -14 -5 -14 -4 -14 -3 -14 -3 -14 -3 -14 -3 -14 -2 -13 -4 -12 -4 -11 -4 -11 -5 -10 -5 -9 -5 -9 -5 -6 -6 -5 -6 0 0 0 0 0 0 0 0 0 0 0 0 0 0 0 0 0 0 0 0 0 0 -17 -11 -16 -13 -16 -13 -16 -14 -15 -15 -15 -17 -15 -18 -14 -18 -13 -19 -13 -19 -13 -19 -13 -19 -13 -19 -13 -18 -13 -18 -14 -18 -14 -17 -14 -17 -15 -17 -15 -16 -16 -15 -16 -16 -16 -16 -17 -15 -17 -15 -17 -15]
,,,-80,0,0,0,0,0,0,0,0,0,0,-92,0,6,1726018777808,0,0,0,0,1726018777808,124,[20 4 20 3 19 3 19 2 18 1 17 0 17 -1 15 -1 15 -2 15 -4 15 -4 15 -5 14 -5 14 -4 14 -4 14 -4 14 -4 14 -3 13 -2 13 -1 13 0 12 0 11 2 9 2 8 3 0 0 0 0 0 0 0 0 0 0 0 0 0 0 0 0 0 0 0 0 0 0 19 1 19 2 19 3 20 4 20 5 20 7 21 8 20 9 20 9 20 13 10 21 13 10 19 9 20 9 19 9 19 9 19 9 19 8 19 8 21 7 21 7 21 6 22 6 21 5 23 5 23 5]
,,,-80,0,0,0,0,0,0,0,0,0,0,-92,0,6,1726018777829,0,0,0,0,1726018777829,124,[-14 -15 -15 -15 -14 -15 -14 -13 -14 -12 -14 -11 -14 -10 -13 -10 -14 -8 -14 -8 -14 -7 -15 -7 -15 -6 -14 -6 -14 -6 -14 -5 -14 -7 -13 -7 -12 -7 -12 -8 -10 -7 -9 -7 -9 -8 -7 -8 -5 -8 0 0 0 0 0 0 0 0 0 0 0 0 0 0 0 0 0 0 0 0 0 0 -15 -12 -14 -14 -13 -14 -13 -17 -12 -16 -12 -18 -11 -18 -11 -19 -9 -20 -9 -19 -9 -21 -9 -20 -9 -19 -10 -19 -10 -19 -10 -19 -10 -19 -10 -18 -11 -19 -12 -18 -12 -17 -13 -18 -13 -18 -14 -18 -14 -17 -14 -18]
,,,-80,0,0,0,0,0,0,0,0,0,0,-92,0,6,1726018777849,0,0,0,0,1726018777849,124,[29 5 30 5 27 3 28 2 27 2 25 0 25 -2 23 -3 23 -4 23 -5 23 -6 22 -6 23 -7 21 -7 22 -8 23 -7 23 -6 21 -6 20 -4 20 -3 19 -2 18 -1 17 1 15 1 13 3 0 0 0 0 0 0 0 0 0 0 0 0 0 0 0 0 0 0 0 0 0 0 25 -1 26 1 27 3 27 4 27 6 28 8 28 13 10 28 11 27 11 27 12 27 13 26 13 27 13 27 13 27 12 26 11 28 11 27 13 10 29 13 10 29 9 30 8 30 8 30 7 32 7 32]
,,,-80,0,0,0,0,0,0,0,0,0,0,-92,0,6,1726018777870,0,0,0,0,1726018777870,124,[-18 -12 -17 -12 -16 -11 -16 -10 -16 -9 -16 -8 -15 -7 -15 -6 -15 -5 -16 -5 -16 -3 -15 -3 -15 -3 -15 -3 -15 -2 -15 -2 -14 -3 -14 -3 -13 -3 -12 -4 -12 -4 -11 -4 -10 -5 -8 -4 -7 -5 0 0 0 0 0 0 0 0 0 0 0 0 0 0 0 0 0 0 0 0 0 0 -16 -6 -16 -8 -16 -8 -16 -9 -16 -11 -16 -12 -16 -13 -16 -14 -15 -14 -15 -15 -15 -16 -14 -15 -14 -16 -14 -16 -14 -15 -15 -15 -15 -15 -15 -15 -16 -15 -17 -14 -17 -13 -18 -13 -18 -14 -19 -14 -19 -13 -18 -14]
,,,-80,0,0,0,0,0,0,0,0,0,0,-92,0,6,1726018777894,0,0,0,0,1726018777894,124,[-16 -17 -16 -17 -15 -16 -16 -15 -15 -14 -15 -13 -15 -11 -15 -11 -15 -9 -16 -9 -16 -8 -16 -7 -16 -6 -15 -7 -16 -7 -15 -6 -15 -7 -13 -7 -13 -8 -12 -8 -11 -7 -10 -7 -9 -7 -7 -8 -6 -7 0 0 0 0 0 0 0 0 0 0 0 0 0 0 0 0 0 0 0 0 0 0 -17 -9 -17 -11 -16 -12 -17 -14 -16 -15 -17 -17 -15 -18 -14 -19 -14 -20 -14 -20 -14 -21 -14 -21 -14 -20 -13 -20 -13 -21 -13 -20 -14 -21 -14 -20 -15 -20 -15 -20 -15 -20 -16 -19 -16 -19 -18 -19 -18 -19 -18 -19]
,,,-80,0,0,0,0,0,0,0,0,0,0,-92,0,6,1726018777910,0,0,0,0,1726018777910,124,[-10 -17 -10 -17 -9 -15 -10 -15 -10 -13 -10 -12 -10 -11 -10 -11 -11 -10 -11 -9 -12 -9 -12 -8 -12 -8 -12 -8 -12 -8 -11 -7 -11 -8 -10 -8 -9 -8 -9 -8 -8 -8 -8 -7 -7 -8 -5 -7 -4 -7 0 0 0 0 0 0 0 0 0 0 0 0 0 0 0 0 0 0 0 0 0 0 -12 -11 -11 -13 -11 -13 -11 -15 -10 -15 -9 -17 -8 -17 -8 -18 -7 -18 -7 -18 -7 -19 -7 -19 -7 -18 -7 -18 -7 -19 -7 -19 -7 -19 -7 -19 -8 -19 -8 -18 -9 -18 -9 -18 -9 -18 -10 -18 -11 -18 -11 -19]
,,,-80,0,0,0,0,0,0,0,0,0,0,-92,0,6,1726018777933,0,0,0,0,1726018777933,124,[28 13 28 13 26 11 27 13 10 25 9 24 7 24 5 22 4 22 3 22 1 22 1 21 0 21 0 21 -1 21 0 21 -1 20 1 19 1 17 1 16 3 16 3 15 4 13 4 13 10 4 8 5 0 0 0 0 0 0 0 0 0 0 0 0 0 0 0 0 0 0 0 0 0 0 29 5 29 7 30 9 29 11 30 12 29 15 29 17 29 17 28 18 28 20 28 20 28 19 28 19 28 19 27 19 27 19 28 18 28 18 30 18 29 17 30 16 30 16 30 15 32 16 31 15]
,,,-80,0,0,0,0,0,0,0,0,0,0,-92,0,6,1726018777958,0,0,0,0,1726018777958,124,[1 17 1 17 1 16 2 15 2 14 2 13 3 12 3 12 4 11 4 13 10 5 13 10 5 9 5 9 5 9 5 9 5 8 4 9 3 8 3 8 2 7 2 6 1 5 1 5 0 5 -1 4 0 0 0 0 0 0 0 0 0 0 0 0 0 0 0 0 0 0 0 0 0 0 4 19 3 20 1 20 1 21 -1 20 -2 22 -3 22 -4 22 -4 21 -4 21 -4 22 -4 21 -4 21 -4 21 -4 21 -4 20 -3 21 -3 20 -2 21 -2 20 -1 20 0 20 0 20 0 21 1 20]
,,,-80,0,0,0,0,0,0,0,0,0,0,-92,0,6,1726018777971,0,0,0,0,1726018777971,124,[-1 -22 -1 -20 -1 -20 -1 -18 -2 -17 -3 -16 -3 -15 -4 -15 -5 -14 -6 -14 -5 -13 -6 -11 -6 -11 -6 -12 -7 -12 -6 -11 -6 -11 -5 -11 -4 -10 -4 -10 -3 -9 -2 -8 -2 -8 -1 -7 0 -7 0 0 0 0 0 0 0 0 0 0 0 0 0 0 0 0 0 0 0 0 0 0 -3 -24 -1 -25 0 -25 1 -25 2 -26 4 -27 5 -26 5 -26 6 -26 7 -26 7 -26 7 -25 7 -25 7 -24 6 -24 5 -25 5 -24 4 -24 3 -24 3 -24 3 -24 2 -24 1 -24 1 -23 1 -23 0 -23]
,,,-80,0,0,0,0,0,0,0,0,0,0,-92,0,6,1726018777993,0,0,0,0,1726018777993,124,[-14 11 -14 11 -13 13 10 -12 13 10 -11 13 10 -10 13 10 -9 13 10 -8 13 10 -6 13 10 -6 11 -6 13 10 -5 13 10 -5 13 10 -5 13 10 -4 13 10 -4 13 10 -4 9 -4 9 -4 7 -4 7 -5 6 -5 5 -5 5 -4 4 -4 4 0 0 0 0 0 0 0 0 0 0 0 0 0 0 0 0 0 0 0 0 0 0 -13 15 -15 15 -16 14 -17 14 -18 13 -20 13 -20 11 -21 13 10 -21 13 10 -21 13 10 -21 13 10 -21 13 10 -20 9 -20 9 -20 9 -20 9 -19 9]
,,,-80,0,0,0,0,0,0,0,0,0,0,-92,0,6,1726018778008,0,0,0,0,1726018778008,124,[11 18 11 18 11 17 13 10 15 12 14 11 13 11 12 11 11 11 9 12 9 12 8 12 7 12 7 12 7 12 7 11 6 13 10 5 13 10 6 9 6 9 6 9 5 8 5 7 5 5 5 4 4 0 0 0 0 0 0 0 0 0 0 0 0 0 0 0 0 0 0 0 0 0 0 15 17 15 19 13 20 12 21 11 22 13 10 24 9 25 9 26 7 25 7 25 7 26 7 25 6 23 6 24 6 23 7 23 7 23 7 22 9 22 9 22 13 10 21 13 10 21 13 10]
,,,-80,0,0,0,0,0,0,0,0,0,0,-92,0,6,1726018778036,0,0,0,0,1726018778036,124,[-21 -9 -21 -9 -19 -9 -20 -8 -18 -7 -18 -7 -17 -5 -15 -5 -15 -4 -15 -2 -16 -2 -15 -1 -15 -1 -14 -2 -14 -1 -13 -1 -13 -1 -12 -1 -11 -2 -10 -2 -11 -2 -10 -2 -9 -2 -8 -1 -7 -2 0 0 0 0 0 0 0 0 0 0 0 0 0 0 0 0 0 0 0 0 0 0 -22 -2 -22 -5 -22 -6 -22 -7 -22 -9 -22 -11 -21 -12 -20 -13 -19 -13 -20 -13 -20 -13 -19 -13 -18 -13 -19 -13 -19 -12 -18 -12 -20 -11 -18 -11 -21 -12 -20 -10 -20 -10 -21 -10 -21 -10 -23 -9 -23 -8 -21 -9]
,,,-80,0,0,0,0,0,0,0,0,0,0,-92,0,6,1726018778052,0,0,0,0,1726018778052,124,[-15 14 -15 14 -13 13 -13 13 -12 12 -11 12 -10 11 -9 11 -7 11 -7 12 -7 11 -6 11 -5 11 -5 11 -4 11 -5 13 10 -4 13 10 -4 13 10 -4 9 -4 9 -4 7 -4 6 -4 6 -4 6 -4 5 0 0 0 0 0 0 0 0 0 0 0 0 0 0 0 0 0 0 0 0 0 0 -9 16 -11 15 -12 15 -13 14 -14 14 -16 14 -17 13 -17 12 -17 12 -18 11 -18 11 -17 11 -17 11 -16 13 10 -17 11 -16 11 -16 12 -16 12 -16 13 -16 13 -15 14 -16 14 -15 14 -16 15]
,,,-80,0,0,0,0,0,0,0,0,0,0,-92,0,6,1726018778068,0,0,0,0,1726018778068,124,[-1 -20 -2 -19 -2 -19 -2 -18 -2 -17 -3 -16 -3 -15 -3 -14 -5 -14 -5 -13 -5 -12 -6 -12 -6 -11 -6 -11 -6 -11 -6 -10 -6 -11 -6 -11 -5 -10 -5 -10 -4 -9 -4 -8 -3 -8 -2 -8 -2 -7 0 0 0 0 0 0 0 0 0 0 0 0 0 0 0 0 0 0 0 0 0 0 -5 -17 -4 -18 -3 -19 -2 -19 -1 -19 0 -21 1 -20 2 -20 3 -20 3 -19 3 -20 3 -20 2 -19 3 -19 2 -19 2 -19 2 -19 1 -19 1 -20 1 -20 -1 -20 0 -20 -1 -20 -2 -21 -2 -21 -2 -22]
,,,-80,0,0,0,0,0,0,0,0,0,0,-92,0,6,1726018778089,0,0,0,0,1726018778089,124,[19 -2 19 -2 18 -2 17 -2 17 -2 15 -3 15 -4 13 -4 13 -5 13 -6 12 -6 12 -6 11 -6 11 -7 11 -7 11 -6 11 -6 13 10 -6 13 10 -6 9 -5 9 -4 9 -3 9 -3 7 -2 7 -2 0 0 0 0 0 0 0 0 0 0 0 0 0 0 0 0 0 0 0 0 0 0 15 -6 16 -5 17 -4 18 -3 18 -2 18 -1 19 1 18 1 18 2 19 3 19 3 18 3 18 3 18 3 17 3 18 2 17 2 18 1 19 1 19 1 19 0 19 0 19 -1 20 -1 19 -1]
,,,-80,0,0,0,0,0,0,0,0,0,0,-92,0,6,1726018778108,0,0,0,0,1726018778108,124,[34 4 32 3 31 2 30 2 29 1 28 0 26 -1 25 -2 25 -3 24 -4 24 -5 23 -6 23 -7 22 -8 22 -9 23 -7 21 -7 20 -8 20 -6 19 -5 19 -4 19 -2 16 -1 15 0 14 0 0 0 0 0 0 0 0 0 0 0 0 0 0 0 0 0 0 0 0 0 0 0 25 -5 26 -3 27 -2 27 0 29 2 28 5 29 7 28 8 28 9 28 11 27 12 26 12 26 12 26 12 26 13 10 27 9 27 8 28 8 28 7 29 6 31 5 32 4 31 6 33 5 33 5 33]
,,,-80,0,0,0,0,0,0,0,0,0,0,-92,0,6,1726018778132,0,0,0,0,1726018778132,124,[12 17 12 17 11 16 11 15 11 14 13 10 13 11 12 11 11 11 13 10 12 9 11 8 12 7 12 7 12 7 12 7 12 6 11 7 11 6 13 10 6 13 10 6 8 5 8 5 8 5 6 5 5 5 0 0 0 0 0 0 0 0 0 0 0 0 0 0 0 0 0 0 0 0 0 0 13 13 10 12 11 11 12 11 14 11 14 13 10 16 9 17 8 17 7 18 7 17 7 18 7 17 6 17 6 17 7 16 7 17 8 17 8 16 9 16 13 10 17 13 10 17 11 17]
,,,-80,0,0,0,0,0,0,0,0,0,0,-92,0,6,1726018778148,0,0,0,0,1726018778148,124,[7 18 7 17 7 17 7 16 7 15 7 14 8 13 8 12 8 11 9 11 9 13 10 9 9 9 9 9 9 9 9 9 9 8 8 8 8 7 8 7 8 6 7 6 7 5 7 4 6 3 6 0 0 0 0 0 0 0 0 0 0 0 0 0 0 0 0 0 0 0 0 0 0 11 12 13 10 13 13 10 14 9 15 8 16 7 18 6 18 5 18 4 19 4 19 3 19 3 18 3 18 4 17 3 17 4 18 4 17 4 18 5 17 6 18 7 18 7 18 7 19 8 19 8]
,,,-80,0,0,0,0,0,0,0,0,0,0,-92,0,6,1726018778171,0,0,0,0,1726018778171,124,[4 -18 3 -19 3 -17 3 -18 2 -17 1 -16 1 -15 0 -15 -1 -15 -2 -15 -2 -14 -2 -14 -3 -14 -3 -14 -4 -14 -3 -13 -3 -14 -3 -13 -2 -12 -2 -12 -1 -11 -1 -10 0 -10 1 -9 1 -8 0 0 0 0 0 0 0 0 0 0 0 0 0 0 0 0 0 0 0 0 0 0 0 -15 1 -16 2 -16 3 -17 4 -16 6 -17 6 -17 7 -16 8 -16 9 -15 9 -16 9 -15 9 -15 9 -15 8 -15 8 -15 7 -16 7 -16 6 -17 6 -17 6 -17 6 -18 5 -17 5 -19 5 -19 5 -20]
,,,-80,0,0,0,0,0,0,0,0,0,0,-92,0,6,1726018778190,0,0,0,0,1726018778190,124,[11 -17 11 -17 13 10 -16 13 10 -16 9 -15 7 -15 7 -14 5 -14 5 -14 3 -14 3 -14 3 -14 2 -14 1 -14 1 -15 2 -14 2 -14 2 -13 2 -13 2 -12 3 -11 3 -10 4 -10 4 -9 4 -8 0 0 0 0 0 0 0 0 0 0 0 0 0 0 0 0 0 0 0 0 0 0 5 -16 6 -16 7 -16 9 -16 13 10 -15 12 -15 12 -15 13 -14 14 -13 14 -13 14 -13 14 -13 14 -12 14 -12 13 -12 13 -13 12 -13 12 -14 12 -14 12 -15 12 -15 12 -16 12 -16 12 -17 12]
,,,-80,0,0,0,0,0,0,0,0,0,0,-92,0,6,1726018778227,0,0,0,0,1726018778227,124,[15 19 15 18 13 17 13 16 13 14 13 13 14 12 13 11 13 9 14 9 14 7 15 6 15 6 14 6 14 7 14 6 14 7 12 7 11 7 11 7 13 10 7 9 7 8 7 6 7 5 7 0 0 0 0 0 0 0 0 0 0 0 0 0 0 0 0 0 0 0 0 0 0 17 13 17 15 16 16 16 17 15 18 14 21 13 22 12 22 11 23 11 23 11 23 11 23 11 22 11 22 11 22 11 22 11 22 12 21 14 22 14 22 14 21 15 21 14 21 16 22 16 21 15]
,,,-80,0,0,0,0,0,0,0,0,0,0,-92,0,6,1726018778239,0,0,0,0,1726018778239,124,[16 -15 15 -15 14 -15 13 -14 12 -14 11 -14 13 10 -14 8 -14 7 -14 6 -15 6 -14 5 -14 5 -14 4 -14 4 -14 5 -14 5 -14 4 -13 5 -12 5 -12 5 -10 6 -9 6 -9 5 -8 5 -7 0 0 0 0 0 0 0 0 0 0 0 0 0 0 0 0 0 0 0 0 0 0 11 -17 13 -16 14 -16 15 -15 16 -15 18 -15 18 -13 19 -13 19 -12 20 -12 20 -12 20 -11 20 -12 19 -12 19 -12 19 -13 18 -13 18 -13 19 -14 19 -14 19 -15 19 -15 18 -15 18 -16 18 -17 17]
,,,-80,0,0,0,0,0,0,0,0,0,0,-92,0,6,1726018778253,0,0,0,0,1726018778253,124,[-11 16 -11 16 -10 14 -10 14 -8 14 -8 13 -6 13 -5 13 -4 13 -3 13 -3 13 -3 13 -2 13 -2 13 -2 14 -3 13 -2 13 -3 12 -4 12 -4 11 -5 9 -6 8 -7 8 -6 7 -7 6 0 0 0 0 0 0 0 0 0 0 0 0 0 0 0 0 0 0 0 0 0 0 -9 15 -11 14 -12 14 -13 14 -14 13 -15 14 -16 13 -16 12 -17 12 -17 11 -17 12 -17 11 -16 11 -16 11 -16 11 -15 11 -14 12 -13 12 -14 14 -13 14 -13 15 -13 15 -12 16 -13 16 -13 17 -12 17]
,,,-80,0,0,0,0,0,0,0,0,0,0,-92,0,6,1726018778272,0,0,0,0,1726018778272,124,[17 15 17 14 15 14 16 12 15 11 15 13 10 14 8 15 7 14 6 15 5 15 4 14 3 15 3 15 3 15 4 15 4 15 4 13 5 13 5 12 5 11 5 13 10 6 9 7 7 7 5 8 0 0 0 0 0 0 0 0 0 0 0 0 0 0 0 0 0 0 0 0 0 0 16 12 16 14 15 14 15 16 15 17 15 20 14 21 13 21 12 21 11 21 11 22 11 21 11 21 11 20 12 20 12 19 13 18 13 18 15 18 15 17 16 17 18 17 17 17 18 17 19 17]
,,,-80,0,0,0,0,0,0,0,0,0,0,-92,0,6,1726018778290,0,0,0,0,1726018778290,124,[-19 11 -19 13 10 -17 13 10 -17 13 10 -15 13 10 -13 13 10 -12 13 10 -10 13 10 -9 13 10 -9 11 -9 13 10 -8 11 -7 11 -7 11 -7 11 -7 13 10 -6 13 10 -6 9 -6 8 -6 8 -6 6 -7 5 -7 4 -6 4 -6 3 0 0 0 0 0 0 0 0 0 0 0 0 0 0 0 0 0 0 0 0 0 0 -16 13 -17 13 -19 12 -20 11 -21 11 -23 11 -23 13 10 -23 9 -23 8 -25 7 -25 7 -24 6 -24 6 -23 6 -23 7 -23 8 -22 8 -22 9 -22 9 -22 11]
,,,-80,0,0,0,0,0,0,0,0,0,0,-92,0,6,1726018778308,0,0,0,0,1726018778308,124,[17 -13 17 -13 15 -13 15 -12 13 -12 12 -12 11 -12 9 -12 7 -12 7 -13 7 -12 6 -12 5 -12 5 -12 4 -12 5 -11 4 -11 4 -11 4 -9 4 -9 4 -8 5 -7 5 -7 4 -6 3 -5 0 0 0 0 0 0 0 0 0 0 0 0 0 0 0 0 0 0 0 0 0 0 15 -17 16 -16 17 -15 19 -15 20 -14 22 -13 22 -12 23 -12 23 -10 23 -10 23 -10 22 -10 22 -10 22 -10 22 -10 21 -11 20 -11 20 -12 21 -12 20 -13 20 -13 20 -13 19 -14 19 -15 19 -15 19 -15]
,,,-80,0,0,0,0,0,0,0,0,0,0,-92,0,6,1726018778329,0,0,0,0,1726018778329,124,[-6 21 -6 20 -5 20 -5 19 -4 18 -3 17 -2 17 -1 16 0 15 1 15 1 15 2 15 2 15 2 15 3 15 2 14 2 14 2 14 1 13 1 13 -1 12 -2 11 -2 11 -2 13 10 -3 9 0 0 0 0 0 0 0 0 0 0 0 0 0 0 0 0 0 0 0 0 0 0 -4 21 -7 21 -8 21 -9 21 -10 21 -12 22 -13 21 -13 20 -14 20 -15 20 -14 20 -13 19 -13 18 -13 18 -12 18 -12 19 -10 18 -10 19 -10 20 -9 20 -8 20 -8 21 -7 22 -7 22 -7 23 -6]
,,,-80,0,0,0,0,0,0,0,0,0,0,-92,0,6,1726018778353,0,0,0,0,1726018778353,124,[4 -20 5 -20 4 -19 4 -19 3 -18 2 -18 1 -17 0 -17 -1 -17 -2 -18 -2 -17 -2 -17 -3 -17 -2 -17 -3 -18 -2 -16 -2 -17 -2 -17 -1 -16 0 -16 1 -15 1 -14 2 -14 2 -13 4 -13 0 0 0 0 0 0 0 0 0 0 0 0 0 0 0 0 0 0 0 0 0 0 2 -18 4 -19 5 -18 6 -19 7 -18 8 -19 8 -18 9 -18 13 10 -17 9 -17 13 10 -17 9 -17 9 -16 9 -16 9 -16 8 -16 8 -17 7 -17 7 -18 6 -18 6 -18 6 -18 4 -19 4 -20 4 -21]
,,,-80,0,0,0,0,0,0,0,0,0,0,-92,0,6,1726018778370,0,0,0,0,1726018778370,124,[18 6 17 6 16 5 16 5 16 4 15 3 15 2 14 1 14 0 15 -1 15 -1 14 -2 15 -2 14 -3 15 -3 15 -3 15 -3 14 -3 14 -2 14 -2 13 -1 13 0 13 1 11 1 13 10 2 0 0 0 0 0 0 0 0 0 0 0 0 0 0 0 0 0 0 0 0 0 0 16 2 16 3 16 4 16 5 16 6 16 8 16 8 15 9 15 13 10 15 13 10 14 13 10 14 13 10 14 13 10 13 13 10 14 9 13 9 14 8 14 8 15 8 16 7 16 7 17 6 17]
,,,-80,0,0,0,0,0,0,0,0,0,0,-92,0,6,1726018778392,0,0,0,0,1726018778392,124,[14 -20 14 -20 13 -19 12 -19 12 -18 13 10 -18 9 -18 7 -17 5 -18 4 -19 4 -18 2 -17 1 -18 0 -18 0 -19 0 -18 0 -19 0 -19 1 -18 1 -18 2 -17 3 -16 3 -16 4 -15 5 -14 0 0 0 0 0 0 0 0 0 0 0 0 0 0 0 0 0 0 0 0 0 0 4 -20 6 -20 8 -20 9 -20 13 10 -19 12 -20 13 -19 14 -19 14 -18 15 -17 16 -17 16 -16 16 -16 16 -15 15 -16 15 -16 14 -16 14 -17 15 -17 15 -18 15 -19 14 -19 14 -20 15 -20 15 -21]
,,,-80,0,0,0,0,0,0,0,0,0,0,-92,0,6,1726018778410,0,0,0,0,1726018778410,124,[-35 0 -33 0 -31 0 -30 1 -29 2 -27 3 -25 4 -23 6 -21 8 -21 13 10 -21 11 -20 13 -19 14 -19 15 -18 16 -19 16 -17 16 -18 15 -18 15 -18 15 -19 13 -19 12 -19 11 -18 13 10 -18 8 0 0 0 0 0 0 0 0 0 0 0 0 0 0 0 0 0 0 0 0 0 0 -28 9 -30 7 -32 5 -31 3 -33 2 -33 1 -33 -2 -33 -4 -33 -4 -34 -5 -33 -5 -32 -6 -32 -6 -31 -7 -30 -6 -31 -5 -30 -5 -31 -5 -32 -3 -32 -3 -33 -2 -33 -2 -34 -1 -35 -1 -35 0]
,,,-80,0,0,0,0,0,0,0,0,0,0,-92,0,6,1726018778429,0,0,0,0,1726018778429,124,[23 -2 24 -2 22 -3 21 -3 20 -3 19 -4 18 -6 16 -7 16 -8 15 -9 15 -10 15 -11 15 -12 14 -12 14 -14 15 -13 15 -14 15 -13 15 -12 14 -12 16 -10 15 -9 15 -8 13 -7 13 -6 0 0 0 0 0 0 0 0 0 0 0 0 0 0 0 0 0 0 0 0 0 0 20 -9 21 -7 22 -6 23 -4 24 -3 24 -2 24 0 24 1 23 2 24 3 23 3 22 3 23 4 22 4 22 3 21 2 21 2 21 2 22 1 22 1 23 0 22 -1 23 -1 24 -1 24 -2 24 -2]
,,,-80,0,0,0,0,0,0,0,0,0,0,-92,0,6,1726018778449,0,0,0,0,1726018778449,124,[-24 4 -23 5 -22 5 -22 6 -21 6 -20 7 -19 7 -18 8 -16 9 -16 11 -16 12 -15 13 -15 13 -15 14 -15 15 -15 15 -15 14 -16 14 -15 13 -16 12 -17 11 -16 9 -17 9 -15 8 -15 6 0 0 0 0 0 0 0 0 0 0 0 0 0 0 0 0 0 0 0 0 0 0 -18 8 -20 9 -21 7 -22 6 -23 5 -23 3 -24 2 -24 0 -23 0 -25 -1 -24 -1 -23 -2 -23 -2 -22 -2 -22 -2 -22 -1 -22 -1 -21 0 -22 0 -22 1 -23 2 -23 2 -23 3 -24 4 -24 5 -24 5]
,,,-80,0,0,0,0,0,0,0,0,0,0,-92,0,6,1726018778477,0,0,0,0,1726018778477,124,[-12 27 -12 28 -10 28 -10 27 -8 26 -7 26 -4 25 -4 26 -1 26 1 26 1 25 3 25 3 25 4 26 5 27 5 26 4 27 4 27 3 26 3 26 1 24 1 23 -1 22 -3 22 -4 20 0 0 0 0 0 0 0 0 0 0 0 0 0 0 0 0 0 0 0 0 0 0 0 24 -2 25 -4 24 -5 24 -8 25 -10 26 -12 26 -14 25 -15 24 -16 23 -17 24 -17 23 -17 22 -17 21 -16 21 -17 22 -16 23 -16 22 -15 23 -15 23 -14 24 -14 25 -13 27 -13 27 -13 28 -13 30]
,,,-80,0,0,0,0,0,0,0,0,0,0,-92,0,6,1726018778495,0,0,0,0,1726018778495,124,[-15 12 -16 12 -13 12 -14 12 -13 13 -12 13 -11 12 -10 12 -8 13 -7 14 -7 14 -7 15 -7 15 -6 15 -5 16 -6 16 -6 16 -6 16 -7 15 -7 15 -7 13 -7 12 -8 12 -8 11 -9 13 10 0 0 0 0 0 0 0 0 0 0 0 0 0 0 0 0 0 0 0 0 0 0 -7 13 -9 14 -10 12 -11 12 -12 11 -13 12 -14 13 10 -15 13 10 -16 9 -16 8 -17 9 -17 7 -16 7 -16 6 -16 6 -16 6 -16 7 -16 7 -16 8 -16 8 -16 9 -15 13 10 -15 13 10 -16]
,,,-80,0,0,0,0,0,0,0,0,0,0,-92,0,6,1726018778515,0,0,0,0,1726018778515,124,[-17 -12 -17 -11 -16 -11 -17 -10 -17 -9 -17 -8 -16 -7 -17 -7 -17 -6 -17 -4 -18 -3 -18 -3 -18 -2 -18 -2 -18 -2 -19 -2 -18 -3 -18 -3 -17 -3 -17 -4 -16 -4 -15 -4 -15 -5 -13 -6 -12 -6 0 0 0 0 0 0 0 0 0 0 0 0 0 0 0 0 0 0 0 0 0 0 -16 -4 -16 -6 -16 -7 -16 -8 -15 -9 -15 -11 -15 -12 -14 -13 -13 -13 -13 -14 -12 -15 -12 -15 -12 -15 -12 -15 -11 -15 -12 -15 -12 -14 -12 -14 -13 -14 -13 -13 -15 -13 -14 -13 -15 -13 -16 -13 -17 -13 -16 -13]
,,,-80,0,0,0,0,0,0,0,0,0,0,-92,0,6,1726018778531,0,0,0,0,1726018778531,124,[-25 8 -24 8 -24 9 -23 9 -22 9 -21 13 10 -19 11 -18 11 -17 12 -17 13 -17 14 -16 15 -16 15 -16 16 -15 16 -16 16 -15 15 -15 15 -15 14 -15 13 -16 12 -16 11 -16 9 -15 8 -14 7 0 0 0 0 0 0 0 0 0 0 0 0 0 0 0 0 0 0 0 0 0 0 -14 12 -15 13 10 -17 13 10 -18 9 -20 8 -20 7 -21 6 -21 4 -22 3 -23 2 -23 2 -22 1 -23 1 -22 0 -22 1 -22 1 -21 2 -23 2 -22 3 -23 4 -23 5 -23 6 -24 6 -25 7 -25]
,,,-80,0,0,0,0,0,0,0,0,0,0,-92,0,6,1726018778553,0,0,0,0,1726018778553,124,[-13 -18 -14 -19 -13 -17 -14 -17 -13 -16 -14 -15 -13 -14 -14 -13 -14 -11 -15 -11 -16 -10 -16 -9 -17 -9 -16 -9 -17 -9 -16 -8 -17 -9 -16 -9 -15 -9 -15 -10 -14 -10 -13 -9 -12 -9 -11 -10 -9 -10 0 0 0 0 0 0 0 0 0 0 0 0 0 0 0 0 0 0 0 0 0 0 -13 -8 -13 -10 -12 -10 -13 -12 -12 -13 -12 -16 -10 -16 -10 -17 -9 -18 -8 -18 -8 -19 -7 -18 -8 -18 -7 -18 -7 -18 -7 -18 -8 -19 -8 -18 -9 -19 -9 -18 -10 -18 -11 -18 -11 -18 -13 -19 -13 -19 -14 -20]
,,,-80,0,0,0,0,0,0,0,0,0,0,-92,0,6,1726018778569,0,0,0,0,1726018778569,124,[-7 17 -7 17 -6 17 -5 16 -5 16 -4 16 -3 15 -2 15 -1 15 0 15 0 15 0 14 1 15 2 15 2 16 2 15 1 15 1 15 1 14 0 14 -1 13 -1 13 -2 12 -2 12 -3 11 0 0 0 0 0 0 0 0 0 0 0 0 0 0 0 0 0 0 0 0 0 0 0 12 -1 13 -2 13 -3 13 -4 13 -5 15 -7 15 -8 14 -9 14 -9 14 -10 14 -10 14 -10 13 -10 13 -10 13 -10 13 -10 14 -9 13 -9 14 -9 14 -9 15 -8 15 -8 16 -8 16 -8 17 -7 17]
,,,-80,0,0,0,0,0,0,0,0,0,0,-92,0,6,1726018778589,0,0,0,0,1726018778589,124,[2 18 2 17 3 17 3 16 3 16 4 15 5 14 6 14 7 14 8 14 8 13 8 13 9 13 9 13 9 13 9 14 9 14 9 14 8 13 7 13 6 13 5 12 4 12 3 12 2 11 0 0 0 0 0 0 0 0 0 0 0 0 0 0 0 0 0 0 0 0 0 0 5 13 4 14 3 14 2 15 1 15 0 16 -1 17 -2 17 -3 17 -4 16 -4 17 -4 17 -5 16 -4 16 -5 15 -4 16 -4 16 -4 16 -3 16 -3 16 -3 16 -2 16 -1 16 0 17 0 17 1 18]
,,,-80,0,0,0,0,0,0,0,0,0,0,-92,0,6,1726018778611,0,0,0,0,1726018778611,124,[-3 20 -2 20 -1 20 -1 19 0 18 1 18 3 17 4 17 6 17 6 17 6 17 7 16 8 16 8 17 9 18 9 17 9 17 8 18 7 17 6 17 5 16 4 15 3 15 1 15 0 13 0 0 0 0 0 0 0 0 0 0 0 0 0 0 0 0 0 0 0 0 0 0 2 18 0 19 -1 18 -2 19 -4 19 -6 20 -7 20 -8 19 -9 19 -10 18 -10 18 -10 18 -9 17 -9 17 -9 16 -9 17 -9 17 -8 17 -7 18 -7 18 -6 18 -6 19 -5 19 -4 20 -4 21 -3 22]
,,,-80,0,0,0,0,0,0,0,0,0,0,-92,0,6,1726018778628,0,0,0,0,1726018778628,124,[-20 7 -19 8 -18 8 -17 8 -16 8 -16 9 -15 9 -13 13 10 -12 11 -12 12 -12 12 -12 12 -11 13 -11 13 -10 14 -11 14 -11 13 -11 13 -11 12 -11 12 -12 11 -13 9 -12 8 -11 7 -11 6 0 0 0 0 0 0 0 0 0 0 0 0 0 0 0 0 0 0 0 0 0 0 -13 13 10 -14 9 -15 8 -17 7 -17 6 -18 6 -19 5 -19 3 -19 3 -20 1 -19 1 -19 1 -19 0 -19 0 -19 1 -19 1 -18 2 -19 2 -19 3 -19 4 -19 4 -20 5 -19 5 -20 6 -20 6]
,,,-80,0,0,0,0,0,0,0,0,0,0,-92,0,6,1726018778651,0,0,0,0,1726018778651,124,[-10 18 -10 18 -9 17 -9 17 -8 17 -7 16 -6 16 -5 17 -4 16 -3 17 -3 17 -2 17 -2 17 -1 18 -1 18 -1 17 -1 17 -2 17 -2 16 -3 16 -4 15 -4 14 -5 13 -6 13 -6 11 0 0 0 0 0 0 0 0 0 0 0 0 0 0 0 0 0 0 0 0 0 0 -2 14 -4 15 -5 14 -6 14 -8 14 -9 16 -10 15 -11 15 -12 14 -12 14 -13 14 -13 14 -12 13 -13 13 -13 13 -13 13 -13 14 -12 14 -12 15 -12 15 -12 16 -12 16 -11 16 -11 17 -11 19 -10 19]
,,,-80,0,0,0,0,0,0,0,0,0,0,-92,0,6,1726018778674,0,0,0,0,1726018778674,124,[-31 9 -32 13 10 -28 13 10 -29 13 10 -27 11 -26 12 -24 12 -23 13 -21 14 -21 15 -22 16 -21 16 -21 17 -19 17 -20 18 -20 16 -20 17 -20 15 -20 14 -19 13 -19 11 -19 9 -19 8 -17 7 -17 5 0 0 0 0 0 0 0 0 0 0 0 0 0 0 0 0 0 0 0 0 0 0 -19 13 -22 12 -22 13 10 -25 13 10 -25 8 -28 8 -28 6 -29 4 -29 3 -30 2 -30 2 -29 1 -30 0 -29 0 -30 0 -29 1 -29 1 -28 2 -31 3 -29 3 -30 4 -30 6 -29 7 -32]
,,,-80,0,0,0,0,0,0,0,0,0,0,-92,0,6,1726018778688,0,0,0,0,1726018778688,124,[-28 12 -28 12 -26 13 -26 13 -24 13 -23 13 -22 14 -20 14 -18 15 -18 16 -18 16 -17 16 -17 17 -15 17 -16 18 -16 17 -15 17 -16 16 -15 14 -15 14 -16 11 -15 9 -15 8 -13 7 -13 5 0 0 0 0 0 0 0 0 0 0 0 0 0 0 0 0 0 0 0 0 0 0 -18 16 -20 15 -22 14 -23 13 -24 11 -26 11 -27 9 -28 8 -28 7 -29 5 -29 5 -28 5 -28 3 -28 4 -28 4 -27 4 -27 5 -26 5 -28 7 -27 8 -27 9 -27 13 10 -27 13 10 -28 11 -28 12]
,,,-80,0,0,0,0,0,0,0,0,0,0,-92,0,6,1726018778712,0,0,0,0,1726018778712,124,[-3 -20 -3 -20 -3 -19 -4 -18 -4 -18 -5 -17 -5 -16 -6 -15 -7 -15 -8 -14 -7 -14 -8 -13 -9 -13 -8 -13 -9 -13 -8 -12 -8 -13 -8 -13 -7 -12 -7 -12 -6 -11 -5 -11 -4 -11 -3 -11 -2 -10 0 0 0 0 0 0 0 0 0 0 0 0 0 0 0 0 0 0 0 0 0 0 -6 -17 -4 -18 -3 -18 -2 -19 -2 -19 0 -20 1 -21 2 -21 3 -21 3 -20 4 -21 4 -20 4 -19 4 -19 3 -19 3 -19 2 -19 2 -19 1 -19 0 -19 0 -19 -1 -20 -1 -20 -2 -20 -2 -20 -2 -21]
,,,-80,0,0,0,0,0,0,0,0,0,0,-92,0,6,1726018778735,0,0,0,0,1726018778735,124,[-10 14 -11 14 -9 13 -9 13 -8 13 -7 13 -6 12 -6 12 -4 12 -4 13 -4 12 -4 12 -3 12 -3 13 -2 13 -3 12 -3 12 -3 11 -3 11 -4 11 -5 9 -5 8 -5 8 -5 7 -5 6 0 0 0 0 0 0 0 0 0 0 0 0 0 0 0 0 0 0 0 0 0 0 -8 13 -9 13 -10 12 -11 13 -12 12 -13 12 -14 12 -14 11 -15 11 -15 13 10 -15 13 10 -15 9 -15 9 -15 9 -15 13 10 -14 13 10 -14 13 10 -13 13 10 -13 13 10 -13 11 -12 12 -12 11 -11]
,,,-80,0,0,0,0,0,0,0,0,0,0,-92,0,6,1726018778755,0,0,0,0,1726018778755,124,[19 4 18 4 18 3 17 3 17 3 17 2 16 1 15 0 15 -1 15 -2 15 -2 15 -2 15 -2 14 -3 14 -2 15 -2 14 -2 13 -1 13 -1 12 0 12 1 11 1 13 10 1 9 1 8 2 0 0 0 0 0 0 0 0 0 0 0 0 0 0 0 0 0 0 0 0 0 0 16 0 16 2 17 3 17 4 17 5 17 6 17 8 17 8 17 9 17 9 16 9 16 9 16 9 16 9 16 9 16 8 15 8 16 7 16 7 16 6 17 6 18 5 18 5 18 4 19 4 19]
,,,-80,0,0,0,0,0,0,0,0,0,0,-92,0,6,1726018778771,0,0,0,0,1726018778771,124,[15 14 15 14 14 14 14 13 14 12 14 11 14 13 10 13 13 10 13 8 14 7 14 7 14 6 14 6 14 6 14 6 14 6 14 7 13 7 12 6 12 7 11 7 13 10 7 9 7 8 7 7 7 0 0 0 0 0 0 0 0 0 0 0 0 0 0 0 0 0 0 0 0 0 0 15 8 15 13 10 15 13 10 14 11 14 12 14 15 13 16 12 16 11 17 11 18 11 18 11 17 11 17 11 17 13 10 17 13 10 17 11 16 11 16 12 16 12 15 13 15 14 15 14]
,,,-80,0,0,0,0,0,0,0,0,0,0,-92,0,6,1726018778789,0,0,0,0,1726018778789,124,[-1 19 0 20 0 18 0 18 1 17 2 16 3 15 3 15 4 14 5 14 6 13 6 13 7 14 6 13 7 14 7 13 7 14 6 14 5 13 5 13 4 12 3 11 2 11 1 11 0 13 10 0 0 0 0 0 0 0 0 0 0 0 0 0 0 0 0 0 0 0 0 0 0 4 16 3 17 1 17 1 18 -1 18 -2 20 -3 20 -4 20 -5 20 -5 20 -6 20 -6 20 -6 19 -6 19 -7 19 -6 19 -7 19 -5 18 -5 20 -4 19 -4 19 -3 19 -3 19 -2 20 -1 20 -1]
,,,-80,0,0,0,0,0,0,0,0,0,0,-92,0,6,1726018778810,0,0,0,0,1726018778810,124,[-12 16 -11 16 -11 16 -10 15 -9 15 -8 15 -7 15 -6 15 -5 15 -5 16 -5 15 -4 15 -4 15 -3 16 -3 16 -4 16 -3 16 -3 15 -3 14 -4 14 -5 12 -6 12 -6 11 -6 13 10 -6 9 0 0 0 0 0 0 0 0 0 0 0 0 0 0 0 0 0 0 0 0 0 0 -4 12 -5 12 -7 12 -8 12 -9 12 -10 13 -10 13 -11 12 -12 12 -14 12 -14 11 -14 11 -14 13 10 -14 13 10 -14 13 10 -14 12 -13 11 -13 12 -13 12 -13 13 -13 13 -12 14 -12 14 -13 15]
,,,-80,0,0,0,0,0,0,0,0,0,0,-92,0,6,1726018778828,0,0,0,0,1726018778828,124,[-13 -20 -12 -20 -12 -20 -13 -19 -13 -18 -13 -17 -13 -16 -14 -16 -14 -15 -14 -15 -14 -14 -15 -13 -15 -12 -15 -13 -16 -13 -16 -13 -15 -13 -14 -13 -13 -13 -13 -13 -12 -13 -10 -13 -9 -13 -8 -13 -7 -13 0 0 0 0 0 0 0 0 0 0 0 0 0 0 0 0 0 0 0 0 0 0 -11 -9 -11 -10 -11 -11 -11 -12 -10 -13 -10 -15 -9 -15 -9 -16 -8 -17 -8 -17 -7 -18 -7 -18 -7 -18 -7 -18 -7 -18 -7 -19 -7 -18 -8 -18 -8 -19 -9 -18 -10 -18 -10 -19 -11 -19 -12 -20 -12 -20 -13 -20]
,,,-80,0,0,0,0,0,0,0,0,0,0,-92,0,6,1726018778854,0,0,0,0,1726018778854,124,[-14 -15 -15 -15 -14 -14 -14 -13 -14 -12 -14 -12 -14 -11 -14 -10 -15 -9 -15 -9 -15 -8 -15 -7 -16 -7 -15 -7 -16 -7 -16 -7 -16 -7 -15 -7 -14 -7 -14 -8 -13 -8 -12 -8 -12 -8 -10 -9 -9 -9 0 0 0 0 0 0 0 0 0 0 0 0 0 0 0 0 0 0 0 0 0 0 -11 -6 -11 -8 -11 -8 -11 -9 -10 -10 -10 -12 -10 -12 -10 -14 -9 -14 -9 -15 -8 -16 -8 -15 -8 -15 -8 -15 -8 -15 -9 -16 -9 -16 -9 -15 -10 -16 -10 -15 -11 -15 -11 -15 -11 -15 -13 -15 -13 -15 -14 -16]
,,,-80,0,0,0,0,0,0,0,0,0,0,-92,0,6,1726018778872,0,0,0,0,1726018778872,124,[15 12 17 12 15 11 16 13 10 16 9 16 8 16 8 15 6 15 5 16 4 16 4 16 3 17 3 16 3 17 3 16 3 17 4 16 4 15 4 15 4 14 5 13 5 13 6 11 6 13 10 7 0 0 0 0 0 0 0 0 0 0 0 0 0 0 0 0 0 0 0 0 0 0 12 2 13 3 12 4 13 5 12 6 13 8 13 9 13 13 10 12 11 12 12 12 13 11 13 12 13 12 13 11 14 11 13 12 14 11 13 13 14 13 13 14 13 14 13 14 12 16 13 16]
,,,-80,0,0,0,0,0,0,0,0,0,0,-92,0,6,1726018778888,0,0,0,0,1726018778888,124,[30 -12 29 -12 28 -13 27 -13 26 -13 24 -14 23 -16 21 -16 20 -18 19 -18 19 -19 17 -20 18 -21 17 -22 17 -22 18 -22 18 -21 17 -21 17 -19 17 -19 18 -16 18 -14 18 -13 17 -12 17 -10 0 0 0 0 0 0 0 0 0 0 0 0 0 0 0 0 0 0 0 0 0 0 15 -15 17 -14 19 -13 21 -12 22 -11 24 -11 25 -9 26 -8 27 -7 28 -5 28 -5 28 -4 28 -3 27 -3 28 -4 27 -4 27 -5 28 -5 29 -6 29 -7 29 -7 29 -9 30 -9 31 -10 30 -11 31 -12]
,,,-80,0,0,0,0,0,0,0,0,0,0,-92,0,6,1726018778909,0,0,0,0,1726018778909,124,[-28 -19 -28 -19 -27 -18 -28 -18 -27 -17 -27 -15 -27 -13 -26 -12 -26 -11 -27 -9 -28 -8 -28 -7 -29 -7 -28 -6 -29 -6 -29 -6 -29 -7 -27 -7 -26 -8 -25 -9 -24 -10 -22 -10 -21 -11 -19 -11 -17 -12 0 0 0 0 0 0 0 0 0 0 0 0 0 0 0 0 0 0 0 0 0 0 -21 -5 -21 -8 -22 -8 -23 -10 -22 -12 -22 -15 -22 -16 -21 -18 -20 -19 -20 -21 -20 -22 -19 -22 -20 -22 -19 -22 -19 -23 -19 -22 -19 -22 -19 -21 -21 -22 -22 -22 -22 -21 -23 -20 -24 -21 -26 -21 -26 -20 -27 -21]
,,,-80,0,0,0,0,0,0,0,0,0,0,-92,0,6,1726018778934,0,0,0,0,1726018778934,124,[11 -19 11 -19 13 10 -20 13 10 -18 9 -18 9 -18 7 -18 6 -18 4 -18 3 -18 2 -18 1 -18 1 -18 1 -18 0 -19 1 -19 1 -19 1 -19 2 -18 2 -18 3 -16 3 -15 4 -15 5 -14 5 -13 0 0 0 0 0 0 0 0 0 0 0 0 0 0 0 0 0 0 0 0 0 0 0 -15 1 -15 3 -15 4 -15 5 -16 7 -16 8 -16 13 10 -16 13 10 -15 12 -15 12 -16 12 -15 13 -14 13 -14 13 -14 13 -15 13 -14 13 -16 13 -15 13 -15 12 -16 12 -16 12 -18 12 -18]
,,,-80,0,0,0,0,0,0,0,0,0,0,-92,0,6,1726018778950,0,0,0,0,1726018778950,124,[-3 25 -3 26 -2 23 -2 23 -1 22 0 21 2 20 3 19 4 18 4 18 6 17 7 17 7 17 8 17 9 17 8 17 9 18 7 17 7 17 6 16 5 15 3 14 2 14 1 14 -1 13 0 0 0 0 0 0 0 0 0 0 0 0 0 0 0 0 0 0 0 0 0 0 6 15 4 17 2 17 2 18 0 18 -1 21 -3 21 -4 21 -5 21 -6 20 -7 21 -7 21 -7 20 -7 20 -8 20 -7 21 -7 22 -7 21 -6 23 -6 22 -5 23 -4 23 -4 23 -4 25 -4 25 -3 27]
,,,-80,0,0,0,0,0,0,0,0,0,0,-92,0,6,1726018778969,0,0,0,0,1726018778969,124,[-18 -18 -18 -17 -17 -16 -17 -15 -17 -14 -17 -12 -16 -11 -17 -10 -17 -9 -17 -8 -18 -7 -17 -6 -18 -6 -18 -5 -18 -5 -18 -5 -18 -6 -17 -6 -16 -7 -15 -7 -15 -7 -14 -7 -13 -8 -10 -8 -9 -8 0 0 0 0 0 0 0 0 0 0 0 0 0 0 0 0 0 0 0 0 0 0 -17 -8 -17 -10 -17 -11 -17 -12 -16 -13 -16 -16 -15 -17 -14 -17 -13 -18 -13 -19 -13 -20 -12 -19 -12 -19 -12 -19 -12 -19 -13 -19 -13 -18 -13 -18 -14 -19 -15 -18 -15 -18 -16 -18 -16 -18 -17 -18 -18 -18 -17 -19]
,,,-80,0,0,0,0,0,0,0,0,0,0,-92,0,6,1726018778989,0,0,0,0,1726018778989,124,[-13 -27 -12 -26 -12 -27 -13 -24 -13 -23 -14 -22 -14 -20 -15 -19 -16 -18 -17 -17 -17 -16 -18 -15 -18 -15 -18 -15 -18 -14 -18 -14 -18 -15 -16 -15 -15 -15 -14 -15 -14 -15 -13 -14 -12 -15 -9 -14 -7 -13 0 0 0 0 0 0 0 0 0 0 0 0 0 0 0 0 0 0 0 0 0 0 -16 -18 -15 -20 -15 -21 -13 -22 -13 -24 -11 -26 -10 -26 -8 -28 -7 -28 -7 -29 -6 -29 -6 -29 -6 -28 -6 -28 -6 -28 -6 -29 -6 -28 -7 -29 -8 -28 -9 -28 -9 -28 -10 -28 -11 -29 -12 -28 -12 -28 -13 -29]
,,,-80,0,0,0,0,0,0,0,0,0,0,-92,0,6,1726018779009,0,0,0,0,1726018779009,124,[3 -24 2 -24 2 -24 2 -23 1 -22 0 -21 -1 -20 -3 -19 -4 -20 -5 -19 -5 -18 -6 -17 -7 -18 -7 -19 -8 -19 -7 -18 -7 -19 -7 -18 -6 -18 -5 -18 -4 -17 -3 -16 -3 -16 -1 -16 0 -15 0 0 0 0 0 0 0 0 0 0 0 0 0 0 0 0 0 0 0 0 0 0 -3 -19 -2 -20 -1 -20 0 -21 2 -21 3 -23 4 -23 5 -23 6 -23 7 -22 8 -23 8 -23 8 -22 8 -22 8 -22 7 -22 7 -22 7 -23 6 -23 6 -24 5 -24 5 -24 5 -25 4 -25 4 -25 4 -26]
,,,-80,0,0,0,0,0,0,0,0,0,0,-92,0,6,1726018779028,0,0,0,0,1726018779028,124,[2 -20 2 -20 1 -19 1 -19 0 -18 0 -17 -1 -16 -2 -16 -3 -15 -5 -15 -5 -14 -6 -14 -6 -14 -6 -14 -7 -15 -6 -13 -6 -15 -6 -15 -5 -14 -5 -14 -4 -13 -3 -12 -3 -13 -1 -12 0 -12 0 0 0 0 0 0 0 0 0 0 0 0 0 0 0 0 0 0 0 0 0 0 -4 -16 -3 -17 -2 -17 -1 -18 0 -18 1 -20 3 -20 3 -20 4 -19 5 -19 5 -20 5 -19 5 -18 5 -19 6 -19 5 -19 5 -19 4 -19 4 -20 4 -20 3 -20 3 -20 3 -21 2 -21 2 -22 2 -22]
,,,-80,0,0,0,0,0,0,0,0,0,0,-92,0,6,1726018779048,0,0,0,0,1726018779048,124,[-29 11 -29 11 -28 11 -26 11 -24 12 -23 12 -21 12 -19 13 -18 14 -17 16 -17 16 -16 17 -15 17 -14 18 -13 18 -15 19 -14 18 -15 17 -15 15 -15 15 -15 13 -16 11 -16 13 10 -14 9 -14 7 0 0 0 0 0 0 0 0 0 0 0 0 0 0 0 0 0 0 0 0 0 0 -21 15 -23 14 -25 13 -26 12 -28 11 -30 13 10 -31 8 -31 6 -32 5 -33 3 -32 3 -31 3 -31 2 -31 2 -30 2 -31 3 -29 4 -30 4 -30 5 -30 6 -31 7 -30 8 -30 8 -31 13 10 -31]
,,,-80,0,0,0,0,0,0,0,0,0,0,-92,0,6,1726018779070,0,0,0,0,1726018779070,124,[-18 14 -17 14 -16 14 -16 13 -15 13 -14 13 -12 13 -11 13 -9 14 -9 14 -8 14 -7 14 -7 14 -6 16 -6 16 -6 15 -6 15 -6 14 -7 14 -7 13 -8 11 -8 13 10 -8 9 -8 9 -8 7 0 0 0 0 0 0 0 0 0 0 0 0 0 0 0 0 0 0 0 0 0 0 -11 15 -13 15 -13 14 -15 13 -16 13 -18 14 -19 12 -20 11 -21 11 -21 13 10 -22 13 10 -22 9 -21 9 -21 9 -20 9 -21 13 10 -20 13 10 -19 13 10 -20 11 -19 11 -19 12 -19 12 -19 13]
,,,-80,0,0,0,0,0,0,0,0,0,0,-92,0,6,1726018779088,0,0,0,0,1726018779088,124,[13 10 -17 9 -17 8 -16 8 -16 8 -15 7 -15 6 -14 4 -14 3 -14 2 -15 2 -14 1 -14 1 -14 0 -14 0 -14 0 -14 0 -14 0 -14 1 -13 2 -13 2 -11 3 -10 3 -10 3 -9 4 -8 0 0 0 0 0 0 0 0 0 0 0 0 0 0 0 0 0 0 0 0 0 0 4 -16 5 -16 6 -15 7 -16 8 -16 13 10 -16 11 -16 12 -16 13 -15 13 -14 14 -15 13 -14 14 -14 14 -14 13 -14 13 -15 12 -14 12 -15 12 -15 12 -15 12 -16 12 -16 11 -17 11 -17 11 -17]
,,,-80,0,0,0,0,0,0,0,0,0,0,-92,0,6,1726018779109,0,0,0,0,1726018779109,124,[-3 19 -4 19 -3 18 -2 17 -2 16 -1 15 0 15 1 14 2 14 3 13 3 13 3 13 4 13 4 13 5 13 4 12 4 13 3 12 2 12 1 11 1 9 0 9 -1 8 -1 8 -2 7 0 0 0 0 0 0 0 0 0 0 0 0 0 0 0 0 0 0 0 0 0 0 1 17 -1 18 -2 17 -3 18 -4 18 -5 20 -6 20 -7 19 -8 19 -9 19 -9 19 -9 18 -8 18 -8 18 -8 18 -7 18 -7 19 -7 19 -6 19 -6 20 -6 20 -5 21 -5 20 -5 21 -4 21 -4 21]
,,,-80,0,0,0,0,0,0,0,0,0,0,-92,0,6,1726018779139,0,0,0,0,1726018779139,124,[-16 13 10 -16 13 10 -14 13 10 -14 13 10 -12 13 10 -11 13 10 -10 13 10 -9 13 10 -8 13 10 -7 11 -7 11 -7 11 -6 11 -6 11 -6 11 -6 11 -5 13 10 -6 13 10 -6 9 -6 8 -7 6 -7 5 -7 4 -6 4 -6 2 0 0 0 0 0 0 0 0 0 0 0 0 0 0 0 0 0 0 0 0 0 0 -12 12 -13 12 -14 11 -16 11 -17 11 -18 13 10 -18 13 10 -19 9 -19 8 -20 8 -20 8 -20 7 -20 7 -19 7 -19 7 -19 8 -19 8 -19 9 -19 9 -18]
,,,-80,0,0,0,0,0,0,0,0,0,0,-92,0,6,1726018779152,0,0,0,0,1726018779152,124,[2 18 3 18 3 17 3 16 4 15 4 14 5 12 6 12 7 11 7 11 7 13 10 8 13 10 8 13 10 7 13 10 8 13 10 7 9 7 13 10 7 9 6 9 5 9 4 8 3 7 2 7 1 7 0 6 0 0 0 0 0 0 0 0 0 0 0 0 0 0 0 0 0 0 0 0 0 0 6 16 5 17 4 17 3 18 2 19 1 21 0 21 -1 22 -2 21 -3 21 -3 22 -3 21 -3 20 -3 20 -3 20 -3 20 -2 20 -2 20 -1 20 0 20 0 20 1 21 1 20]
,,,-80,0,0,0,0,0,0,0,0,0,0,-92,0,6,1726018779169,0,0,0,0,1726018779169,124,[21 -9 22 -9 19 -9 19 -9 17 -10 16 -10 14 -10 13 -11 11 -12 11 -13 11 -13 13 10 -13 13 10 -13 9 -13 9 -14 9 -12 9 -13 9 -11 9 -10 9 -10 9 -7 8 -6 8 -6 7 -5 6 -4 0 0 0 0 0 0 0 0 0 0 0 0 0 0 0 0 0 0 0 0 0 0 16 -14 18 -13 19 -12 21 -12 21 -10 23 -9 24 -8 25 -7 26 -5 26 -6 26 -5 26 -5 25 -4 25 -4 25 -4 24 -4 25 -5 24 -5 25 -6 24 -6 25 -7 25 -7 23 -8 24 -8 24 -9]
,,,-80,0,0,0,0,0,0,0,0,0,0,-92,0,6,1726018779189,0,0,0,0,1726018779189,124,[-10 -18 -10 -18 -10 -17 -10 -16 -10 -15 -10 -14 -10 -12 -11 -12 -11 -11 -12 -10 -12 -9 -12 -8 -12 -8 -12 -8 -12 -8 -11 -7 -11 -8 -10 -8 -9 -7 -9 -8 -8 -7 -7 -6 -6 -6 -4 -6 -3 -6 0 0 0 0 0 0 0 0 0 0 0 0 0 0 0 0 0 0 0 0 0 0 -12 -14 -11 -15 -10 -16 -10 -17 -9 -18 -8 -20 -8 -20 -7 -21 -6 -21 -6 -21 -5 -22 -5 -21 -5 -21 -5 -21 -5 -21 -6 -21 -6 -21 -6 -21 -8 -21 -8 -21 -8 -21 -9 -21 -9 -21 -9 -21 -10 -21 -10 -21]
,,,-80,0,0,0,0,0,0,0,0,0,0,-92,0,6,1726018779224,0,0,0,0,1726018779224,124,[1 20 2 19 2 20 1 18 2 18 2 16 4 17 5 16 5 16 6 14 6 15 6 13 6 14 6 14 6 13 6 13 5 12 4 12 4 11 3 11 2 13 10 2 9 1 9 0 8 -1 7 0 0 0 0 0 0 0 0 0 0 0 0 0 0 0 0 0 0 0 0 0 0 6 14 5 15 4 16 3 17 2 18 1 18 -1 19 -2 19 -3 20 -3 20 -4 20 -4 19 -4 19 -3 19 -4 17 -4 19 -3 18 -2 20 -2 19 -1 21 -2 20 1 20 0 20 0 21 0 21 1]
,,,-80,0,0,0,0,0,0,0,0,0,0,-92,0,6,1726018779260,0,0,0,0,1726018779260,124,[-21 9 -21 9 -19 13 10 -19 9 -18 13 10 -17 13 10 -16 13 10 -14 11 -13 11 -13 13 -13 12 -12 13 -13 14 -11 13 -11 15 -12 13 -11 13 -12 12 -11 11 -11 13 10 -12 9 -11 7 -12 6 -10 6 -11 4 0 0 0 0 0 0 0 0 0 0 0 0 0 0 0 0 0 0 0 0 0 0 -14 12 -17 11 -18 13 10 -18 13 10 -19 9 -21 8 -21 6 -22 6 -22 4 -22 3 -22 4 -22 3 -22 3 -21 2 -22 3 -21 3 -21 4 -20 4 -22 5 -21 6 -21 7 -22 7 -21]
,,,-80,0,0,0,0,0,0,0,0,0,0,-92,0,6,1726018779274,0,0,0,0,1726018779274,124,[8 -18 8 -18 7 -18 6 -17 5 -17 4 -17 4 -16 2 -16 1 -16 0 -16 0 -16 -1 -16 -1 -16 -2 -16 -2 -16 -1 -16 -1 -16 -1 -16 0 -15 0 -14 1 -13 2 -11 2 -11 2 -10 3 -9 0 0 0 0 0 0 0 0 0 0 0 0 0 0 0 0 0 0 0 0 0 0 4 -18 6 -18 7 -17 8 -17 9 -17 11 -17 11 -17 12 -17 13 -16 13 -15 13 -15 13 -15 13 -14 13 -14 13 -14 12 -15 12 -15 11 -16 12 -17 11 -16 11 -17 11 -17 9 -18 13 10 -18 9 -18 9]
,,,-80,0,0,0,0,0,0,0,0,0,0,-92,0,6,1726018779306,0,0,0,0,1726018779306,124,[2 16 2 15 3 15 3 14 3 14 3 13 4 12 5 12 5 11 5 11 5 13 10 6 13 10 6 13 10 6 13 10 6 13 10 6 13 10 5 13 10 5 13 10 4 13 10 3 9 2 8 1 7 0 7 0 7 -1 6 0 0 0 0 0 0 0 0 0 0 0 0 0 0 0 0 0 0 0 0 0 0 3 19 2 19 1 19 0 19 -1 20 -2 20 -3 20 -3 20 -4 20 -5 19 -5 20 -5 18 -5 18 -5 17 -4 17 -4 18 -3 17 -3 17 -2 17 -1 17 0 17 0]
,,,-80,0,0,0,0,0,0,0,0,0,0,-92,0,6,1726018779318,0,0,0,0,1726018779318,124,[3 21 4 22 4 20 4 19 4 19 4 17 6 16 6 16 7 14 8 15 8 14 9 13 9 13 8 13 9 13 8 13 7 13 5 14 5 13 3 12 3 13 10 2 13 10 1 9 0 8 -1 8 0 0 0 0 0 0 0 0 0 0 0 0 0 0 0 0 0 0 0 0 0 0 4 26 2 28 1 27 -1 28 -2 27 -4 29 -6 28 -7 28 -8 28 -7 26 -7 27 -6 26 -5 25 -5 25 -5 25 -5 23 -4 24 -3 23 -2 24 -2 23 -1 23 0 23 1 23 2 23 3 23]
,,,-80,0,0,0,0,0,0,0,0,0,0,-92,0,6,1726018779331,0,0,0,0,1726018779331,124,[4 18 5 18 5 17 5 16 5 15 5 14 6 13 7 13 7 12 8 11 8 13 10 8 13 10 8 13 10 8 13 10 8 13 10 7 13 10 7 13 10 6 13 10 5 13 10 3 9 3 8 2 7 1 7 -1 7 -1 6 0 0 0 0 0 0 0 0 0 0 0 0 0 0 0 0 0 0 0 0 0 0 4 24 3 25 1 25 0 26 -1 26 -1 27 -3 26 -4 26 -4 25 -5 25 -5 25 -4 24 -3 23 -3 22 -2 22 -1 22 -1 21 0 22 1 22 2 22 2 21 3]
,,,-80,0,0,0,0,0,0,0,0,0,0,-92,0,6,1726018779350,0,0,0,0,1726018779350,124,[-30 -10 -31 -9 -27 -8 -27 -8 -26 -6 -25 -5 -23 -4 -22 -3 -21 -2 -21 -1 -22 -1 -21 1 -22 0 -19 -1 -20 -1 -20 -2 -18 -3 -17 -3 -15 -4 -14 -4 -13 -5 -12 -5 -11 -6 -8 -6 -6 -6 0 0 0 0 0 0 0 0 0 0 0 0 0 0 0 0 0 0 0 0 0 0 -35 -9 -36 -11 -35 -13 -36 -14 -35 -16 -36 -19 -34 -20 -33 -21 -32 -22 -32 -22 -31 -22 -31 -21 -30 -20 -30 -20 -30 -19 -29 -18 -30 -17 -29 -16 -31 -16 -31 -14 -32 -12 -31 -12 -31 -11 -33 -11 -33 -10 -32 -10]
,,,-80,0,0,0,0,0,0,0,0,0,0,-92,0,6,1726018779375,0,0,0,0,1726018779375,124,[13 -12 13 -12 12 -11 12 -11 11 -11 13 10 -11 9 -10 7 -11 7 -11 6 -11 6 -11 5 -11 5 -11 5 -11 5 -11 5 -10 4 -10 5 -9 5 -8 4 -7 5 -6 4 -5 4 -5 3 -4 3 -4 0 0 0 0 0 0 0 0 0 0 0 0 0 0 0 0 0 0 0 0 0 0 11 -14 12 -13 13 -13 14 -12 15 -12 17 -11 17 -11 17 -10 18 -9 18 -9 18 -9 18 -9 17 -8 17 -8 17 -8 16 -9 15 -9 15 -10 15 -10 15 -11 15 -11 15 -12 14 -12 15 -13 15 -13 15]
,,,-80,0,0,0,0,0,0,0,0,0,0,-92,0,6,1726018779389,0,0,0,0,1726018779389,124,[15 -19 14 -19 13 -19 13 -18 12 -17 13 10 -17 9 -17 8 -16 6 -17 5 -17 5 -16 5 -16 5 -16 4 -16 4 -16 4 -15 4 -15 5 -14 5 -12 5 -12 5 -10 5 -9 5 -8 4 -7 3 -6 0 0 0 0 0 0 0 0 0 0 0 0 0 0 0 0 0 0 0 0 0 0 8 -20 13 10 -20 12 -19 13 -19 14 -19 16 -19 17 -18 18 -18 19 -17 19 -17 20 -17 19 -16 19 -16 18 -15 18 -15 18 -16 17 -17 17 -17 17 -18 17 -18 16 -19 16 -19 15 -20 16 -21 16 -20]
,,,-80,0,0,0,0,0,0,0,0,0,0,-92,0,6,1726018779414,0,0,0,0,1726018779414,124,[-8 -20 -8 -20 -8 -19 -8 -18 -8 -17 -8 -16 -9 -15 -9 -14 -10 -14 -11 -13 -11 -13 -11 -12 -11 -12 -11 -13 -11 -13 -10 -12 -9 -12 -8 -13 -7 -12 -7 -12 -5 -10 -4 -9 -4 -9 -3 -8 -2 -8 0 0 0 0 0 0 0 0 0 0 0 0 0 0 0 0 0 0 0 0 0 0 -10 -14 -9 -15 -8 -16 -8 -16 -7 -17 -6 -19 -5 -19 -4 -20 -3 -20 -3 -20 -3 -20 -3 -20 -3 -20 -3 -20 -3 -19 -3 -20 -4 -20 -4 -20 -5 -20 -5 -20 -6 -20 -6 -20 -7 -21 -8 -21 -8 -21 -8 -21]
,,,-80,0,0,0,0,0,0,0,0,0,0,-92,0,6,1726018779429,0,0,0,0,1726018779429,124,[-14 20 -14 19 -12 19 -12 19 -11 18 -10 18 -8 17 -8 18 -6 18 -5 19 -5 18 -5 18 -5 19 -5 19 -6 19 -5 18 -6 18 -6 16 -7 15 -7 14 -8 12 -7 13 10 -8 9 -7 8 -7 7 0 0 0 0 0 0 0 0 0 0 0 0 0 0 0 0 0 0 0 0 0 0 -4 14 -5 15 -7 14 -8 15 -9 14 -11 16 -12 15 -13 14 -13 14 -14 13 -15 13 -14 13 -14 13 -15 13 -15 13 -14 14 -14 14 -13 15 -14 16 -13 16 -13 17 -13 18 -12 18 -14 19 -14 20 -13]
,,,-80,0,0,0,0,0,0,0,0,0,0,-92,0,6,1726018779452,0,0,0,0,1726018779452,124,[19 7 19 7 18 7 18 6 17 5 17 4 17 4 15 3 16 1 16 0 16 -1 16 -1 17 -1 17 -1 17 -2 17 -1 17 0 16 0 15 0 14 1 14 1 13 2 12 2 13 10 3 9 3 0 0 0 0 0 0 0 0 0 0 0 0 0 0 0 0 0 0 0 0 0 0 11 -1 12 1 12 1 13 2 12 3 13 5 13 6 13 6 12 7 12 8 12 8 12 8 12 8 12 7 13 8 13 8 13 8 14 8 15 8 15 7 16 6 17 7 17 7 18 7 19 7 19]
,,,-80,0,0,0,0,0,0,0,0,0,0,-92,0,6,1726018779469,0,0,0,0,1726018779469,124,[23 24 23 25 21 23 23 22 22 20 22 19 22 16 22 15 22 13 23 12 24 13 10 24 13 10 26 9 25 8 27 9 26 9 26 13 10 25 13 10 22 13 10 21 11 20 11 18 13 10 16 12 14 11 12 11 0 0 0 0 0 0 0 0 0 0 0 0 0 0 0 0 0 0 0 0 0 0 20 8 20 13 10 19 13 10 19 13 18 14 18 17 17 19 15 19 15 20 14 21 14 21 14 21 14 21 14 22 15 22 15 21 16 22 16 22 18 23 19 22 19 23 21 23]
,,,-80,0,0,0,0,0,0,0,0,0,0,-92,0,6,1726018779497,0,0,0,0,1726018779497,124,[-20 -11 -21 -11 -19 -11 -19 -10 -19 -9 -18 -8 -18 -7 -17 -6 -16 -4 -17 -3 -18 -2 -18 -1 -18 0 -18 0 -19 0 -19 0 -19 0 -18 -1 -18 -1 -17 -2 -17 -2 -16 -3 -15 -5 -13 -5 -12 -6 0 0 0 0 0 0 0 0 0 0 0 0 0 0 0 0 0 0 0 0 0 0 -16 -1 -16 -2 -17 -4 -18 -4 -17 -6 -17 -8 -17 -8 -16 -10 -15 -10 -15 -11 -14 -11 -15 -11 -15 -12 -15 -11 -15 -12 -16 -12 -17 -11 -16 -11 -18 -12 -17 -12 -19 -12 -19 -12 -19 -11 -21 -12 -20 -11 -21 -11]
,,,-80,0,0,0,0,0,0,0,0,0,0,-92,0,6,1726018779509,0,0,0,0,1726018779509,124,[25 13 26 13 23 11 24 13 10 23 9 22 7 21 5 19 4 19 2 19 0 20 -1 20 -3 20 -4 20 -4 21 -5 21 -5 21 -4 21 -4 20 -3 20 -2 19 -1 18 0 18 2 15 2 13 4 0 0 0 0 0 0 0 0 0 0 0 0 0 0 0 0 0 0 0 0 0 0 25 5 26 7 25 9 26 13 10 24 12 24 14 23 15 23 15 21 16 21 16 20 16 20 16 20 16 20 16 21 15 20 15 22 15 21 14 23 14 23 13 24 13 24 13 24 12 26 12 27 12]
,,,-80,0,0,0,0,0,0,0,0,0,0,-92,0,6,1726018779529,0,0,0,0,1726018779529,124,[-6 17 -5 17 -5 16 -4 15 -3 14 -3 13 -2 12 0 12 1 11 2 11 3 11 3 13 10 4 11 5 12 5 12 4 11 4 12 3 12 3 11 2 11 1 9 0 9 0 9 -1 8 -1 7 0 0 0 0 0 0 0 0 0 0 0 0 0 0 0 0 0 0 0 0 0 0 -2 17 -4 17 -5 17 -6 17 -6 17 -8 17 -9 17 -9 17 -10 16 -10 16 -10 17 -9 16 -9 15 -9 16 -8 15 -9 16 -8 16 -8 16 -7 17 -7 17 -7 17 -6 17 -6 18 -6 19 -5 18 -5]
,,,-80,0,0,0,0,0,0,0,0,0,0,-92,0,6,1726018779549,0,0,0,0,1726018779549,124,[-9 17 -8 16 -7 15 -6 15 -6 14 -5 14 -4 13 -2 13 -1 13 0 13 0 12 0 13 1 13 1 14 1 14 1 13 0 13 0 13 0 12 -1 12 -2 13 10 -2 9 -3 9 -3 8 -4 7 0 0 0 0 0 0 0 0 0 0 0 0 0 0 0 0 0 0 0 0 0 0 -3 16 -4 17 -5 16 -7 17 -7 17 -8 17 -10 17 -10 17 -11 16 -11 16 -11 16 -11 16 -11 15 -11 15 -11 16 -11 16 -11 16 -10 16 -10 16 -10 17 -10 17 -9 18 -9 18 -9 18 -9 18 -8]
,,,-80,0,0,0,0,0,0,0,0,0,0,-92,0,6,1726018779570,0,0,0,0,1726018779570,124,[4 17 4 17 5 16 5 15 5 14 6 13 6 12 7 11 8 11 8 13 10 9 13 10 9 9 9 9 13 10 9 13 10 9 13 10 9 9 13 10 9 13 10 8 9 7 9 6 8 5 8 4 8 3 7 2 7 0 0 0 0 0 0 0 0 0 0 0 0 0 0 0 0 0 0 0 0 0 0 8 14 7 15 5 15 5 16 4 17 3 18 2 18 2 18 1 19 1 18 0 19 0 18 0 18 1 18 0 18 1 18 1 18 1 18 2 18 2 18 3 18 4 18 4]
,,,-80,0,0,0,0,0,0,0,0,0,0,-92,0,6,1726018779589,0,0,0,0,1726018779589,124,[21 24 21 23 19 21 20 19 20 18 19 15 20 13 19 12 20 9 21 8 22 6 23 5 23 4 23 5 24 6 25 5 23 6 21 6 20 7 19 8 18 7 17 7 15 8 12 7 13 10 7 0 0 0 0 0 0 0 0 0 0 0 0 0 0 0 0 0 0 0 0 0 0 26 16 25 18 24 20 24 22 23 24 21 27 20 28 19 28 17 30 17 30 16 31 16 30 16 30 16 29 16 29 16 30 16 29 17 29 18 28 17 28 20 27 20 27 21 26 22 27 22 27 22]
,,,-80,0,0,0,0,0,0,0,0,0,0,-92,0,6,1726018779610,0,0,0,0,1726018779610,124,[13 10 -14 9 -14 9 -14 8 -13 7 -12 6 -12 5 -12 3 -12 2 -12 1 -12 1 -12 0 -13 -1 -13 -1 -13 -2 -14 -1 -13 -1 -13 -1 -13 0 -12 0 -12 1 -11 1 -10 1 -9 1 -9 1 -8 0 0 0 0 0 0 0 0 0 0 0 0 0 0 0 0 0 0 0 0 0 0 7 -16 8 -16 13 10 -15 13 10 -15 11 -15 13 -15 14 -14 14 -13 15 -13 15 -12 15 -12 15 -11 15 -11 15 -11 14 -11 15 -12 13 -12 14 -12 14 -12 13 -13 13 -13 13 -14 12 -14 13 -14 12]
,,,-80,0,0,0,0,0,0,0,0,0,0,-92,0,6,1726018779629,0,0,0,0,1726018779629,124,[-4 -20 -4 -21 -4 -19 -5 -18 -6 -17 -6 -16 -6 -15 -8 -13 -8 -13 -10 -12 -11 -11 -11 -10 -12 -10 -12 -10 -13 -11 -12 -10 -12 -11 -11 -11 -10 -10 -10 -11 -9 -10 -8 -9 -8 -9 -6 -9 -5 -9 0 0 0 0 0 0 0 0 0 0 0 0 0 0 0 0 0 0 0 0 0 0 -9 -17 -8 -19 -6 -19 -6 -20 -5 -20 -3 -22 -2 -23 -1 -23 1 -22 1 -22 1 -23 1 -22 1 -22 1 -22 1 -22 1 -22 1 -22 0 -21 0 -22 -1 -22 -1 -22 -1 -22 -2 -22 -3 -23 -3 -22 -3 -23]
,,,-80,0,0,0,0,0,0,0,0,0,0,-92,0,6,1726018779652,0,0,0,0,1726018779652,124,[6 17 5 16 6 16 6 14 6 14 6 13 7 12 8 11 8 13 10 9 9 9 8 13 10 8 11 7 12 8 12 7 12 8 12 8 11 8 11 8 13 10 8 13 10 8 9 8 8 8 6 8 5 8 0 0 0 0 0 0 0 0 0 0 0 0 0 0 0 0 0 0 0 0 0 0 13 10 11 9 12 8 12 8 13 7 14 6 16 5 16 4 17 4 17 3 17 2 17 2 17 2 17 2 17 2 17 2 18 2 17 3 18 3 17 3 17 4 18 4 18 4 18 5]
,,,-80,0,0,0,0,0,0,0,0,0,0,-92,0,6,1726018779673,0,0,0,0,1726018779673,124,[-8 19 -7 19 -6 19 -5 18 -4 18 -3 17 -1 17 0 17 2 16 4 17 4 16 5 16 5 16 7 17 7 18 7 18 7 19 6 19 5 18 4 18 3 16 2 15 1 15 0 15 -1 14 0 0 0 0 0 0 0 0 0 0 0 0 0 0 0 0 0 0 0 0 0 0 -4 23 -6 23 -7 22 -9 23 -10 21 -11 23 -12 22 -13 21 -14 21 -14 19 -14 20 -13 19 -13 18 -13 18 -13 19 -13 19 -13 19 -12 19 -12 19 -12 19 -11 19 -10 19 -10 20 -10 21 -10 21 -9 22]
,,,-80,0,0,0,0,0,0,0,0,0,0,-92,0,6,1726018779696,0,0,0,0,1726018779696,124,[-13 -23 -13 -21 -12 -21 -13 -18 -14 -17 -14 -15 -14 -13 -14 -12 -16 -10 -17 -10 -18 -9 -19 -8 -19 -8 -20 -9 -19 -9 -20 -9 -19 -10 -18 -10 -16 -11 -15 -11 -15 -10 -13 -10 -12 -11 -9 -11 -7 -11 0 0 0 0 0 0 0 0 0 0 0 0 0 0 0 0 0 0 0 0 0 0 -17 -31 -15 -32 -14 -33 -13 -33 -13 -34 -11 -36 -10 -35 -10 -35 -8 -34 -8 -35 -7 -35 -7 -33 -8 -32 -8 -32 -8 -31 -9 -32 -9 -30 -9 -30 -10 -30 -11 -29 -12 -28 -12 -28 -12 -28 -12 -28 -13 -26 -13 -27]
,,,-80,0,0,0,0,0,0,0,0,0,0,-92,0,6,1726018779726,0,0,0,0,1726018779726,124,[-17 1 -16 2 -15 2 -14 3 -13 3 -12 4 -11 5 -10 5 -9 6 -9 7 -9 8 -9 8 -9 8 -8 8 -8 8 -10 8 -9 7 -9 6 -8 5 -8 4 -8 4 -8 3 -7 2 -6 1 -5 1 0 0 0 0 0 0 0 0 0 0 0 0 0 0 0 0 0 0 0 0 0 0 -20 3 -21 1 -22 0 -22 -1 -23 -1 -22 -2 -23 -4 -23 -5 -22 -5 -23 -5 -23 -5 -22 -4 -22 -5 -21 -4 -21 -4 -22 -4 -21 -3 -21 -3 -21 -2 -20 -2 -21 -2 -20 -1 -20 -1 -20 1 -19 1 -19 1]
,,,-80,0,0,0,0,0,0,0,0,0,0,-92,0,6,1726018779738,0,0,0,0,1726018779738,124,[5 -14 5 -13 4 -13 4 -12 3 -11 1 -12 1 -11 -1 -11 -2 -11 -2 -11 -3 -11 -3 -11 -3 -11 -3 -11 -3 -12 -2 -11 -2 -11 -2 -11 -1 -10 -1 -10 0 -8 0 -7 1 -6 1 -6 1 -5 0 0 0 0 0 0 0 0 0 0 0 0 0 0 0 0 0 0 0 0 0 0 6 -18 7 -18 8 -17 9 -17 13 10 -17 11 -17 12 -17 13 -17 13 -17 13 -16 14 -16 13 -15 13 -15 13 -15 12 -15 12 -16 11 -15 11 -15 13 10 -16 13 10 -15 13 10 -16 9 -16 9 -16 9 -16]
,,,-80,0,0,0,0,0,0,0,0,0,0,-92,0,6,1726018779768,0,0,0,0,1726018779768,124,[17 3 15 3 15 3 14 1 13 1 13 0 13 -1 12 -2 12 -3 11 -4 12 -5 12 -5 12 -5 11 -5 11 -5 12 -5 11 -4 13 10 -4 9 -3 9 -3 9 -2 8 -2 7 -2 6 -2 5 -2 0 0 0 0 0 0 0 0 0 0 0 0 0 0 0 0 0 0 0 0 0 0 17 -1 17 0 18 1 18 3 19 4 18 5 18 6 19 7 18 8 18 9 18 9 17 9 18 9 17 9 17 8 17 8 17 7 17 7 17 7 17 6 18 6 18 6 18 6 19 5 18 5 18]
,,,-80,0,0,0,0,0,0,0,0,0,0,-92,0,6,1726018779779,0,0,0,0,1726018779779,124,[-15 11 -14 11 -12 13 10 -12 11 -11 11 -9 11 -8 11 -7 11 -5 11 -5 12 -5 12 -5 12 -5 13 -4 12 -4 13 -4 12 -4 12 -4 11 -4 13 10 -4 13 10 -4 9 -4 8 -4 7 -3 7 -3 6 0 0 0 0 0 0 0 0 0 0 0 0 0 0 0 0 0 0 0 0 0 0 -10 14 -12 14 -13 13 -15 13 -15 12 -17 12 -17 11 -18 13 10 -19 13 10 -19 9 -19 9 -19 9 -19 8 -19 8 -18 9 -18 9 -18 13 10 -17 9 -18 13 10 -18 11 -17 11 -17 11 -16]
,,,-80,0,0,0,0,0,0,0,0,0,0,-92,0,6,1726018779804,0,0,0,0,1726018779804,124,[7 -19 6 -18 6 -18 5 -17 5 -16 3 -16 2 -15 1 -15 0 -15 -1 -15 -2 -15 -2 -14 -3 -15 -3 -16 -3 -15 -3 -15 -2 -15 -2 -15 -1 -14 -1 -14 -1 -12 -1 -12 0 -11 0 -11 0 -10 0 0 0 0 0 0 0 0 0 0 0 0 0 0 0 0 0 0 0 0 0 0 0 -16 2 -16 3 -16 4 -16 5 -17 6 -17 8 -17 8 -17 9 -16 13 10 -17 13 10 -17 13 10 -16 13 10 -16 13 10 -16 13 10 -15 13 10 -17 9 -16 13 10 -18 13 10 -17 9 -17 9 -18 9]
,,,-80,0,0,0,0,0,0,0,0,0,0,-92,0,6,1726018779816,0,0,0,0,1726018779816,124,[-24 12 -24 12 -22 12 -21 11 -20 12 -19 12 -17 12 -15 13 -14 13 -13 15 -13 15 -12 15 -12 16 -11 16 -11 17 -12 16 -11 16 -11 15 -11 14 -11 14 -12 12 -12 13 10 -12 13 10 -10 9 -10 8 0 0 0 0 0 0 0 0 0 0 0 0 0 0 0 0 0 0 0 0 0 0 -11 15 -14 15 -15 14 -17 13 -18 13 -20 12 -21 12 -22 11 -23 13 10 -24 8 -24 9 -24 9 -24 7 -24 7 -24 8 -24 8 -24 9 -24 9 -25 13 10 -25 11 -25 11 -25 12 -24 11 -26 12]
,,,-80,0,0,0,0,0,0,0,0,0,0,-92,0,6,1726018779831,0,0,0,0,1726018779831,124,[-17 11 -16 11 -15 11 -15 11 -14 11 -13 11 -12 11 -11 12 -10 12 -8 12 -9 12 -8 13 -8 13 -7 13 -7 14 -8 13 -7 13 -8 13 -7 12 -8 11 -8 13 10 -8 9 -8 9 -7 8 -7 7 0 0 0 0 0 0 0 0 0 0 0 0 0 0 0 0 0 0 0 0 0 0 -6 11 -8 11 -9 13 10 -10 13 10 -11 13 10 -13 13 10 -14 13 10 -15 9 -15 9 -16 8 -16 8 -17 7 -17 7 -17 7 -17 7 -17 8 -17 8 -17 8 -17 9 -17 9 -17 13 10 -17 11 -17]
,,,-80,0,0,0,0,0,0,0,0,0,0,-92,0,6,1726018779848,0,0,0,0,1726018779848,124,[0 -22 0 -22 0 -22 0 -21 -1 -20 -2 -19 -2 -19 -3 -18 -4 -18 -5 -17 -5 -17 -6 -16 -7 -16 -7 -16 -7 -17 -7 -16 -7 -17 -6 -16 -6 -16 -5 -15 -5 -14 -4 -13 -3 -13 -2 -13 -1 -12 0 0 0 0 0 0 0 0 0 0 0 0 0 0 0 0 0 0 0 0 0 0 -6 -14 -5 -16 -4 -16 -3 -17 -2 -17 -1 -18 1 -19 1 -19 3 -19 3 -19 4 -19 4 -19 4 -18 4 -18 4 -18 4 -19 3 -20 3 -20 3 -20 2 -20 2 -21 2 -21 2 -22 1 -22 1 -23 1 -23]
,,,-80,0,0,0,0,0,0,0,0,0,0,-92,0,6,1726018779869,0,0,0,0,1726018779869,124,[25 -1 25 -1 23 -2 23 -2 23 -2 21 -3 21 -4 19 -5 18 -6 17 -7 18 -8 17 -8 17 -9 16 -10 16 -10 17 -9 16 -9 16 -9 15 -8 15 -7 14 -6 15 -5 14 -4 12 -3 11 -2 0 0 0 0 0 0 0 0 0 0 0 0 0 0 0 0 0 0 0 0 0 0 17 -8 18 -7 19 -6 19 -4 20 -3 21 -2 21 -1 21 0 21 1 22 2 21 2 21 2 22 2 21 3 22 2 22 2 22 1 22 1 23 1 24 0 24 0 25 -1 24 -1 26 -1 26 -1 26 -2]
,,,-80,0,0,0,0,0,0,0,0,0,0,-92,0,6,1726018779891,0,0,0,0,1726018779891,124,[13 10 -22 9 -22 8 -21 7 -20 7 -19 6 -18 4 -18 3 -18 1 -17 1 -17 0 -16 0 -17 -1 -16 -1 -17 -1 -17 -1 -16 -1 -16 -1 -16 0 -15 0 -14 2 -13 2 -12 2 -11 3 -10 3 -9 0 0 0 0 0 0 0 0 0 0 0 0 0 0 0 0 0 0 0 0 0 0 2 -21 3 -21 5 -21 6 -21 7 -21 9 -22 13 10 -21 11 -22 12 -21 12 -21 13 -21 12 -21 12 -20 12 -20 12 -21 12 -21 12 -21 12 -22 12 -22 11 -22 13 10 -23 11 -23 11 -23 13 10 -24]
,,,-80,0,0,0,0,0,0,0,0,0,0,-92,0,6,1726018779909,0,0,0,0,1726018779909,124,[6 -20 6 -20 4 -19 4 -18 3 -17 2 -16 1 -16 -1 -15 -2 -14 -2 -15 -3 -14 -3 -13 -4 -13 -5 -13 -5 -13 -4 -12 -5 -13 -4 -13 -3 -12 -3 -11 -2 -10 -2 -9 -1 -9 -1 -8 -1 -8 0 0 0 0 0 0 0 0 0 0 0 0 0 0 0 0 0 0 0 0 0 0 -2 -19 -1 -20 1 -20 2 -21 3 -21 5 -23 6 -23 7 -23 8 -23 9 -22 13 10 -22 13 10 -21 13 10 -22 13 10 -21 13 10 -22 9 -22 9 -22 9 -22 9 -23 8 -22 8 -23 8 -23 7 -23 8]
,,,-80,0,0,0,0,0,0,0,0,0,0,-92,0,6,1726018779929,0,0,0,0,1726018779929,124,[0 -22 0 -22 -1 -21 -1 -20 -2 -18 -3 -18 -4 -17 -5 -16 -6 -15 -7 -15 -8 -13 -8 -13 -9 -13 -9 -13 -10 -13 -9 -12 -10 -13 -9 -12 -8 -12 -8 -11 -8 -11 -6 -10 -6 -9 -5 -9 -5 -9 0 0 0 0 0 0 0 0 0 0 0 0 0 0 0 0 0 0 0 0 0 0 -8 -17 -6 -19 -5 -19 -4 -21 -3 -21 -2 -24 0 -24 1 -25 2 -25 3 -25 4 -25 4 -24 4 -24 5 -24 5 -24 4 -24 4 -24 4 -24 3 -24 3 -24 2 -25 2 -25 1 -25 1 -25 0 -25 1 -26]
,,,-80,0,0,0,0,0,0,0,0,0,0,-92,0,6,1726018779956,0,0,0,0,1726018779956,124,[31 -10 32 -10 28 -11 29 -10 26 -10 25 -11 22 -11 20 -12 18 -13 17 -14 17 -14 16 -14 15 -16 13 -17 13 -18 13 -16 12 -17 12 -17 11 -16 12 -15 12 -13 12 -12 12 -11 13 10 -11 13 10 -9 0 0 0 0 0 0 0 0 0 0 0 0 0 0 0 0 0 0 0 0 0 0 14 -16 16 -16 17 -14 20 -14 21 -13 24 -13 25 -11 26 -10 27 -9 28 -6 29 -6 29 -6 29 -5 29 -5 30 -5 29 -6 30 -7 29 -7 31 -8 31 -9 32 -9 32 -10 31 -9 33 -10 33 -11]
,,,-80,0,0,0,0,0,0,0,0,0,0,-92,0,6,1726018779983,0,0,0,0,1726018779983,124,[-19 7 -18 7 -16 7 -16 7 -14 7 -13 7 -11 7 -10 8 -8 9 -8 13 10 -7 13 10 -6 13 10 -6 11 -4 11 -4 12 -5 12 -4 12 -4 11 -4 11 -5 13 10 -5 9 -5 8 -5 8 -4 8 -5 6 0 0 0 0 0 0 0 0 0 0 0 0 0 0 0 0 0 0 0 0 0 0 -15 12 -16 11 -17 13 10 -18 9 -19 9 -21 8 -21 7 -22 6 -22 6 -23 4 -23 5 -22 4 -23 3 -22 3 -22 4 -22 4 -21 4 -21 5 -22 5 -22 6 -22 6 -21 6 -21 7 -22]
,,,-80,0,0,0,0,0,0,0,0,0,0,-92,0,6,1726018779995,0,0,0,0,1726018779995,124,[16 -14 16 -14 14 -14 13 -13 12 -12 13 10 -13 8 -12 7 -12 5 -13 3 -13 3 -14 2 -14 1 -15 0 -14 0 -15 1 -15 0 -15 0 -14 1 -14 1 -14 2 -12 2 -11 2 -11 2 -10 2 -9 0 0 0 0 0 0 0 0 0 0 0 0 0 0 0 0 0 0 0 0 0 0 12 -18 14 -18 15 -17 17 -17 18 -16 20 -16 21 -15 22 -15 23 -13 22 -12 23 -12 22 -12 22 -12 22 -11 22 -11 21 -12 21 -12 20 -12 21 -13 21 -13 20 -13 20 -14 19 -14 19 -15 20 -15 19]
,,,-80,0,0,0,0,0,0,0,0,0,0,-92,0,6,1726018780009,0,0,0,0,1726018780009,124,[15 12 15 12 14 13 10 14 9 14 8 13 7 14 6 13 5 13 4 14 3 14 2 14 2 14 2 14 1 14 1 15 2 14 2 13 2 12 3 11 3 11 3 13 10 4 13 10 4 8 4 7 4 0 0 0 0 0 0 0 0 0 0 0 0 0 0 0 0 0 0 0 0 0 0 16 6 16 8 16 9 16 13 10 16 11 15 13 15 14 15 15 14 16 14 16 13 16 13 17 13 16 13 16 13 16 13 16 13 16 13 15 14 15 14 15 15 15 15 14 15 14 16 13]
,,,-80,0,0,0,0,0,0,0,0,0,0,-92,0,6,1726018780033,0,0,0,0,1726018780033,124,[30 6 29 6 28 5 28 4 27 3 25 2 24 0 23 -1 22 -2 22 -4 22 -5 22 -6 21 -6 21 -7 22 -7 22 -7 21 -6 21 -5 19 -4 19 -3 18 -3 17 -2 16 -1 14 0 13 0 0 0 0 0 0 0 0 0 0 0 0 0 0 0 0 0 0 0 0 0 0 0 21 -5 22 -3 23 -2 24 -1 25 1 26 3 27 5 27 7 27 9 27 13 10 27 13 10 26 11 27 11 27 11 26 11 27 11 27 13 10 28 9 28 9 29 9 29 9 30 8 31 8 32 7 32]
,,,-80,0,0,0,0,0,0,0,0,0,0,-92,0,6,1726018780051,0,0,0,0,1726018780051,124,[-15 -15 -15 -14 -14 -13 -15 -13 -15 -12 -14 -11 -14 -10 -14 -9 -14 -8 -14 -7 -15 -6 -15 -5 -16 -5 -15 -5 -15 -5 -15 -4 -15 -4 -14 -5 -13 -5 -13 -5 -12 -5 -12 -5 -11 -6 -10 -6 -9 -6 0 0 0 0 0 0 0 0 0 0 0 0 0 0 0 0 0 0 0 0 0 0 -14 -5 -14 -6 -14 -7 -14 -9 -14 -10 -14 -12 -14 -13 -13 -14 -12 -14 -12 -15 -12 -16 -11 -15 -12 -16 -11 -15 -11 -15 -11 -16 -12 -16 -12 -16 -13 -16 -13 -15 -14 -15 -14 -15 -14 -15 -16 -15 -16 -15 -16 -16]
,,,-80,0,0,0,0,0,0,0,0,0,0,-92,0,6,1726018780072,0,0,0,0,1726018780072,124,[-11 -29 -11 -30 -10 -28 -11 -26 -12 -25 -12 -23 -11 -20 -12 -20 -14 -18 -14 -17 -15 -15 -15 -14 -16 -13 -15 -13 -16 -15 -16 -13 -16 -14 -15 -14 -13 -13 -12 -13 -11 -12 -9 -12 -9 -11 -7 -12 -5 -11 0 0 0 0 0 0 0 0 0 0 0 0 0 0 0 0 0 0 0 0 0 0 -16 -28 -14 -31 -12 -31 -11 -33 -10 -33 -7 -36 -5 -35 -4 -36 -2 -36 -2 -35 -2 -36 -2 -34 -2 -34 -3 -33 -3 -33 -4 -33 -5 -32 -5 -32 -7 -33 -7 -32 -8 -32 -9 -33 -9 -32 -11 -34 -11 -33 -11 -33]
,,,-80,0,0,0,0,0,0,0,0,0,0,-92,0,6,1726018780090,0,0,0,0,1726018780090,124,[6 -19 6 -18 5 -18 5 -17 4 -16 3 -15 2 -14 1 -14 0 -14 -1 -14 -1 -13 -2 -12 -2 -12 -3 -12 -3 -12 -2 -11 -3 -11 -2 -11 -2 -10 -2 -10 -1 -8 -1 -8 -1 -7 -1 -7 0 -6 0 0 0 0 0 0 0 0 0 0 0 0 0 0 0 0 0 0 0 0 0 0 2 -20 4 -20 5 -20 7 -20 8 -20 9 -20 11 -20 11 -20 12 -19 12 -18 13 -18 12 -18 12 -17 12 -17 11 -17 11 -18 13 10 -18 13 10 -19 13 10 -19 9 -20 9 -19 8 -19 8 -20 8 -20 8]
,,,-80,0,0,0,0,0,0,0,0,0,0,-92,0,6,1726018780109,0,0,0,0,1726018780109,124,[22 3 23 3 20 2 21 2 19 1 18 1 17 0 16 -1 15 -2 15 -3 15 -4 14 -4 14 -5 13 -5 13 -5 13 -5 13 -5 12 -4 11 -5 13 10 -4 11 -3 13 10 -3 9 -3 8 -3 7 -2 0 0 0 0 0 0 0 0 0 0 0 0 0 0 0 0 0 0 0 0 0 0 16 -5 17 -4 18 -2 19 -1 19 0 21 1 20 3 21 4 20 6 20 6 21 6 20 6 20 6 20 6 21 6 20 6 21 6 21 5 22 5 22 4 23 4 24 4 22 4 25 3 25 3]
,,,-80,0,0,0,0,0,0,0,0,0,0,-92,0,6,1726018780133,0,0,0,0,1726018780133,124,[6 -25 6 -24 5 -24 4 -22 3 -21 2 -20 1 -19 0 -19 -2 -18 -3 -18 -3 -17 -4 -16 -5 -16 -6 -17 -6 -16 -7 -16 -7 -16 -7 -16 -6 -15 -6 -15 -5 -14 -4 -13 -4 -12 -3 -12 -2 -11 0 0 0 0 0 0 0 0 0 0 0 0 0 0 0 0 0 0 0 0 0 0 -5 -15 -3 -16 -2 -16 -1 -17 0 -18 2 -19 4 -19 5 -19 6 -19 7 -19 8 -20 8 -19 8 -19 8 -19 8 -19 8 -21 7 -20 7 -22 6 -22 6 -22 6 -24 6 -24 6 -25 7 -26 7 -26 6 -26]
,,,-80,0,0,0,0,0,0,0,0,0,0,-92,0,6,1726018780149,0,0,0,0,1726018780149,124,[15 31 14 31 14 29 16 27 15 26 16 24 16 22 16 20 18 17 19 16 19 14 20 13 21 12 21 11 23 11 23 13 10 23 11 21 11 20 11 20 11 19 13 10 17 13 10 16 11 13 11 11 11 0 0 0 0 0 0 0 0 0 0 0 0 0 0 0 0 0 0 0 0 0 0 22 14 20 17 20 18 18 20 17 22 15 25 12 26 11 27 9 28 9 28 8 28 8 28 8 27 8 27 8 27 8 29 9 28 13 10 29 11 29 12 30 12 30 13 31 13 32 15 32]
,,,-80,0,0,0,0,0,0,0,0,0,0,-92,0,6,1726018780175,0,0,0,0,1726018780175,124,[13 10 15 13 10 15 13 10 14 9 13 13 10 12 9 11 13 10 13 10 9 9 13 10 8 13 10 7 13 10 6 13 10 6 13 10 5 11 5 11 5 11 4 11 5 13 10 5 9 5 9 5 8 4 8 5 7 5 5 5 4 6 0 0 0 0 0 0 0 0 0 0 0 0 0 0 0 0 0 0 0 0 0 0 13 16 12 17 11 17 13 10 18 9 19 8 21 7 21 6 20 5 20 5 20 4 20 4 19 5 19 5 18 6 18 6 18 6 18 7 18 8 18 8]
,,,-80,0,0,0,0,0,0,0,0,0,0,-92,0,6,1726018780189,0,0,0,0,1726018780189,124,[-30 -12 -30 -11 -28 -11 -27 -9 -26 -8 -24 -7 -23 -5 -21 -5 -19 -3 -19 -1 -19 0 -18 1 -18 1 -17 1 -16 2 -17 2 -15 1 -15 1 -13 0 -13 -1 -13 -1 -13 -2 -12 -3 -9 -4 -8 -4 0 0 0 0 0 0 0 0 0 0 0 0 0 0 0 0 0 0 0 0 0 0 -36 -11 -37 -14 -35 -15 -36 -17 -35 -19 -35 -22 -34 -23 -32 -23 -31 -23 -31 -24 -30 -24 -30 -22 -30 -22 -30 -21 -30 -20 -30 -20 -31 -18 -30 -18 -32 -17 -32 -16 -33 -15 -33 -14 -32 -14 -34 -14 -33 -13 -33 -12]
,,,-80,0,0,0,0,0,0,0,0,0,0,-92,0,6,1726018780229,0,0,0,0,1726018780229,124,[7 -21 7 -20 5 -20 5 -19 5 -18 4 -17 3 -16 1 -16 0 -15 -1 -15 -2 -14 -2 -13 -3 -13 -4 -14 -4 -13 -3 -12 -3 -12 -3 -12 -2 -11 -2 -11 -2 -9 -2 -8 -1 -8 -1 -7 -1 -6 0 0 0 0 0 0 0 0 0 0 0 0 0 0 0 0 0 0 0 0 0 0 1 -22 4 -22 5 -22 7 -22 8 -22 13 10 -22 11 -22 13 -21 13 -20 14 -21 14 -21 13 -20 13 -20 13 -20 13 -19 12 -21 12 -21 12 -21 11 -21 11 -21 11 -22 13 10 -22 9 -22 9 -23 8 -22]
,,,-80,0,0,0,0,0,0,0,0,0,0,-92,0,6,1726018780248,0,0,0,0,1726018780248,124,[12 15 11 14 11 13 11 12 11 11 11 13 10 11 9 13 10 8 11 7 11 6 12 5 11 5 11 5 11 5 11 4 11 4 13 10 5 13 10 4 9 4 8 4 8 4 7 4 7 4 5 3 4 3 0 0 0 0 0 0 0 0 0 0 0 0 0 0 0 0 0 0 0 0 0 0 14 9 13 11 13 12 12 14 12 15 11 17 13 10 17 13 10 18 9 18 9 18 8 19 8 18 8 18 8 18 8 17 8 18 8 17 8 17 13 10 17 13 10 17 11 17 11 16]
,,,-80,0,0,0,0,0,0,0,0,0,0,-92,0,6,1726018780273,0,0,0,0,1726018780273,124,[-23 14 -22 15 -20 15 -20 14 -18 14 -18 14 -16 15 -15 14 -13 16 -12 16 -12 16 -11 16 -11 16 -10 17 -10 17 -10 16 -9 16 -9 15 -9 13 -9 13 -9 11 -9 13 10 -9 13 10 -8 9 -8 8 0 0 0 0 0 0 0 0 0 0 0 0 0 0 0 0 0 0 0 0 0 0 -14 17 -17 16 -19 15 -21 14 -22 13 -24 13 -25 11 -25 9 -26 8 -26 8 -26 8 -26 8 -25 7 -25 7 -25 7 -26 8 -25 8 -24 8 -25 9 -25 9 -25 13 10 -24 11 -24 12 -24 13 -24]
,,,-80,0,0,0,0,0,0,0,0,0,0,-92,0,6,1726018780289,0,0,0,0,1726018780289,124,[8 -19 8 -20 7 -19 6 -19 6 -18 5 -18 4 -18 3 -18 2 -18 1 -18 1 -17 0 -17 0 -17 0 -18 0 -18 0 -17 0 -17 0 -16 1 -15 1 -15 1 -13 1 -12 2 -12 2 -12 3 -10 0 0 0 0 0 0 0 0 0 0 0 0 0 0 0 0 0 0 0 0 0 0 0 -17 2 -18 4 -17 5 -18 7 -17 8 -18 13 10 -18 11 -18 12 -17 13 -16 13 -17 13 -16 13 -15 13 -15 13 -15 12 -16 12 -16 12 -16 11 -16 11 -17 11 -17 13 10 -18 13 10 -18 9 -19 9]
,,,-80,0,0,0,0,0,0,0,0,0,0,-92,0,6,1726018780311,0,0,0,0,1726018780311,124,[-21 5 -22 5 -20 6 -20 7 -19 7 -18 7 -17 8 -16 9 -16 9 -16 13 10 -15 13 10 -14 13 10 -14 11 -13 11 -13 11 -14 11 -13 11 -12 11 -12 13 10 -12 9 -12 8 -12 7 -12 7 -11 6 -11 5 0 0 0 0 0 0 0 0 0 0 0 0 0 0 0 0 0 0 0 0 0 0 -13 9 -15 8 -17 7 -18 6 -19 4 -20 4 -20 2 -20 1 -20 0 -22 -1 -21 -1 -20 -1 -20 -2 -20 -2 -20 -2 -20 -1 -20 -1 -20 -1 -21 0 -20 1 -21 2 -21 2 -21 3 -22 3]
,,,-80,0,0,0,0,0,0,0,0,0,0,-92,0,6,1726018780329,0,0,0,0,1726018780329,124,[-17 -18 -18 -18 -17 -17 -17 -16 -18 -15 -18 -14 -17 -12 -17 -12 -17 -10 -18 -10 -18 -9 -19 -8 -19 -8 -18 -8 -19 -7 -18 -6 -18 -7 -17 -7 -16 -8 -16 -8 -15 -8 -14 -7 -14 -8 -12 -9 -10 -9 0 0 0 0 0 0 0 0 0 0 0 0 0 0 0 0 0 0 0 0 0 0 -18 -10 -17 -12 -17 -13 -16 -15 -15 -16 -14 -19 -12 -20 -12 -20 -10 -21 -11 -21 -9 -21 -10 -21 -10 -20 -10 -20 -9 -20 -10 -20 -10 -20 -11 -20 -12 -19 -12 -19 -14 -19 -14 -19 -15 -18 -16 -18 -17 -18 -17 -19]
,,,-80,0,0,0,0,0,0,0,0,0,0,-92,0,6,1726018780349,0,0,0,0,1726018780349,124,[7 32 7 33 7 32 8 30 9 29 9 27 13 10 26 11 25 11 24 13 24 14 22 14 21 15 21 14 21 15 21 15 20 15 22 13 21 12 21 11 20 13 10 18 8 18 7 19 4 18 2 17 0 0 0 0 0 0 0 0 0 0 0 0 0 0 0 0 0 0 0 0 0 0 14 26 11 28 9 28 8 30 6 30 3 33 1 33 0 33 -2 32 -3 32 -4 33 -4 31 -3 31 -3 30 -3 30 -2 30 -2 30 -1 30 1 31 2 31 3 31 4 31 4 32 5 33 6 33]
,,,-80,0,0,0,0,0,0,0,0,0,0,-92,0,6,1726018780369,0,0,0,0,1726018780369,124,[31 2 33 2 30 0 31 0 29 -1 27 -2 26 -3 24 -4 23 -6 24 -6 24 -7 22 -8 23 -9 21 -8 21 -9 21 -7 21 -8 20 -7 19 -6 18 -5 18 -4 17 -2 17 -1 15 0 13 2 0 0 0 0 0 0 0 0 0 0 0 0 0 0 0 0 0 0 0 0 0 0 28 -3 30 0 29 2 31 4 30 6 32 8 31 13 10 30 11 30 13 29 13 30 13 29 13 29 13 28 13 29 13 27 13 10 29 11 28 9 32 9 30 7 31 7 32 6 31 4 34 4 33 3]
,,,-80,0,0,0,0,0,0,0,0,0,0,-92,0,6,1726018780389,0,0,0,0,1726018780389,124,[-26 -20 -26 -20 -24 -19 -24 -18 -24 -15 -23 -13 -23 -12 -22 -11 -21 -9 -21 -8 -22 -8 -22 -5 -22 -6 -20 -6 -20 -6 -19 -5 -18 -6 -17 -6 -15 -6 -14 -8 -14 -7 -12 -8 -10 -9 -8 -9 -6 -9 0 0 0 0 0 0 0 0 0 0 0 0 0 0 0 0 0 0 0 0 0 0 -29 -15 -29 -18 -28 -19 -28 -22 -27 -23 -26 -27 -25 -28 -24 -28 -22 -30 -22 -30 -22 -31 -21 -30 -21 -29 -20 -29 -21 -29 -20 -28 -21 -27 -22 -26 -23 -27 -24 -25 -25 -24 -25 -24 -25 -24 -27 -23 -27 -23 -28 -22]
,,,-80,0,0,0,0,0,0,0,0,0,0,-92,0,6,1726018780412,0,0,0,0,1726018780412,124,[-7 -19 -6 -18 -7 -17 -7 -15 -7 -15 -8 -13 -8 -12 -9 -12 -9 -11 -9 -10 -10 -9 -9 -8 -9 -7 -10 -7 -9 -7 -9 -6 -8 -7 -8 -6 -7 -6 -6 -6 -5 -5 -5 -4 -4 -5 -2 -5 -1 -4 0 0 0 0 0 0 0 0 0 0 0 0 0 0 0 0 0 0 0 0 0 0 -9 -20 -8 -21 -7 -21 -6 -22 -5 -23 -3 -24 -2 -25 -1 -24 0 -25 1 -25 2 -25 1 -24 1 -24 1 -23 0 -23 0 -23 -1 -23 -1 -23 -2 -23 -3 -22 -4 -22 -4 -21 -4 -23 -5 -22 -5 -22 -5 -22]
,,,-80,0,0,0,0,0,0,0,0,0,0,-92,0,6,1726018780448,0,0,0,0,1726018780448,124,[-13 14 -14 14 -11 14 -12 14 -10 14 -9 13 -7 13 -6 13 -5 13 -4 13 -4 13 -3 13 -2 13 -1 13 -1 13 -1 11 -1 12 -1 11 -1 13 10 -1 13 10 -2 8 -2 7 -2 6 -2 6 -2 5 0 0 0 0 0 0 0 0 0 0 0 0 0 0 0 0 0 0 0 0 0 0 -10 18 -13 19 -14 17 -16 17 -17 15 -20 16 -20 15 -21 14 -21 12 -21 11 -22 11 -21 11 -21 13 10 -21 13 10 -21 13 10 -20 13 10 -21 11 -18 13 10 -20 12 -19 12 -19 13 -18 13 -17]
,,,-80,0,0,0,0,0,0,0,0,0,0,-92,0,6,1726018780460,0,0,0,0,1726018780460,124,[18 -12 17 -12 16 -12 15 -13 14 -13 12 -13 11 -13 9 -13 8 -13 8 -14 7 -14 7 -14 6 -14 5 -14 4 -15 5 -13 4 -13 3 -13 3 -12 3 -11 3 -10 3 -8 4 -8 3 -7 3 -6 0 0 0 0 0 0 0 0 0 0 0 0 0 0 0 0 0 0 0 0 0 0 16 -16 19 -16 19 -14 21 -13 22 -11 25 -12 25 -10 25 -8 25 -7 25 -5 26 -5 24 -5 25 -4 24 -4 24 -4 23 -6 23 -6 22 -6 23 -7 23 -8 21 -9 21 -10 20 -9 21 -10 21 -10 20 -11]
,,,-80,0,0,0,0,0,0,0,0,0,0,-92,0,6,1726018780480,0,0,0,0,1726018780480,124,[4 27 4 27 5 26 6 25 7 23 8 22 9 19 9 20 13 10 19 12 18 11 17 12 16 13 16 13 16 14 16 13 14 13 15 12 14 11 14 11 13 13 10 11 8 11 7 12 5 11 4 11 0 0 0 0 0 0 0 0 0 0 0 0 0 0 0 0 0 0 0 0 0 0 8 31 6 32 4 33 2 34 0 34 -3 36 -4 35 -6 34 -7 34 -8 33 -10 33 -9 32 -9 30 -9 30 -7 30 -7 30 -7 29 -6 29 -4 31 -3 30 -1 30 0 29 -1 29 0 30 2 29]
,,,-80,0,0,0,0,0,0,0,0,0,0,-92,0,6,1726018780517,0,0,0,0,1726018780517,124,[12 -14 12 -14 13 10 -13 13 10 -13 9 -13 8 -13 7 -12 6 -13 5 -13 4 -13 4 -13 4 -13 3 -13 2 -13 2 -13 3 -12 2 -12 2 -12 3 -11 3 -11 4 -10 4 -9 4 -8 3 -8 3 -7 0 0 0 0 0 0 0 0 0 0 0 0 0 0 0 0 0 0 0 0 0 0 13 10 -16 12 -16 13 -15 14 -15 15 -14 16 -14 18 -12 18 -12 19 -11 19 -10 19 -11 18 -10 18 -9 17 -9 17 -9 17 -10 16 -10 15 -10 16 -11 16 -11 15 -12 14 -12 14 -12 14 -13 14]
,,,-80,0,0,0,0,0,0,0,0,0,0,-92,0,6,1726018780523,0,0,0,0,1726018780523,124,[-3 17 -3 17 -2 17 -2 16 -1 15 0 14 0 14 1 13 2 13 3 13 3 12 3 12 3 11 4 12 4 12 4 12 4 11 4 11 3 13 10 2 13 10 1 9 1 8 0 8 0 8 -1 7 0 0 0 0 0 0 0 0 0 0 0 0 0 0 0 0 0 0 0 0 0 0 -1 19 -3 19 -4 19 -5 19 -7 19 -8 20 -9 20 -10 19 -11 19 -11 19 -11 19 -11 18 -11 17 -11 16 -10 17 -11 17 -10 17 -9 17 -8 17 -7 17 -7 17 -6 18 -6 18 -6 18 -5 18]
,,,-80,0,0,0,0,0,0,0,0,0,0,-92,0,6,1726018780534,0,0,0,0,1726018780534,124,[18 6 19 5 17 4 17 3 17 2 16 2 16 0 15 -1 14 -2 15 -3 14 -3 14 -4 14 -4 13 -4 13 -5 13 -4 13 -4 12 -3 12 -3 11 -3 11 -2 11 -2 13 10 -1 8 0 8 0 0 0 0 0 0 0 0 0 0 0 0 0 0 0 0 0 0 0 0 0 0 0 19 4 20 6 19 7 20 8 19 13 10 20 12 19 13 18 14 18 15 17 15 17 15 17 14 17 15 16 14 16 13 16 13 16 12 16 12 17 12 18 11 18 13 10 18 13 10 18 9 19 8]
,,,-80,0,0,0,0,0,0,0,0,0,0,-92,0,6,1726018780549,0,0,0,0,1726018780549,124,[-19 -1 -19 0 -17 0 -17 1 -16 2 -16 3 -15 3 -14 4 -13 4 -13 5 -13 5 -13 6 -13 7 -12 6 -12 7 -12 7 -12 7 -11 6 -11 5 -11 5 -10 4 -10 4 -10 3 -9 2 -8 1 0 0 0 0 0 0 0 0 0 0 0 0 0 0 0 0 0 0 0 0 0 0 -17 2 -19 1 -19 -1 -20 -2 -20 -3 -21 -5 -21 -6 -20 -7 -20 -8 -20 -8 -20 -9 -19 -9 -19 -9 -19 -9 -19 -8 -18 -7 -18 -7 -18 -6 -19 -6 -19 -5 -19 -4 -19 -4 -18 -4 -20 -3 -20 -2 -20 -2]
,,,-80,0,0,0,0,0,0,0,0,0,0,-92,0,6,1726018780571,0,0,0,0,1726018780571,124,[15 -9 15 -9 14 -10 14 -10 13 -10 12 -10 11 -11 9 -11 9 -11 8 -12 8 -12 8 -12 7 -12 7 -13 7 -13 7 -13 7 -13 6 -12 7 -11 7 -11 7 -10 8 -9 8 -8 7 -8 7 -7 0 0 0 0 0 0 0 0 0 0 0 0 0 0 0 0 0 0 0 0 0 0 13 10 -12 12 -12 13 -11 14 -10 15 -9 16 -9 17 -7 17 -7 18 -6 19 -4 18 -4 18 -4 18 -4 18 -3 17 -3 17 -4 17 -4 17 -4 17 -5 17 -6 17 -6 17 -7 17 -7 17 -8 17 -8 16]
,,,-80,0,0,0,0,0,0,0,0,0,0,-92,0,6,1726018780595,0,0,0,0,1726018780595,124,[-17 -26 -18 -26 -17 -25 -18 -23 -19 -21 -19 -20 -19 -17 -20 -17 -21 -15 -22 -14 -23 -11 -23 -11 -24 -11 -23 -10 -24 -10 -24 -8 -23 -10 -22 -10 -21 -10 -21 -11 -20 -10 -18 -10 -17 -11 -14 -11 -12 -12 0 0 0 0 0 0 0 0 0 0 0 0 0 0 0 0 0 0 0 0 0 0 -22 -23 -20 -26 -18 -26 -18 -29 -15 -30 -13 -33 -11 -33 -9 -34 -8 -33 -7 -33 -6 -34 -6 -33 -6 -32 -6 -31 -6 -31 -7 -31 -7 -30 -8 -30 -9 -30 -11 -29 -12 -29 -13 -29 -13 -28 -15 -29 -17 -28 -17 -30]
,,,-80,0,0,0,0,0,0,0,0,0,0,-92,0,6,1726018780614,0,0,0,0,1726018780614,124,[-29 -7 -28 -7 -27 -6 -26 -5 -24 -3 -24 -2 -23 0 -22 1 -21 3 -21 4 -21 6 -21 7 -21 8 -20 9 -19 8 -21 9 -19 8 -19 8 -18 6 -18 6 -18 5 -18 4 -17 3 -14 2 -13 1 0 0 0 0 0 0 0 0 0 0 0 0 0 0 0 0 0 0 0 0 0 0 -34 -4 -35 -7 -35 -10 -35 -12 -34 -15 -34 -17 -32 -18 -31 -20 -29 -21 -29 -22 -28 -22 -27 -21 -27 -20 -26 -20 -26 -19 -26 -18 -26 -17 -26 -16 -27 -15 -27 -13 -29 -12 -28 -12 -29 -11 -30 -10 -30 -9 -29 -8]
,,,-80,0,0,0,0,0,0,0,0,0,0,-92,0,6,1726018780633,0,0,0,0,1726018780633,124,[-5 18 -7 18 -7 18 -5 18 -4 17 -3 16 -1 15 -1 15 1 15 2 14 1 14 2 14 4 16 3 15 4 16 3 15 4 16 3 15 2 15 1 15 0 13 -1 12 -1 11 -2 11 -2 13 10 0 0 0 0 0 0 0 0 0 0 0 0 0 0 0 0 0 0 0 0 0 0 -4 22 -6 23 -8 22 -10 23 -11 21 -13 23 -14 21 -15 21 -16 20 -15 18 -16 19 -16 18 -15 18 -15 16 -14 16 -13 17 -13 17 -12 17 -12 18 -10 17 -10 17 -8 18 -9 20 -8 18 -8 21 -6]
,,,-80,0,0,0,0,0,0,0,0,0,0,-92,0,6,1726018780649,0,0,0,0,1726018780649,124,[-15 11 -15 11 -14 12 -13 12 -12 11 -11 12 -10 12 -9 12 -8 13 -7 14 -7 13 -7 13 -6 14 -6 15 -6 15 -7 15 -6 15 -7 14 -7 13 -7 13 -8 13 10 -9 9 -8 9 -8 8 -8 7 0 0 0 0 0 0 0 0 0 0 0 0 0 0 0 0 0 0 0 0 0 0 -14 13 -16 12 -17 11 -18 13 10 -19 13 10 -20 9 -21 8 -21 6 -21 6 -21 5 -21 5 -21 4 -20 5 -20 4 -19 4 -19 5 -19 6 -18 6 -18 7 -18 8 -18 8 -17 9 -17 9 -17 13 10]
,,,-80,0,0,0,0,0,0,0,0,0,0,-92,0,6,1726018780672,0,0,0,0,1726018780672,124,[-2 -18 -2 -18 -3 -18 -3 -17 -4 -16 -5 -16 -6 -16 -7 -15 -8 -15 -9 -15 -9 -14 -9 -14 -10 -14 -10 -15 -11 -15 -10 -15 -10 -15 -9 -15 -8 -15 -7 -15 -5 -14 -5 -13 -4 -13 -3 -13 -2 -12 0 0 0 0 0 0 0 0 0 0 0 0 0 0 0 0 0 0 0 0 0 0 -4 -16 -2 -17 -1 -17 0 -18 1 -18 3 -19 4 -19 4 -19 6 -19 6 -18 6 -19 7 -18 7 -18 6 -17 6 -17 5 -18 5 -18 4 -18 4 -18 3 -18 3 -18 2 -18 2 -19 1 -19 1 -19 0 -20]
,,,-80,0,0,0,0,0,0,0,0,0,0,-92,0,6,1726018780692,0,0,0,0,1726018780692,124,[-16 2 -16 3 -15 3 -15 4 -14 5 -13 5 -13 6 -12 7 -11 7 -11 8 -12 8 -11 8 -11 9 -11 9 -11 13 10 -12 9 -11 9 -11 8 -11 7 -11 7 -11 5 -11 4 -10 3 -9 3 -9 2 0 0 0 0 0 0 0 0 0 0 0 0 0 0 0 0 0 0 0 0 0 0 -15 5 -16 4 -17 2 -18 2 -18 1 -19 -1 -19 -1 -19 -2 -18 -3 -19 -5 -18 -5 -17 -5 -17 -5 -17 -5 -17 -5 -17 -4 -17 -4 -16 -3 -17 -3 -17 -2 -17 -1 -17 -1 -17 -1 -18 0 -17 0 -16]
,,,-80,0,0,0,0,0,0,0,0,0,0,-92,0,6,1726018780709,0,0,0,0,1726018780709,124,[-1 -18 -1 -17 -2 -16 -3 -15 -3 -15 -4 -15 -5 -14 -6 -13 -7 -13 -7 -13 -8 -12 -8 -11 -9 -12 -9 -12 -9 -12 -8 -12 -8 -12 -7 -11 -6 -11 -6 -11 -5 -9 -4 -8 -3 -8 -3 -8 -2 -7 0 0 0 0 0 0 0 0 0 0 0 0 0 0 0 0 0 0 0 0 0 0 -1 -22 1 -23 2 -23 4 -23 5 -23 7 -23 8 -23 9 -23 13 10 -22 13 10 -21 13 10 -21 13 10 -20 13 10 -19 13 10 -19 9 -19 9 -19 8 -19 7 -19 6 -19 5 -18 5 -19 4 -19 3 -19]
,,,-80,0,0,0,0,0,0,0,0,0,0,-92,0,6,1726018780730,0,0,0,0,1726018780730,124,[18 4 18 4 17 3 17 2 16 1 16 1 16 -1 15 -1 14 -3 15 -4 15 -4 15 -4 15 -5 15 -4 15 -5 15 -5 14 -3 13 -3 12 -3 12 -2 11 -2 11 -2 13 10 -2 8 -1 8 -1 0 0 0 0 0 0 0 0 0 0 0 0 0 0 0 0 0 0 0 0 0 0 20 1 21 4 21 5 21 7 21 8 21 11 20 12 20 13 18 14 19 14 18 14 17 14 17 13 17 13 16 12 16 13 16 12 16 11 16 13 10 17 13 10 17 8 17 8 17 7 19 6 19]
,,,-80,0,0,0,0,0,0,0,0,0,0,-92,0,6,1726018780749,0,0,0,0,1726018780749,124,[12 -17 11 -18 13 10 -17 13 10 -17 9 -17 8 -17 7 -17 5 -17 4 -17 4 -18 4 -18 3 -18 3 -18 2 -18 2 -19 3 -18 3 -18 3 -17 3 -16 3 -16 4 -14 4 -13 5 -12 4 -11 5 -11 0 0 0 0 0 0 0 0 0 0 0 0 0 0 0 0 0 0 0 0 0 0 7 -18 9 -18 11 -17 12 -17 14 -16 16 -16 17 -16 18 -15 18 -14 19 -12 19 -12 19 -12 18 -11 18 -11 18 -10 17 -12 16 -12 16 -12 16 -13 15 -13 15 -14 14 -15 14 -15 14 -16 14 -17]
,,,-80,0,0,0,0,0,0,0,0,0,0,-92,0,6,1726018780769,0,0,0,0,1726018780769,124,[18 8 18 8 17 6 18 6 17 5 17 5 17 3 16 2 16 2 17 1 17 0 17 0 18 0 17 0 18 0 18 0 18 0 17 1 16 1 16 2 14 3 14 3 13 4 11 4 11 4 0 0 0 0 0 0 0 0 0 0 0 0 0 0 0 0 0 0 0 0 0 0 14 1 15 2 15 3 15 5 15 6 16 8 15 9 15 13 10 14 11 14 12 14 12 14 12 13 12 13 12 13 11 13 11 13 11 13 13 10 15 13 10 15 13 10 15 13 10 16 9 16 9 17]
,,,-80,0,0,0,0,0,0,0,0,0,0,-92,0,6,1726018780791,0,0,0,0,1726018780791,124,[-22 3 -20 4 -19 5 -19 5 -18 5 -18 7 -17 7 -16 8 -16 8 -15 13 10 -16 13 10 -15 11 -15 12 -15 12 -15 12 -16 12 -16 11 -16 11 -16 13 10 -15 9 -15 8 -15 7 -15 6 -14 5 -13 4 0 0 0 0 0 0 0 0 0 0 0 0 0 0 0 0 0 0 0 0 0 0 -13 7 -15 5 -15 5 -16 4 -18 3 -18 1 -18 0 -19 -1 -18 -2 -19 -2 -19 -3 -18 -3 -19 -3 -18 -3 -18 -3 -19 -2 -18 -2 -18 -1 -19 -1 -19 0 -20 0 -20 1 -20 1 -21 2 -22]
,,,-80,0,0,0,0,0,0,0,0,0,0,-92,0,6,1726018780810,0,0,0,0,1726018780810,124,[-22 16 -21 17 -19 17 -18 17 -18 18 -16 19 -14 19 -13 19 -12 21 -11 21 -11 22 -10 22 -10 23 -9 24 -9 24 -11 24 -11 24 -11 23 -11 21 -12 21 -13 18 -13 16 -14 15 -13 14 -13 12 0 0 0 0 0 0 0 0 0 0 0 0 0 0 0 0 0 0 0 0 0 0 -14 18 -16 17 -18 16 -20 15 -21 15 -23 14 -24 14 -25 12 -24 11 -26 9 -26 9 -25 9 -25 8 -24 8 -24 8 -24 13 10 -24 13 10 -23 11 -24 11 -24 12 -24 13 -23 14 -23 15 -24 15 -24 16]
,,,-80,0,0,0,0,0,0,0,0,0,0,-92,0,6,1726018780832,0,0,0,0,1726018780832,124,[-13 14 -13 14 -11 14 -11 14 -10 14 -9 14 -8 14 -6 15 -5 15 -5 15 -5 15 -5 16 -5 16 -4 16 -4 17 -5 16 -5 16 -6 15 -6 14 -6 14 -7 12 -7 11 -7 13 10 -7 13 10 -7 8 0 0 0 0 0 0 0 0 0 0 0 0 0 0 0 0 0 0 0 0 0 0 -9 15 -11 15 -12 14 -14 14 -15 13 -16 13 -17 12 -17 11 -18 11 -19 13 10 -19 13 10 -18 9 -18 9 -17 9 -17 9 -17 13 10 -16 13 10 -16 13 10 -16 11 -16 11 -15 12 -15 12 -15]
,,,-80,0,0,0,0,0,0,0,0,0,0,-92,0,6,1726018780851,0,0,0,0,1726018780851,124,[6 18 7 18 7 18 8 16 8 16 9 15 9 14 13 10 13 11 13 12 12 12 12 12 12 12 12 13 12 13 12 12 12 12 13 11 13 13 10 12 8 12 7 11 6 11 6 11 4 11 3 13 10 0 0 0 0 0 0 0 0 0 0 0 0 0 0 0 0 0 0 0 0 0 0 8 16 7 18 6 18 5 19 4 19 2 21 1 21 0 21 -1 22 -2 21 -2 22 -2 21 -2 20 -1 20 -1 20 -1 20 0 20 1 20 2 20 2 20 2 19 3 20 4 20 4 20 5]
,,,-80,0,0,0,0,0,0,0,0,0,0,-92,0,6,1726018780873,0,0,0,0,1726018780873,124,[-19 -4 -19 -4 -18 -3 -18 -2 -18 -1 -17 0 -17 1 -17 1 -16 1 -17 2 -17 3 -17 3 -17 4 -17 4 -17 4 -17 3 -17 2 -16 2 -15 1 -15 0 -15 0 -14 -1 -13 -2 -11 -2 -10 -3 0 0 0 0 0 0 0 0 0 0 0 0 0 0 0 0 0 0 0 0 0 0 -17 -1 -18 -3 -18 -3 -19 -5 -19 -6 -19 -8 -19 -9 -18 -10 -18 -11 -18 -11 -18 -11 -17 -11 -17 -11 -17 -11 -17 -10 -17 -10 -17 -9 -17 -9 -18 -9 -18 -8 -18 -7 -19 -7 -19 -6 -20 -6 -20 -5 -20 -5]
,,,-80,0,0,0,0,0,0,0,0,0,0,-92,0,6,1726018780894,0,0,0,0,1726018780894,124,[20 -2 21 -3 19 -4 19 -5 19 -5 18 -6 17 -7 16 -7 16 -9 16 -10 16 -10 16 -10 16 -10 15 -10 15 -11 16 -10 16 -9 15 -8 15 -7 14 -7 14 -5 14 -4 13 -3 11 -3 11 -2 0 0 0 0 0 0 0 0 0 0 0 0 0 0 0 0 0 0 0 0 0 0 17 -6 18 -4 19 -3 20 -2 20 0 21 1 21 3 21 4 21 4 21 6 21 5 20 6 20 5 20 5 20 5 19 4 19 4 20 3 20 3 21 2 21 2 21 1 21 0 22 -1 22 -1 22 -2]
,,,-80,0,0,0,0,0,0,0,0,0,0,-92,0,6,1726018780915,0,0,0,0,1726018780915,124,[20 4 21 3 19 2 21 2 20 1 19 0 19 -2 18 -2 17 -3 18 -4 18 -5 18 -5 19 -6 17 -5 18 -5 18 -5 18 -4 17 -3 16 -3 16 -2 15 -1 14 0 14 0 12 1 11 2 0 0 0 0 0 0 0 0 0 0 0 0 0 0 0 0 0 0 0 0 0 0 18 1 19 2 18 4 19 5 19 6 20 9 19 13 10 19 11 17 11 18 12 18 12 17 12 17 11 17 11 17 11 17 13 10 17 13 10 17 9 19 9 19 8 20 8 20 7 19 6 21 6 22]
,,,-80,0,0,0,0,0,0,0,0,0,0,-92,0,6,1726018780929,0,0,0,0,1726018780929,124,[-15 11 -15 11 -14 11 -13 11 -12 11 -12 12 -11 12 -10 12 -9 12 -8 13 -9 13 -8 13 -8 14 -7 15 -7 15 -8 14 -8 14 -8 13 -8 12 -8 11 -9 13 10 -9 9 -9 8 -9 7 -8 6 0 0 0 0 0 0 0 0 0 0 0 0 0 0 0 0 0 0 0 0 0 0 -11 13 10 -12 13 10 -14 9 -15 9 -16 8 -17 8 -18 7 -18 6 -18 5 -18 4 -19 4 -18 4 -18 4 -17 4 -17 4 -17 6 -17 6 -16 6 -17 6 -17 8 -16 8 -16 9 -16 9 -17 13 10]
,,,-80,0,0,0,0,0,0,0,0,0,0,-92,0,6,1726018780951,0,0,0,0,1726018780951,124,[19 -8 19 -8 17 -9 18 -9 17 -9 16 -10 15 -11 14 -11 13 -12 13 -13 13 -14 12 -14 13 -15 12 -14 13 -15 13 -14 13 -14 13 -13 13 -12 13 -11 13 -10 12 -8 12 -7 11 -6 11 -5 0 0 0 0 0 0 0 0 0 0 0 0 0 0 0 0 0 0 0 0 0 0 14 -9 16 -8 17 -7 18 -6 18 -5 20 -4 20 -2 20 -2 20 0 20 0 20 0 19 1 20 1 19 0 20 0 18 -1 19 -1 18 -2 20 -3 20 -3 20 -4 20 -5 19 -6 21 -6 21 -7 21 -7]
,,,-80,0,0,0,0,0,0,0,0,0,0,-92,0,6,1726018780968,0,0,0,0,1726018780968,124,[12 -17 11 -16 13 10 -17 9 -16 9 -16 8 -17 7 -16 5 -16 5 -17 4 -18 4 -17 3 -17 3 -18 3 -19 3 -19 4 -18 4 -18 4 -17 5 -16 5 -15 6 -14 6 -13 7 -12 6 -11 7 -10 0 0 0 0 0 0 0 0 0 0 0 0 0 0 0 0 0 0 0 0 0 0 7 -16 8 -15 13 10 -15 11 -14 12 -14 13 -14 14 -13 15 -12 15 -12 16 -10 16 -11 15 -10 15 -10 15 -10 14 -10 14 -11 13 -11 14 -12 13 -12 14 -13 13 -13 13 -14 13 -15 13 -16 13 -16]
,,,-80,0,0,0,0,0,0,0,0,0,0,-92,0,6,1726018780989,0,0,0,0,1726018780989,124,[-14 18 -14 18 -12 17 -11 18 -10 18 -9 18 -8 17 -7 18 -6 19 -5 19 -5 19 -4 19 -4 20 -4 20 -4 21 -5 20 -5 20 -6 19 -6 17 -6 17 -7 14 -7 13 -8 13 -8 12 -8 13 10 0 0 0 0 0 0 0 0 0 0 0 0 0 0 0 0 0 0 0 0 0 0 -9 17 -11 17 -13 15 -15 15 -16 14 -17 15 -18 14 -19 13 -19 12 -19 11 -19 11 -19 11 -19 13 10 -18 13 10 -18 11 -18 11 -17 12 -16 12 -17 13 -16 14 -16 15 -16 15 -15 16 -16 17 -15]
,,,-80,0,0,0,0,0,0,0,0,0,0,-92,0,6,1726018781009,0,0,0,0,1726018781009,124,[-7 18 -7 18 -5 18 -5 18 -4 17 -3 17 -2 16 -1 17 0 16 1 17 0 16 1 16 2 17 2 17 2 17 1 17 1 17 0 16 -1 15 -1 15 -2 13 -3 12 -3 12 -3 11 -4 13 10 0 0 0 0 0 0 0 0 0 0 0 0 0 0 0 0 0 0 0 0 0 0 -4 17 -6 17 -7 17 -8 17 -9 16 -11 17 -12 16 -12 16 -13 15 -13 14 -13 15 -13 14 -13 14 -12 13 -12 14 -12 14 -11 15 -10 15 -10 15 -10 15 -9 16 -9 17 -8 17 -8 18 -8 19 -7]
,,,-80,0,0,0,0,0,0,0,0,0,0,-92,0,6,1726018781029,0,0,0,0,1726018781029,124,[-1 22 -1 22 0 21 1 20 2 19 2 19 3 18 4 18 5 18 6 17 6 17 6 17 7 17 7 17 7 17 6 17 6 17 5 17 4 16 3 16 2 14 1 13 0 13 -1 12 -2 11 0 0 0 0 0 0 0 0 0 0 0 0 0 0 0 0 0 0 0 0 0 0 2 20 0 21 -1 21 -3 21 -4 21 -5 22 -7 22 -8 21 -8 21 -9 20 -9 21 -9 20 -9 19 -8 19 -8 19 -7 19 -7 20 -6 20 -5 20 -5 20 -4 20 -3 21 -3 21 -3 22 -2 22 -1 23]
,,,-80,0,0,0,0,0,0,0,0,0,0,-92,0,6,1726018781049,0,0,0,0,1726018781049,124,[14 -15 13 -15 12 -14 12 -14 11 -14 13 10 -14 13 10 -14 8 -14 7 -15 6 -16 6 -15 5 -15 6 -16 5 -16 5 -16 6 -15 6 -15 6 -15 6 -13 6 -13 7 -11 7 -10 7 -10 6 -9 6 -8 0 0 0 0 0 0 0 0 0 0 0 0 0 0 0 0 0 0 0 0 0 0 11 -16 12 -15 13 -14 14 -14 16 -13 17 -13 18 -11 18 -11 18 -10 18 -9 18 -10 17 -9 17 -9 17 -9 17 -9 16 -10 15 -10 15 -10 16 -11 16 -11 15 -12 15 -13 14 -13 15 -15 14 -15]
,,,-80,0,0,0,0,0,0,0,0,0,0,-92,0,6,1726018781069,0,0,0,0,1726018781069,124,[16 9 16 9 15 8 15 7 15 7 15 5 15 4 14 4 15 3 15 2 15 1 14 1 15 1 14 1 15 1 15 1 14 2 14 2 13 2 12 3 11 3 11 3 13 10 4 8 4 7 4 0 0 0 0 0 0 0 0 0 0 0 0 0 0 0 0 0 0 0 0 0 0 17 7 17 8 17 9 16 13 10 16 12 15 13 15 14 14 15 13 15 13 15 13 16 12 15 13 15 12 14 12 14 12 14 12 13 13 13 14 12 15 11 15 11 16 11 16 11 17 11 17 13]
,,,-80,0,0,0,0,0,0,0,0,0,0,-92,0,6,1726018781098,0,0,0,0,1726018781098,124,[16 13 10 16 13 10 15 9 16 8 15 7 15 6 15 4 14 4 14 3 15 2 15 1 15 1 15 0 15 0 15 0 15 1 15 2 14 2 13 2 13 3 12 3 11 3 11 4 9 4 7 5 0 0 0 0 0 0 0 0 0 0 0 0 0 0 0 0 0 0 0 0 0 0 17 7 17 9 17 9 17 11 17 12 17 14 16 15 15 16 14 16 14 16 14 17 13 16 13 16 13 15 13 15 13 15 13 14 13 13 14 13 15 13 15 12 16 12 16 12 17 12 18 11]
,,,-80,0,0,0,0,0,0,0,0,0,0,-92,0,6,1726018781110,0,0,0,0,1726018781110,124,[-16 8 -17 8 -14 8 -14 8 -13 8 -12 9 -11 9 -10 9 -9 9 -9 13 10 -9 11 -9 11 -9 12 -8 11 -8 12 -9 11 -8 11 -8 13 10 -8 13 10 -8 9 -9 8 -9 7 -9 6 -8 5 -8 5 0 0 0 0 0 0 0 0 0 0 0 0 0 0 0 0 0 0 0 0 0 0 -14 13 10 -16 9 -17 8 -18 8 -18 6 -20 6 -20 5 -20 5 -20 3 -20 3 -20 3 -20 2 -20 2 -19 2 -20 3 -19 3 -19 4 -18 4 -19 4 -18 5 -18 6 -18 7 -17 7 -18 7]
,,,-80,0,0,0,0,0,0,0,0,0,0,-92,0,6,1726018781130,0,0,0,0,1726018781130,124,[-13 17 -12 16 -11 17 -10 16 -9 16 -8 16 -6 15 -5 15 -4 16 -3 16 -3 16 -3 16 -2 16 -1 17 -2 17 -2 17 -2 17 -3 16 -3 15 -4 15 -5 13 -5 12 -6 11 -5 11 -6 9 0 0 0 0 0 0 0 0 0 0 0 0 0 0 0 0 0 0 0 0 0 0 -9 18 -11 17 -13 17 -14 16 -16 16 -17 16 -18 15 -18 14 -19 14 -20 13 -20 13 -19 13 -19 12 -18 12 -18 12 -18 13 -17 13 -17 13 -17 13 -16 14 -15 15 -15 16 -15 16 -15 16 -15 17 -14 17]
,,,-80,0,0,0,0,0,0,0,0,0,0,-92,0,6,1726018781149,0,0,0,0,1726018781149,124,[14 -16 14 -17 13 -17 12 -17 11 -16 13 10 -17 8 -17 7 -17 6 -17 5 -18 5 -18 4 -18 4 -19 3 -19 3 -20 4 -19 5 -20 5 -19 5 -17 6 -17 6 -14 7 -13 7 -13 6 -12 7 -11 0 0 0 0 0 0 0 0 0 0 0 0 0 0 0 0 0 0 0 0 0 0 12 -18 14 -17 15 -16 17 -16 18 -14 20 -15 20 -13 21 -13 21 -12 21 -11 22 -11 21 -11 21 -10 20 -10 21 -10 20 -11 19 -11 18 -12 19 -13 19 -13 18 -14 18 -14 17 -15 17 -16 17 -16 16]
,,,-80,0,0,0,0,0,0,0,0,0,0,-92,0,6,1726018781174,0,0,0,0,1726018781174,124,[11 15 11 15 11 14 11 13 11 12 12 11 12 11 12 13 10 12 9 13 9 13 8 14 8 14 8 14 8 14 8 14 8 14 9 13 9 12 9 11 9 13 10 8 9 8 8 8 6 8 5 8 0 0 0 0 0 0 0 0 0 0 0 0 0 0 0 0 0 0 0 0 0 0 11 13 13 10 14 13 10 15 9 16 9 16 8 18 7 19 6 19 5 19 5 20 4 20 4 20 4 19 4 19 4 19 4 19 4 18 5 18 6 18 7 18 7 17 8 17 8 17 9 17]
,,,-80,0,0,0,0,0,0,0,0,0,0,-92,0,6,1726018781191,0,0,0,0,1726018781191,124,[19 0 19 -1 18 -1 18 -2 17 -2 17 -3 16 -4 15 -5 15 -6 15 -6 15 -7 15 -7 15 -7 15 -7 15 -7 15 -7 15 -6 14 -5 14 -5 13 -4 13 -3 13 -2 12 -1 13 10 -1 9 0 0 0 0 0 0 0 0 0 0 0 0 0 0 0 0 0 0 0 0 0 0 0 16 -4 17 -3 18 -2 18 -1 19 1 19 2 19 3 19 4 19 5 19 6 19 6 19 6 19 6 18 6 18 6 18 6 17 5 18 5 18 4 19 4 18 3 19 2 19 2 20 1 20 1 19]
,,,-80,0,0,0,0,0,0,0,0,0,0,-92,0,6,1726018781228,0,0,0,0,1726018781228,124,[-9 20 -8 19 -7 19 -6 18 -6 18 -4 18 -3 17 -3 18 -1 18 0 18 0 18 0 17 0 18 0 18 0 18 0 18 0 18 -1 17 -2 16 -2 15 -3 13 -3 13 -4 12 -4 11 -5 13 10 0 0 0 0 0 0 0 0 0 0 0 0 0 0 0 0 0 0 0 0 0 0 -3 18 -5 18 -7 18 -8 18 -9 18 -10 19 -12 19 -12 18 -14 17 -14 18 -15 19 -14 18 -14 17 -14 16 -14 16 -15 17 -14 17 -13 17 -13 17 -12 17 -12 18 -11 18 -10 19 -10 20 -10 20 -9]
,,,-80,0,0,0,0,0,0,0,0,0,0,-92,0,6,1726018781240,0,0,0,0,1726018781240,124,[-15 -13 -15 -12 -15 -12 -14 -11 -15 -10 -15 -9 -15 -8 -15 -7 -15 -7 -16 -6 -16 -5 -16 -5 -16 -4 -16 -5 -16 -5 -16 -5 -15 -6 -15 -6 -14 -6 -13 -6 -12 -6 -12 -7 -10 -7 -9 -7 -8 -7 0 0 0 0 0 0 0 0 0 0 0 0 0 0 0 0 0 0 0 0 0 0 -15 -9 -13 -10 -14 -11 -14 -12 -13 -14 -13 -15 -12 -16 -12 -16 -11 -17 -11 -18 -10 -18 -10 -18 -10 -18 -10 -17 -10 -17 -11 -17 -11 -16 -11 -17 -11 -16 -12 -16 -13 -15 -13 -15 -13 -15 -14 -14 -15 -14 -15 -14]
,,,-80,0,0,0,0,0,0,0,0,0,0,-92,0,6,1726018781251,0,0,0,0,1726018781251,124,[19 -13 20 -13 18 -13 18 -14 17 -14 16 -14 15 -15 13 -15 12 -16 12 -17 12 -17 11 -17 12 -18 13 10 -17 11 -19 12 -17 12 -17 12 -16 12 -14 11 -14 12 -12 12 -10 12 -10 13 10 -9 13 10 -8 0 0 0 0 0 0 0 0 0 0 0 0 0 0 0 0 0 0 0 0 0 0 14 -15 16 -15 17 -13 19 -13 19 -12 22 -11 23 -9 23 -8 23 -8 24 -6 25 -7 24 -6 24 -5 24 -6 24 -5 23 -6 23 -7 22 -7 23 -8 23 -8 22 -9 22 -10 21 -10 23 -11 22]
,,,-80,0,0,0,0,0,0,0,0,0,0,-92,0,6,1726018781269,0,0,0,0,1726018781269,124,[15 11 15 11 14 9 15 8 15 7 15 7 15 6 15 5 15 4 15 4 16 3 16 2 16 3 16 3 16 2 16 3 16 3 15 3 14 4 13 4 12 4 11 5 11 5 9 5 7 5 0 0 0 0 0 0 0 0 0 0 0 0 0 0 0 0 0 0 0 0 0 0 15 6 15 8 15 9 14 13 10 14 11 14 13 13 14 13 15 12 16 12 16 11 17 11 17 11 16 11 16 11 16 13 10 16 11 15 11 15 12 14 12 14 13 14 14 14 13 13 14 13 15 13]
,,,-80,0,0,0,0,0,0,0,0,0,0,-92,0,6,1726018781289,0,0,0,0,1726018781289,124,[-22 -3 -22 -2 -20 -2 -20 -1 -20 0 -19 1 -19 2 -18 2 -18 4 -18 5 -18 6 -18 6 -19 6 -18 6 -18 7 -19 6 -18 5 -18 5 -17 4 -17 2 -17 2 -16 1 -15 1 -13 0 -12 -1 0 0 0 0 0 0 0 0 0 0 0 0 0 0 0 0 0 0 0 0 0 0 -19 2 -20 0 -20 -1 -21 -2 -21 -3 -21 -5 -22 -7 -21 -8 -21 -9 -21 -9 -21 -10 -21 -10 -21 -10 -20 -10 -20 -10 -20 -10 -20 -9 -20 -9 -21 -8 -21 -8 -21 -7 -21 -6 -21 -6 -22 -5 -22 -5 -22 -5]
,,,-80,0,0,0,0,0,0,0,0,0,0,-92,0,6,1726018781315,0,0,0,0,1726018781315,124,[-15 -9 -15 -8 -14 -8 -15 -7 -15 -6 -15 -5 -14 -4 -14 -3 -15 -3 -15 -2 -15 -1 -15 -1 -16 0 -15 0 -16 0 -16 0 -16 -1 -15 -1 -14 -1 -14 -2 -13 -2 -12 -3 -12 -3 -10 -4 -9 -4 0 0 0 0 0 0 0 0 0 0 0 0 0 0 0 0 0 0 0 0 0 0 -14 -5 -14 -7 -14 -7 -15 -9 -14 -9 -14 -11 -14 -12 -13 -13 -13 -14 -12 -14 -12 -15 -11 -15 -11 -14 -11 -14 -11 -14 -11 -14 -12 -14 -11 -14 -12 -13 -13 -13 -13 -12 -14 -12 -14 -12 -14 -12 -15 -11 -15 -11]
,,,-80,0,0,0,0,0,0,0,0,0,0,-92,0,6,1726018781334,0,0,0,0,1726018781334,124,[0 -20 -1 -19 -2 -19 -2 -18 -3 -17 -4 -17 -5 -16 -6 -16 -7 -15 -8 -16 -9 -15 -9 -15 -10 -15 -10 -16 -10 -16 -10 -15 -10 -16 -9 -16 -8 -15 -8 -16 -6 -15 -5 -14 -5 -14 -3 -13 -2 -12 0 0 0 0 0 0 0 0 0 0 0 0 0 0 0 0 0 0 0 0 0 0 -6 -15 -5 -16 -4 -16 -2 -17 -1 -18 0 -19 2 -19 3 -20 4 -19 4 -19 5 -20 5 -19 6 -19 6 -19 6 -19 5 -19 5 -19 5 -19 5 -19 4 -19 4 -20 3 -20 3 -20 2 -20 2 -20 1 -21]
,,,-80,0,0,0,0,0,0,0,0,0,0,-92,0,6,1726018781362,0,0,0,0,1726018781362,124,[19 0 19 0 18 -1 18 -2 18 -3 16 -4 16 -5 15 -6 14 -7 14 -9 14 -9 14 -10 14 -10 14 -10 14 -11 15 -11 14 -10 14 -10 14 -10 14 -9 14 -8 14 -7 14 -6 12 -5 12 -4 0 0 0 0 0 0 0 0 0 0 0 0 0 0 0 0 0 0 0 0 0 0 16 -6 17 -5 18 -3 18 -2 19 0 20 1 20 3 20 4 19 5 20 6 20 7 19 7 19 7 19 7 18 7 18 7 19 6 18 6 19 6 20 5 19 5 20 4 20 3 21 3 20 2 20 2]
,,,-80,0,0,0,0,0,0,0,0,0,0,-92,0,6,1726018781373,0,0,0,0,1726018781373,124,[-21 5 -21 6 -19 6 -19 7 -18 8 -17 9 -16 9 -14 11 -13 11 -13 13 -12 13 -12 14 -11 15 -11 15 -12 17 -11 16 -12 16 -12 16 -11 15 -12 15 -13 12 -12 11 -13 11 -12 13 10 -12 8 0 0 0 0 0 0 0 0 0 0 0 0 0 0 0 0 0 0 0 0 0 0 -15 11 -17 9 -18 8 -20 7 -20 5 -22 5 -23 3 -22 2 -23 1 -23 -1 -24 0 -23 -1 -23 -1 -22 -2 -22 -2 -22 -1 -23 -1 -22 0 -23 0 -23 0 -22 1 -22 1 -22 3 -23 3 -23 4 -22]
,,,-80,0,0,0,0,0,0,0,0,0,0,-92,0,6,1726018781395,0,0,0,0,1726018781395,124,[-14 11 -13 12 -12 12 -11 12 -11 12 -9 12 -8 13 -7 13 -5 13 -5 14 -5 14 -4 14 -4 15 -3 16 -3 16 -3 16 -3 16 -3 16 -3 15 -4 15 -5 13 -5 13 -6 12 -6 11 -6 13 10 0 0 0 0 0 0 0 0 0 0 0 0 0 0 0 0 0 0 0 0 0 0 -8 14 -9 13 -11 13 -12 12 -14 11 -15 11 -16 13 10 -16 9 -17 9 -17 7 -18 7 -17 7 -18 6 -17 6 -17 6 -17 7 -16 7 -17 7 -17 7 -16 8 -16 9 -16 9 -15 9 -16 13 10 -15]
,,,-80,0,0,0,0,0,0,0,0,0,0,-92,0,6,1726018781409,0,0,0,0,1726018781409,124,[9 15 9 15 9 14 13 10 13 13 10 12 11 11 11 13 10 12 9 12 8 13 7 13 7 14 6 14 6 15 6 15 6 15 5 15 6 14 6 14 6 13 7 12 6 12 6 11 7 9 7 8 7 0 0 0 0 0 0 0 0 0 0 0 0 0 0 0 0 0 0 0 0 0 0 12 12 11 14 13 10 14 9 16 8 16 7 18 6 19 5 19 4 19 4 19 3 20 3 19 3 19 2 18 3 18 2 18 3 18 3 18 4 18 4 18 5 17 6 17 6 17 7 17]
,,,-80,0,0,0,0,0,0,0,0,0,0,-92,0,6,1726018781432,0,0,0,0,1726018781432,124,[5 18 5 17 5 17 6 15 6 15 7 13 8 13 8 12 13 10 11 13 10 11 11 13 10 11 13 10 12 9 13 13 10 14 13 10 13 13 10 13 13 10 13 13 10 12 13 10 11 13 10 13 10 9 9 13 10 9 13 10 7 13 10 6 13 10 0 0 0 0 0 0 0 0 0 0 0 0 0 0 0 0 0 0 0 0 0 0 8 18 6 19 5 19 4 20 3 21 1 22 0 22 -1 22 -2 22 -3 21 -3 22 -3 20 -3 20 -3 19 -3 19 -2 20 -2 19 -1 19]
,,,-80,0,0,0,0,0,0,0,0,0,0,-92,0,6,1726018781449,0,0,0,0,1726018781449,124,[7 -17 7 -17 6 -17 5 -16 5 -16 3 -16 2 -15 1 -15 -1 -15 -2 -16 -2 -15 -3 -15 -3 -16 -4 -16 -4 -17 -3 -16 -3 -16 -3 -16 -2 -15 -2 -15 -1 -14 0 -13 0 -13 0 -13 1 -12 0 0 0 0 0 0 0 0 0 0 0 0 0 0 0 0 0 0 0 0 0 0 5 -18 7 -19 8 -18 13 10 -18 11 -17 12 -18 13 -17 14 -16 15 -15 15 -14 15 -15 14 -14 14 -14 14 -13 14 -13 13 -13 13 -14 12 -14 12 -15 12 -15 11 -15 13 10 -15 9 -16 9 -17 9 -17]
,,,-80,0,0,0,0,0,0,0,0,0,0,-92,0,6,1726018781469,0,0,0,0,1726018781469,124,[-28 -1 -28 -1 -25 0 -26 1 -24 2 -23 4 -22 5 -21 6 -20 7 -20 9 -20 9 -20 11 -20 11 -19 12 -20 13 -21 12 -20 12 -20 11 -19 13 10 -18 9 -19 7 -18 6 -18 5 -15 4 -15 3 0 0 0 0 0 0 0 0 0 0 0 0 0 0 0 0 0 0 0 0 0 0 -28 3 -30 1 -31 -2 -32 -4 -32 -5 -32 -8 -31 -9 -31 -11 -30 -11 -30 -13 -29 -13 -28 -13 -28 -13 -28 -13 -27 -12 -27 -11 -27 -11 -27 -10 -28 -9 -28 -8 -28 -7 -28 -6 -28 -5 -29 -5 -29 -3 -29]
,,,-80,0,0,0,0,0,0,0,0,0,0,-92,0,6,1726018781495,0,0,0,0,1726018781495,124,[-18 -7 -18 -7 -17 -7 -17 -5 -17 -4 -17 -3 -16 -2 -16 -1 -15 0 -16 1 -16 1 -15 2 -16 3 -16 3 -16 3 -16 3 -16 3 -16 2 -15 2 -15 1 -14 1 -14 1 -13 0 -12 -1 -11 -2 0 0 0 0 0 0 0 0 0 0 0 0 0 0 0 0 0 0 0 0 0 0 -20 -5 -20 -7 -20 -8 -19 -10 -19 -11 -19 -13 -19 -14 -18 -14 -17 -15 -17 -16 -16 -16 -16 -16 -16 -15 -15 -15 -15 -15 -15 -15 -15 -14 -15 -13 -16 -13 -16 -12 -17 -11 -18 -10 -18 -10 -18 -10 -18 -10 -19 -9]
,,,-80,0,0,0,0,0,0,0,0,0,0,-92,0,6,1726018781509,0,0,0,0,1726018781509,124,[-19 -18 -19 -18 -18 -17 -19 -15 -19 -14 -19 -13 -19 -11 -19 -11 -19 -9 -19 -7 -20 -6 -20 -5 -21 -5 -20 -4 -21 -5 -21 -3 -21 -5 -21 -5 -19 -6 -19 -6 -18 -6 -17 -6 -16 -7 -14 -7 -12 -8 0 0 0 0 0 0 0 0 0 0 0 0 0 0 0 0 0 0 0 0 0 0 -23 -15 -22 -18 -22 -19 -21 -21 -20 -22 -19 -25 -17 -25 -17 -26 -14 -27 -14 -27 -14 -27 -13 -27 -13 -27 -13 -26 -13 -26 -13 -25 -13 -24 -13 -24 -14 -23 -15 -23 -16 -22 -17 -22 -17 -21 -18 -21 -19 -21 -19 -21]
,,,-80,0,0,0,0,0,0,0,0,0,0,-92,0,6,1726018781540,0,0,0,0,1726018781540,124,[13 13 10 14 13 10 13 9 13 8 13 7 13 6 13 5 12 4 12 3 13 2 13 1 13 0 13 0 13 0 14 0 14 0 14 0 13 1 12 1 12 1 12 1 11 1 11 2 9 2 8 2 0 0 0 0 0 0 0 0 0 0 0 0 0 0 0 0 0 0 0 0 0 0 16 8 15 13 10 14 13 10 15 13 14 13 13 15 12 16 11 17 13 10 17 13 10 17 13 10 17 13 10 16 13 10 16 13 10 16 9 16 9 15 13 10 15 13 10 14 11 14 11 14]
,,,-80,0,0,0,0,0,0,0,0,0,0,-92,0,6,1726018781549,0,0,0,0,1726018781549,124,[18 -1 18 -1 16 -2 16 -2 16 -3 14 -3 14 -4 12 -5 12 -6 12 -7 11 -8 11 -8 11 -8 13 10 -8 11 -9 11 -9 11 -8 11 -8 11 -8 13 10 -7 13 10 -6 13 10 -6 13 10 -5 9 -5 9 -4 0 0 0 0 0 0 0 0 0 0 0 0 0 0 0 0 0 0 0 0 0 0 18 -4 19 -2 20 -1 20 0 20 1 21 3 20 4 20 5 20 6 19 6 19 6 19 6 19 7 18 6 18 6 17 5 17 5 17 4 18 4 18 4 18 2 18 2 18 1 19]
,,,-80,0,0,0,0,0,0,0,0,0,0,-92,0,6,1726018781572,0,0,0,0,1726018781572,124,[-13 13 -12 13 -11 13 -11 13 -10 13 -9 12 -8 12 -6 12 -5 13 -4 13 -4 13 -3 13 -3 13 -2 14 -2 14 -2 14 -2 14 -2 13 -2 13 -3 13 -3 11 -4 13 10 -4 13 10 -4 13 10 -5 9 0 0 0 0 0 0 0 0 0 0 0 0 0 0 0 0 0 0 0 0 0 0 -10 16 -12 15 -14 14 -15 13 -16 13 -17 13 -18 12 -19 11 -19 13 10 -20 9 -20 9 -19 8 -19 8 -18 8 -18 8 -18 9 -17 9 -17 9 -16 9 -16 13 10 -15 13 10 -15 11 -14 12]
,,,-80,0,0,0,0,0,0,0,0,0,0,-92,0,6,1726018781591,0,0,0,0,1726018781591,124,[8 -15 8 -15 7 -15 7 -15 6 -14 5 -14 4 -14 2 -14 1 -14 0 -14 0 -14 -1 -14 -1 -14 -2 -14 -2 -15 -2 -14 -2 -15 -2 -14 -1 -14 -1 -13 0 -13 1 -12 0 -11 1 -11 1 -11 0 0 0 0 0 0 0 0 0 0 0 0 0 0 0 0 0 0 0 0 0 0 5 -17 7 -17 9 -17 13 10 -16 11 -16 12 -15 13 -15 14 -14 15 -13 15 -13 15 -13 15 -12 15 -12 14 -12 14 -11 13 -12 13 -12 13 -12 12 -13 12 -13 12 -13 11 -14 13 10 -14 11 -15 13 10]
,,,-80,0,0,0,0,0,0,0,0,0,0,-92,0,6,1726018781609,0,0,0,0,1726018781609,124,[7 -18 6 -18 5 -17 5 -16 4 -16 2 -16 2 -15 0 -15 -1 -15 -2 -15 -2 -15 -3 -15 -4 -15 -4 -15 -4 -15 -4 -15 -4 -15 -4 -15 -3 -15 -3 -15 -2 -13 -1 -13 -1 -13 0 -12 1 -12 0 0 0 0 0 0 0 0 0 0 0 0 0 0 0 0 0 0 0 0 0 0 2 -19 4 -19 6 -19 7 -18 9 -18 13 10 -19 11 -18 12 -18 12 -17 13 -16 14 -16 14 -15 13 -14 13 -14 13 -14 12 -15 11 -15 11 -15 11 -15 13 10 -16 13 10 -16 9 -16 9 -17 9 -17 8]
,,,-80,0,0,0,0,0,0,0,0,0,0,-92,0,6,1726018781629,0,0,0,0,1726018781629,124,[19 23 20 23 19 21 20 20 20 18 20 16 20 13 20 12 20 13 10 22 9 23 7 22 6 23 5 23 4 25 5 25 4 24 5 23 5 22 6 22 6 21 5 20 6 19 7 16 7 15 9 0 0 0 0 0 0 0 0 0 0 0 0 0 0 0 0 0 0 0 0 0 0 25 19 25 22 24 24 22 25 20 27 19 30 16 31 15 31 14 32 12 32 11 32 11 32 11 31 13 10 30 11 30 13 10 30 11 30 12 28 14 28 14 27 14 26 15 27 16 26 18 26 19]
,,,-80,0,0,0,0,0,0,0,0,0,0,-92,0,6,1726018781654,0,0,0,0,1726018781654,124,[0 -19 -1 -20 -1 -19 -2 -18 -2 -16 -3 -15 -4 -15 -5 -14 -6 -14 -7 -14 -7 -13 -8 -12 -9 -12 -9 -12 -10 -13 -10 -11 -10 -13 -9 -12 -9 -12 -9 -12 -8 -12 -7 -11 -6 -11 -5 -11 -4 -11 0 0 0 0 0 0 0 0 0 0 0 0 0 0 0 0 0 0 0 0 0 0 -5 -21 -3 -22 -2 -22 0 -22 2 -22 4 -23 5 -23 6 -22 7 -21 7 -21 8 -21 8 -20 8 -19 7 -19 7 -19 6 -19 6 -19 6 -19 5 -19 5 -19 3 -19 3 -19 2 -20 2 -20 2 -21 1 -21]
,,,-80,0,0,0,0,0,0,0,0,0,0,-92,0,6,1726018781670,0,0,0,0,1726018781670,124,[-21 -19 -21 -18 -20 -17 -20 -15 -20 -15 -19 -12 -19 -10 -19 -9 -19 -7 -20 -6 -20 -4 -20 -2 -21 -2 -20 -1 -21 -1 -21 0 -21 -2 -20 -1 -19 -2 -19 -3 -19 -2 -18 -3 -17 -4 -15 -5 -13 -5 0 0 0 0 0 0 0 0 0 0 0 0 0 0 0 0 0 0 0 0 0 0 -27 -18 -26 -21 -24 -23 -24 -25 -22 -26 -20 -29 -19 -30 -16 -30 -15 -30 -15 -31 -13 -31 -13 -30 -12 -29 -12 -28 -12 -28 -13 -28 -14 -26 -13 -26 -15 -25 -16 -24 -17 -24 -17 -22 -17 -23 -20 -22 -20 -21 -20 -21]
,,,-80,0,0,0,0,0,0,0,0,0,0,-92,0,6,1726018781691,0,0,0,0,1726018781691,124,[-8 15 -8 15 -6 14 -6 13 -5 13 -4 13 -3 12 -2 12 0 12 1 12 1 11 1 11 2 11 3 12 3 11 3 12 3 11 3 11 3 13 10 2 11 1 13 10 1 9 1 9 0 8 0 8 0 0 0 0 0 0 0 0 0 0 0 0 0 0 0 0 0 0 0 0 0 0 -7 19 -9 18 -11 18 -12 17 -13 16 -15 16 -16 16 -16 14 -16 14 -17 13 -17 13 -16 12 -16 12 -16 11 -15 11 -14 12 -13 12 -13 12 -13 12 -12 13 -12 13 -11 14 -11 14 -11 15 -10 15]
,,,-80,0,0,0,0,0,0,0,0,0,0,-92,0,6,1726018781715,0,0,0,0,1726018781715,124,[-10 -15 -10 -15 -10 -14 -10 -13 -10 -12 -11 -11 -11 -9 -11 -9 -11 -8 -12 -7 -12 -6 -12 -6 -12 -5 -12 -5 -13 -5 -12 -4 -12 -5 -12 -5 -11 -5 -11 -5 -10 -4 -9 -4 -9 -5 -7 -5 -6 -5 0 0 0 0 0 0 0 0 0 0 0 0 0 0 0 0 0 0 0 0 0 0 -12 -19 -11 -21 -10 -21 -9 -23 -7 -23 -6 -24 -4 -24 -4 -24 -3 -24 -2 -23 -2 -23 -1 -23 -2 -22 -2 -21 -2 -20 -3 -20 -3 -20 -4 -19 -4 -19 -6 -18 -6 -18 -7 -17 -7 -18 -8 -17 -9 -17 -9 -17]
,,,-80,0,0,0,0,0,0,0,0,0,0,-92,0,6,1726018781730,0,0,0,0,1726018781730,124,[12 12 12 12 12 11 12 13 10 11 9 11 8 11 7 11 6 12 5 12 4 12 4 12 2 12 2 12 2 12 2 12 2 12 2 11 2 13 10 3 9 3 9 2 8 2 8 2 6 3 5 2 0 0 0 0 0 0 0 0 0 0 0 0 0 0 0 0 0 0 0 0 0 0 16 16 14 18 13 19 12 20 11 20 13 10 22 8 23 8 23 7 23 5 23 6 23 5 21 5 20 5 20 5 20 6 19 6 18 7 18 8 17 8 17 9 15 13 10 15 13 10 15 11]
,,,-80,0,0,0,0,0,0,0,0,0,0,-92,0,6,1726018781749,0,0,0,0,1726018781749,124,[14 -10 14 -10 13 -10 12 -10 11 -10 13 10 -10 9 -11 8 -11 6 -11 6 -12 6 -12 5 -12 5 -11 4 -12 4 -12 5 -12 4 -11 4 -10 4 -10 4 -9 5 -8 5 -7 4 -6 3 -6 3 -5 0 0 0 0 0 0 0 0 0 0 0 0 0 0 0 0 0 0 0 0 0 0 20 -13 21 -11 22 -9 23 -8 24 -7 24 -6 24 -3 24 -2 24 -2 24 -1 23 -2 22 -2 21 -2 20 -2 20 -2 19 -3 18 -4 18 -4 18 -5 18 -5 18 -6 17 -7 17 -8 17 -8 17 -9 16]
,,,-80,0,0,0,0,0,0,0,0,0,0,-92,0,6,1726018781769,0,0,0,0,1726018781769,124,[11 -13 13 10 -12 9 -13 9 -12 7 -12 6 -12 6 -12 4 -12 3 -12 3 -12 3 -12 2 -12 1 -12 1 -12 1 -12 2 -11 1 -11 1 -10 1 -9 1 -9 2 -7 3 -7 2 -6 2 -6 2 -4 0 0 0 0 0 0 0 0 0 0 0 0 0 0 0 0 0 0 0 0 0 0 17 -17 18 -15 20 -14 20 -14 22 -12 22 -11 22 -10 23 -9 22 -8 22 -7 21 -7 21 -7 20 -7 19 -7 18 -7 18 -8 17 -8 17 -9 16 -9 15 -10 15 -11 15 -12 14 -12 14 -13 13 -13 13]
,,,-80,0,0,0,0,0,0,0,0,0,0,-92,0,6,1726018781793,0,0,0,0,1726018781793,124,[-2 16 -2 16 -1 14 0 14 0 14 1 13 2 12 2 12 3 11 4 13 10 3 13 10 4 13 10 4 9 5 9 5 13 10 4 9 4 9 4 9 3 8 2 8 2 6 1 6 0 5 -1 5 -1 4 0 0 0 0 0 0 0 0 0 0 0 0 0 0 0 0 0 0 0 0 0 0 -3 22 -5 23 -7 22 -8 22 -9 21 -11 22 -12 21 -12 20 -13 19 -13 18 -13 18 -12 17 -12 17 -11 16 -10 16 -10 16 -9 16 -8 16 -8 16 -7 17 -6 17 -5 17 -5 17 -4 17]
,,,-80,0,0,0,0,0,0,0,0,0,0,-92,0,6,1726018781810,0,0,0,0,1726018781810,124,[16 1 16 1 15 1 15 0 14 -1 14 -1 13 -2 11 -3 11 -4 11 -4 11 -4 11 -5 13 10 -6 9 -5 9 -6 13 10 -5 9 -5 9 -5 8 -4 8 -3 8 -2 7 -2 7 -1 5 -1 4 0 0 0 0 0 0 0 0 0 0 0 0 0 0 0 0 0 0 0 0 0 0 0 22 2 22 4 22 5 22 7 21 8 21 9 20 13 10 20 11 19 11 18 11 18 12 17 11 17 13 10 17 13 10 16 13 10 16 9 16 8 16 7 17 6 17 6 17 5 18 4 17 4]
,,,-80,0,0,0,0,0,0,0,0,0,0,-92,0,6,1726018781828,0,0,0,0,1726018781828,124,[-5 -17 -5 -18 -5 -16 -6 -16 -6 -14 -7 -14 -7 -13 -8 -12 -8 -12 -9 -11 -9 -10 -9 -10 -9 -9 -9 -9 -10 -9 -9 -8 -9 -9 -9 -9 -8 -9 -7 -9 -6 -8 -5 -7 -4 -7 -3 -7 -2 -7 0 0 0 0 0 0 0 0 0 0 0 0 0 0 0 0 0 0 0 0 0 0 -6 -22 -4 -23 -3 -23 -2 -24 0 -23 1 -25 2 -24 3 -24 4 -23 4 -22 5 -23 4 -22 3 -21 4 -20 3 -20 2 -20 1 -20 1 -20 0 -20 -1 -19 -2 -19 -3 -20 -3 -19 -3 -20 -4 -19 -5 -20]
,,,-80,0,0,0,0,0,0,0,0,0,0,-92,0,6,1726018781849,0,0,0,0,1726018781849,124,[14 -13 13 -14 12 -13 12 -13 11 -13 13 10 -13 9 -13 7 -13 6 -14 6 -14 6 -14 5 -13 5 -14 4 -13 4 -14 4 -13 4 -14 4 -14 4 -12 4 -11 5 -10 5 -9 6 -8 5 -7 5 -6 0 0 0 0 0 0 0 0 0 0 0 0 0 0 0 0 0 0 0 0 0 0 13 -16 15 -15 16 -14 18 -14 18 -13 20 -12 20 -11 20 -10 20 -9 20 -8 21 -8 20 -8 19 -7 19 -7 18 -7 18 -8 17 -8 17 -9 18 -10 17 -10 16 -11 16 -12 16 -12 16 -12 16 -13 15]
,,,-80,0,0,0,0,0,0,0,0,0,0,-92,0,6,1726018781869,0,0,0,0,1726018781869,124,[1 20 2 20 2 19 2 18 3 18 4 17 4 16 5 15 6 15 7 14 7 14 8 14 8 13 9 14 9 13 9 13 9 13 8 14 7 13 6 13 5 12 4 12 3 12 2 12 1 11 0 0 0 0 0 0 0 0 0 0 0 0 0 0 0 0 0 0 0 0 0 0 5 18 4 18 2 19 1 19 0 20 -1 21 -3 21 -4 21 -5 20 -6 20 -6 20 -6 19 -6 19 -6 18 -5 18 -5 19 -5 18 -4 19 -3 18 -3 19 -2 20 -1 19 -1 20 -1 21 -1 21 0 22]
,,,-80,0,0,0,0,0,0,0,0,0,0,-92,0,6,1726018781889,0,0,0,0,1726018781889,124,[22 23 23 24 21 21 23 21 23 19 23 17 23 15 22 14 23 12 24 13 10 25 9 25 7 27 8 25 7 28 8 26 7 27 8 25 9 24 9 24 13 10 22 13 10 21 13 10 20 12 17 12 15 13 0 0 0 0 0 0 0 0 0 0 0 0 0 0 0 0 0 0 0 0 0 0 22 11 22 14 21 15 21 18 19 19 19 23 17 24 16 26 13 26 13 26 13 27 13 27 13 26 13 26 13 26 12 25 13 26 14 25 16 26 16 25 18 26 18 25 19 24 22 25]
,,,-80,0,0,0,0,0,0,0,0,0,0,-92,0,6,1726018781915,0,0,0,0,1726018781915,124,[11 16 11 16 11 15 12 14 12 12 12 12 12 11 12 13 10 12 9 13 8 13 7 14 7 15 7 14 7 15 7 15 6 15 7 14 7 13 7 13 7 12 8 11 7 13 10 8 8 9 7 9 0 0 0 0 0 0 0 0 0 0 0 0 0 0 0 0 0 0 0 0 0 0 12 8 11 13 10 11 13 10 13 10 12 13 10 12 9 15 8 15 8 16 6 17 6 16 6 17 6 17 5 17 5 17 6 17 5 17 6 17 6 16 7 16 8 16 8 16 9 17 9 16]
,,,-80,0,0,0,0,0,0,0,0,0,0,-92,0,6,1726018781934,0,0,0,0,1726018781934,124,[22 -5 21 -5 20 -6 19 -6 19 -6 18 -7 17 -8 15 -8 15 -9 14 -10 14 -11 14 -11 14 -11 13 -12 13 -12 14 -12 14 -11 14 -11 13 -10 13 -9 13 -7 13 -7 13 -5 12 -5 11 -4 0 0 0 0 0 0 0 0 0 0 0 0 0 0 0 0 0 0 0 0 0 0 13 -10 14 -9 16 -8 17 -7 19 -6 19 -5 20 -3 20 -3 20 -1 21 0 21 0 20 0 21 0 21 0 20 0 21 0 20 0 21 0 21 -1 22 -1 21 -2 22 -3 22 -4 22 -4 23 -5 23 -5]
,,,-80,0,0,0,0,0,0,0,0,0,0,-92,0,6,1726018781949,0,0,0,0,1726018781949,124,[13 17 12 17 12 17 12 15 13 14 13 13 13 12 13 11 13 11 14 13 10 14 9 14 8 14 8 15 8 15 7 15 8 15 8 14 8 14 8 12 9 11 8 13 10 9 9 9 7 9 6 9 0 0 0 0 0 0 0 0 0 0 0 0 0 0 0 0 0 0 0 0 0 0 13 13 10 13 11 12 12 12 13 11 15 11 16 13 10 17 9 18 9 19 8 19 7 20 7 20 7 20 7 19 7 19 8 20 8 19 8 19 9 19 13 10 19 13 10 19 11 19 11 20]
,,,-80,0,0,0,0,0,0,0,0,0,0,-92,0,6,1726018781969,0,0,0,0,1726018781969,124,[13 10 17 11 17 13 10 16 11 15 11 14 11 13 11 12 11 12 12 13 10 13 13 10 13 8 13 8 14 8 13 8 14 8 13 8 14 9 13 9 12 8 11 9 13 10 8 9 8 8 8 6 8 5 8 0 0 0 0 0 0 0 0 0 0 0 0 0 0 0 0 0 0 0 0 0 0 12 12 11 13 13 10 14 13 10 15 9 16 8 18 7 19 6 19 5 20 5 20 5 20 5 20 5 19 5 19 4 19 5 19 5 19 6 19 7 19 7 19 8 19 8 19 9]
,,,-80,0,0,0,0,0,0,0,0,0,0,-92,0,6,1726018781993,0,0,0,0,1726018781993,124,[-23 -6 -23 -5 -21 -5 -21 -5 -21 -4 -20 -2 -20 -2 -19 -1 -18 0 -18 2 -19 3 -18 3 -19 3 -18 3 -18 3 -19 3 -18 3 -18 2 -17 1 -17 0 -16 0 -15 -1 -14 -1 -12 -2 -11 -3 0 0 0 0 0 0 0 0 0 0 0 0 0 0 0 0 0 0 0 0 0 0 -19 1 -21 -2 -21 -4 -21 -5 -21 -6 -22 -9 -20 -10 -21 -12 -20 -12 -21 -13 -20 -13 -19 -13 -19 -13 -19 -13 -19 -12 -19 -13 -19 -11 -19 -11 -20 -11 -20 -11 -21 -10 -21 -9 -21 -8 -22 -8 -23 -7 -23 -7]
,,,-80,0,0,0,0,0,0,0,0,0,0,-92,0,6,1726018782024,0,0,0,0,1726018782024,124,[-9 -20 -10 -20 -10 -19 -10 -18 -11 -17 -11 -16 -11 -15 -12 -15 -13 -14 -14 -13 -13 -12 -14 -12 -14 -12 -14 -12 -15 -12 -14 -11 -14 -12 -13 -12 -12 -11 -11 -12 -10 -11 -9 -10 -8 -10 -7 -10 -6 -10 0 0 0 0 0 0 0 0 0 0 0 0 0 0 0 0 0 0 0 0 0 0 -12 -15 -11 -17 -10 -17 -9 -19 -8 -20 -7 -22 -5 -22 -5 -23 -3 -23 -2 -23 -2 -24 -1 -22 -1 -23 -1 -22 -1 -22 -2 -22 -2 -22 -3 -22 -4 -22 -5 -21 -5 -21 -5 -22 -6 -21 -7 -22 -7 -21 -8 -21]
,,,-80,0,0,0,0,0,0,0,0,0,0,-92,0,6,1726018782036,0,0,0,0,1726018782036,124,[1 -22 0 -21 0 -21 -1 -20 -2 -20 -2 -19 -3 -18 -4 -18 -6 -18 -7 -17 -7 -17 -8 -16 -8 -16 -8 -16 -8 -16 -8 -16 -7 -16 -7 -16 -6 -15 -5 -15 -4 -14 -4 -12 -3 -12 -2 -12 -1 -11 0 0 0 0 0 0 0 0 0 0 0 0 0 0 0 0 0 0 0 0 0 0 -4 -19 -2 -20 -1 -20 1 -21 2 -21 4 -22 6 -22 7 -23 8 -22 9 -22 9 -22 9 -21 9 -20 9 -20 9 -20 9 -20 8 -20 7 -20 7 -20 6 -21 6 -21 5 -21 4 -22 3 -22 3 -22 2 -23]
,,,-80,0,0,0,0,0,0,0,0,0,0,-92,0,6,1726018782050,0,0,0,0,1726018782050,124,[-27 5 -27 5 -25 7 -24 7 -23 8 -22 8 -21 9 -19 13 10 -18 11 -18 12 -18 12 -17 13 -17 13 -16 14 -15 14 -16 13 -15 13 -15 12 -14 13 10 -14 13 10 -14 8 -14 6 -13 6 -11 5 -11 4 0 0 0 0 0 0 0 0 0 0 0 0 0 0 0 0 0 0 0 0 0 0 -25 9 -27 8 -28 5 -30 4 -30 2 -32 0 -32 -1 -32 -3 -32 -4 -32 -7 -31 -7 -30 -7 -30 -7 -29 -7 -29 -6 -29 -5 -28 -5 -28 -4 -29 -3 -28 -2 -29 -1 -28 0 -28 1 -29 1 -28]
,,,-80,0,0,0,0,0,0,0,0,0,0,-92,0,6,1726018782070,0,0,0,0,1726018782070,124,[5 17 5 16 6 15 7 15 7 14 7 13 8 11 8 11 9 13 10 13 10 13 10 13 10 8 13 10 8 13 10 8 13 10 8 11 7 11 7 13 10 8 9 7 9 8 8 7 7 6 6 6 6 6 3 6 3 6 0 0 0 0 0 0 0 0 0 0 0 0 0 0 0 0 0 0 0 0 0 0 7 19 6 21 4 21 3 22 2 22 0 24 -1 24 -3 24 -4 23 -4 23 -5 23 -5 22 -4 21 -4 20 -3 20 -3 20 -3 20 -2 20 -1 19 0 20 1 19 2 19]
,,,-80,0,0,0,0,0,0,0,0,0,0,-92,0,6,1726018782090,0,0,0,0,1726018782090,124,[11 26 12 25 12 24 13 22 14 21 15 19 15 17 15 17 15 15 17 14 17 13 18 12 19 11 18 11 20 11 19 13 10 18 11 17 11 15 13 10 15 11 14 13 10 12 13 10 11 13 10 8 11 6 11 0 0 0 0 0 0 0 0 0 0 0 0 0 0 0 0 0 0 0 0 0 0 14 27 12 31 11 30 9 33 7 33 5 36 3 37 1 36 -1 36 -3 35 -4 35 -3 33 -3 33 -3 31 -3 31 -2 30 0 31 0 30 2 30 4 30 5 29 6 29 7 29 7]
,,,-80,0,0,0,0,0,0,0,0,0,0,-92,0,6,1726018782118,0,0,0,0,1726018782118,124,[27 6 27 6 26 4 26 3 26 3 25 1 24 0 23 -1 22 -3 23 -4 22 -5 22 -5 23 -6 22 -6 22 -6 22 -6 21 -5 21 -5 20 -4 20 -3 19 -2 18 -1 17 -1 15 0 14 2 0 0 0 0 0 0 0 0 0 0 0 0 0 0 0 0 0 0 0 0 0 0 20 -5 22 -3 23 -2 24 0 24 2 25 5 25 7 26 9 25 11 25 12 24 12 23 12 24 13 23 13 23 13 22 13 23 13 23 12 24 11 24 11 25 13 10 26 13 10 25 9 27 7 28 7]
,,,-80,0,0,0,0,0,0,0,0,0,0,-92,0,6,1726018782146,0,0,0,0,1726018782146,124,[21 -3 22 -4 20 -4 20 -4 19 -6 18 -7 18 -8 17 -8 15 -9 15 -10 15 -11 14 -11 15 -11 14 -12 14 -12 15 -11 14 -12 14 -11 13 -10 13 -10 13 -8 13 -7 13 -6 12 -5 12 -4 0 0 0 0 0 0 0 0 0 0 0 0 0 0 0 0 0 0 0 0 0 0 13 -9 15 -8 17 -7 18 -6 19 -5 20 -4 20 -2 21 -1 21 1 21 1 22 3 21 2 21 3 20 3 20 3 20 3 20 3 20 2 21 2 21 2 21 0 22 -1 22 -1 23 -1 23 -2 22 -3]
,,,-80,0,0,0,0,0,0,0,0,0,0,-92,0,6,1726018782158,0,0,0,0,1726018782158,124,[-1 -25 -2 -24 -2 -24 -3 -23 -3 -22 -5 -22 -6 -20 -7 -20 -8 -19 -10 -19 -10 -18 -10 -17 -11 -17 -12 -17 -13 -17 -12 -17 -12 -17 -11 -17 -11 -16 -10 -16 -8 -15 -7 -15 -6 -15 -5 -15 -3 -14 0 0 0 0 0 0 0 0 0 0 0 0 0 0 0 0 0 0 0 0 0 0 -8 -19 -5 -20 -4 -21 -3 -22 -1 -23 1 -24 2 -25 4 -25 5 -24 7 -24 7 -24 8 -23 8 -23 8 -22 7 -22 7 -23 6 -23 6 -23 5 -23 5 -23 4 -24 4 -24 2 -25 2 -25 2 -25 0 -26]
,,,-80,0,0,0,0,0,0,0,0,0,0,-92,0,6,1726018782172,0,0,0,0,1726018782172,124,[4 18 3 18 5 17 5 16 5 15 5 15 7 13 7 13 8 12 9 13 10 9 13 10 9 9 13 10 9 13 10 9 13 10 9 13 10 9 11 9 13 10 13 10 8 9 8 9 7 9 6 9 6 8 5 8 3 8 0 0 0 0 0 0 0 0 0 0 0 0 0 0 0 0 0 0 0 0 0 0 7 15 7 16 6 16 5 18 4 18 2 20 0 21 0 21 -2 21 -2 20 -3 21 -2 20 -3 20 -2 19 -3 20 -3 19 -2 20 -2 19 -1 19 -1 19 0 19 0 19]
,,,-80,0,0,0,0,0,0,0,0,0,0,-92,0,6,1726018782206,0,0,0,0,1726018782206,124,[6 -17 6 -16 5 -16 5 -16 4 -15 3 -15 2 -14 0 -14 0 -14 -1 -14 -2 -14 -2 -13 -2 -14 -3 -13 -3 -14 -3 -13 -3 -14 -2 -13 -2 -12 -2 -12 -1 -11 0 -9 0 -9 1 -9 1 -8 0 0 0 0 0 0 0 0 0 0 0 0 0 0 0 0 0 0 0 0 0 0 4 -18 5 -18 6 -18 8 -18 9 -17 11 -18 12 -18 13 -17 13 -16 14 -15 15 -15 14 -15 14 -14 13 -14 13 -14 12 -14 12 -14 12 -14 11 -15 11 -15 13 10 -15 13 10 -16 9 -16 9 -17 8 -17]
,,,-80,0,0,0,0,0,0,0,0,0,0,-92,0,6,1726018782218,0,0,0,0,1726018782218,124,[15 8 15 8 14 7 14 6 13 5 13 4 13 3 12 2 12 1 12 0 12 -1 12 -1 12 -1 12 -1 12 -1 12 -1 12 -1 11 -1 13 10 0 13 10 0 13 10 0 9 1 8 1 6 1 5 1 0 0 0 0 0 0 0 0 0 0 0 0 0 0 0 0 0 0 0 0 0 0 16 5 17 7 16 8 16 9 16 11 16 12 14 13 14 14 13 15 13 15 13 15 12 14 12 15 12 14 12 14 11 13 11 13 12 13 13 12 13 12 13 11 14 11 13 13 10 14 13]
,,,-80,0,0,0,0,0,0,0,0,0,0,-92,0,6,1726018782232,0,0,0,0,1726018782232,124,[12 -18 12 -18 13 10 -18 9 -17 8 -17 7 -17 6 -16 4 -16 3 -16 2 -16 2 -16 1 -16 0 -16 0 -16 -1 -16 0 -15 0 -16 0 -15 0 -14 1 -13 1 -11 2 -10 2 -9 2 -9 2 -7 0 0 0 0 0 0 0 0 0 0 0 0 0 0 0 0 0 0 0 0 0 0 11 -22 13 -22 15 -21 16 -21 18 -20 20 -20 21 -19 21 -18 22 -16 22 -14 23 -15 22 -14 22 -13 21 -13 21 -14 20 -14 19 -14 19 -14 18 -15 18 -15 17 -16 16 -17 15 -17 16 -18 15 -18 14]
,,,-80,0,0,0,0,0,0,0,0,0,0,-92,0,6,1726018782257,0,0,0,0,1726018782257,124,[6 -17 6 -17 5 -17 5 -16 4 -16 3 -15 2 -14 1 -14 0 -14 -1 -14 -1 -13 -2 -13 -2 -13 -3 -13 -3 -13 -2 -12 -2 -12 -2 -12 -1 -11 -1 -11 0 -9 1 -9 1 -8 1 -8 2 -6 0 0 0 0 0 0 0 0 0 0 0 0 0 0 0 0 0 0 0 0 0 0 5 -20 7 -20 8 -19 9 -19 11 -19 13 -20 13 -18 14 -18 15 -17 15 -16 15 -16 15 -15 15 -15 14 -15 13 -15 13 -15 12 -15 12 -15 11 -16 11 -16 13 10 -16 13 10 -17 9 -17 9 -17 8 -18]
,,,-80,0,0,0,0,0,0,0,0,0,0,-92,0,6,1726018782270,0,0,0,0,1726018782270,124,[18 -10 18 -10 17 -11 17 -10 16 -10 15 -11 14 -11 12 -11 11 -12 13 10 -13 13 10 -12 9 -13 9 -13 8 -13 8 -14 8 -13 8 -13 8 -12 8 -11 8 -11 9 -9 9 -8 9 -7 8 -6 8 -5 0 0 0 0 0 0 0 0 0 0 0 0 0 0 0 0 0 0 0 0 0 0 17 -12 18 -11 19 -10 20 -9 22 -8 23 -6 23 -4 23 -4 23 -2 24 -1 23 -2 23 -1 22 -1 22 -1 21 -1 21 -2 20 -3 20 -3 20 -4 21 -5 20 -5 21 -6 20 -7 21 -8 20 -8]
,,,-80,0,0,0,0,0,0,0,0,0,0,-92,0,6,1726018782289,0,0,0,0,1726018782289,124,[-23 -18 -24 -18 -22 -17 -24 -16 -23 -15 -23 -13 -23 -12 -22 -11 -23 -9 -23 -8 -23 -7 -23 -6 -24 -5 -22 -5 -24 -5 -23 -4 -23 -6 -22 -6 -20 -6 -20 -7 -18 -7 -18 -7 -17 -9 -14 -9 -12 -10 0 0 0 0 0 0 0 0 0 0 0 0 0 0 0 0 0 0 0 0 0 0 -21 -10 -21 -12 -20 -13 -21 -15 -20 -17 -20 -21 -19 -21 -18 -23 -16 -23 -16 -24 -15 -25 -15 -24 -15 -24 -15 -24 -15 -24 -15 -23 -15 -23 -15 -22 -18 -23 -18 -22 -20 -21 -19 -21 -20 -20 -22 -21 -23 -20 -23 -20]
,,,-80,0,0,0,0,0,0,0,0,0,0,-92,0,6,1726018782312,0,0,0,0,1726018782312,124,[2 -23 1 -22 0 -21 1 -21 -1 -20 -2 -19 -3 -18 -3 -18 -4 -17 -6 -18 -5 -17 -6 -16 -6 -16 -6 -16 -6 -17 -6 -15 -5 -16 -5 -16 -4 -16 -3 -16 -2 -14 -1 -13 -1 -12 0 -12 1 -11 0 0 0 0 0 0 0 0 0 0 0 0 0 0 0 0 0 0 0 0 0 0 -4 -16 -3 -18 -2 -18 -1 -19 1 -18 2 -20 4 -20 5 -21 6 -20 6 -20 7 -21 7 -20 7 -19 7 -19 7 -19 6 -19 6 -20 5 -19 5 -20 5 -20 3 -20 4 -22 3 -21 3 -22 4 -22 1 -22]
,,,-80,0,0,0,0,0,0,0,0,0,0,-92,0,6,1726018782331,0,0,0,0,1726018782331,124,[15 9 16 9 15 8 16 8 15 7 15 6 14 5 14 5 14 4 15 3 14 2 15 2 15 2 14 2 15 2 14 2 14 3 13 3 12 4 11 4 11 4 9 4 9 4 7 5 6 5 0 0 0 0 0 0 0 0 0 0 0 0 0 0 0 0 0 0 0 0 0 0 15 5 15 7 14 7 16 9 14 9 15 12 14 13 13 14 12 14 11 14 12 15 12 14 12 14 12 14 12 14 11 13 12 13 12 12 14 13 13 12 14 12 15 11 14 11 16 11 16 13 10 17]
,,,-80,0,0,0,0,0,0,0,0,0,0,-92,0,6,1726018782352,0,0,0,0,1726018782352,124,[-12 -18 -12 -18 -12 -17 -13 -16 -12 -15 -13 -14 -13 -12 -14 -12 -14 -10 -15 -10 -15 -9 -16 -9 -16 -8 -15 -9 -16 -9 -16 -9 -15 -10 -15 -9 -13 -10 -13 -10 -12 -10 -10 -9 -9 -9 -7 -9 -5 -9 0 0 0 0 0 0 0 0 0 0 0 0 0 0 0 0 0 0 0 0 0 0 -13 -19 -12 -20 -11 -20 -10 -22 -9 -22 -8 -24 -6 -24 -5 -25 -4 -24 -4 -23 -4 -24 -4 -23 -4 -22 -4 -22 -5 -21 -5 -22 -5 -21 -5 -20 -7 -21 -8 -20 -9 -20 -9 -21 -9 -20 -11 -19 -11 -20 -12 -20]
,,,-80,0,0,0,0,0,0,0,0,0,0,-92,0,6,1726018782369,0,0,0,0,1726018782369,124,[-4 21 -4 22 -3 21 -1 21 0 20 1 19 3 18 4 18 5 17 6 18 7 18 7 17 8 17 9 18 13 10 18 13 10 17 13 10 18 9 17 8 17 8 17 6 15 5 15 3 15 2 15 0 13 0 0 0 0 0 0 0 0 0 0 0 0 0 0 0 0 0 0 0 0 0 0 0 23 -2 24 -3 23 -5 24 -6 23 -9 25 -10 24 -11 23 -12 22 -13 21 -14 21 -12 20 -12 19 -12 18 -12 18 -11 19 -11 19 -11 19 -9 20 -9 20 -8 21 -7 20 -7 21 -7 22 -7]
,,,-80,0,0,0,0,0,0,0,0,0,0,-92,0,6,1726018782389,0,0,0,0,1726018782389,124,[2 23 2 24 3 23 4 22 4 21 6 20 7 19 8 19 9 18 13 10 17 11 17 12 16 12 16 13 16 13 17 13 16 14 17 12 17 11 17 13 10 17 9 16 8 15 7 16 5 14 3 14 0 0 0 0 0 0 0 0 0 0 0 0 0 0 0 0 0 0 0 0 0 0 13 10 12 9 14 8 15 7 16 6 17 4 20 2 20 1 21 -1 21 -2 20 -3 22 -3 21 -4 20 -4 20 -3 20 -4 21 -3 21 -3 21 -2 22 -1 22 -1 23 -1 23 0 23 1 24 1]
,,,-80,0,0,0,0,0,0,0,0,0,0,-92,0,6,1726018782411,0,0,0,0,1726018782411,124,[-7 21 -7 20 -5 20 -4 19 -3 19 -3 18 -1 18 0 18 1 17 2 17 2 17 3 16 3 17 5 17 5 17 4 18 4 17 4 16 3 16 3 16 1 15 0 14 0 13 0 12 -2 11 0 0 0 0 0 0 0 0 0 0 0 0 0 0 0 0 0 0 0 0 0 0 1 17 -1 17 -2 19 -4 19 -6 19 -7 20 -9 20 -10 20 -11 19 -13 19 -13 18 -13 18 -13 17 -13 17 -13 17 -13 18 -12 17 -11 18 -11 18 -10 19 -10 19 -10 20 -9 21 -9 21 -9 22 -7 22]
,,,-80,0,0,0,0,0,0,0,0,0,0,-92,0,6,1726018782429,0,0,0,0,1726018782429,124,[-18 5 -18 6 -16 5 -16 6 -15 6 -14 7 -13 8 -11 8 -10 8 -10 9 -10 9 -9 13 10 -10 11 -8 11 -8 11 -9 11 -8 11 -8 13 10 -8 9 -8 9 -8 7 -8 7 -8 6 -6 6 -6 5 0 0 0 0 0 0 0 0 0 0 0 0 0 0 0 0 0 0 0 0 0 0 -16 8 -18 7 -18 6 -20 5 -20 4 -22 2 -22 1 -22 0 -22 -1 -22 -2 -22 -2 -21 -2 -21 -3 -20 -3 -20 -3 -20 -2 -20 -1 -19 -1 -21 0 -20 1 -20 2 -20 2 -19 2 -20 3 -20 4]
,,,-80,0,0,0,0,0,0,0,0,0,0,-92,0,6,1726018782451,0,0,0,0,1726018782451,124,[-22 2 -22 2 -20 3 -20 3 -19 4 -18 5 -17 6 -16 6 -14 7 -14 8 -14 8 -13 9 -13 13 10 -12 9 -12 13 10 -13 9 -12 13 10 -12 9 -11 8 -11 8 -11 6 -10 5 -10 5 -8 5 -8 3 0 0 0 0 0 0 0 0 0 0 0 0 0 0 0 0 0 0 0 0 0 0 -19 8 -20 7 -22 4 -24 4 -24 2 -25 1 -26 -1 -26 -3 -25 -4 -25 -4 -26 -5 -25 -5 -24 -6 -24 -6 -24 -5 -23 -5 -24 -4 -23 -4 -24 -4 -24 -3 -24 -2 -24 -1 -23 -1 -24 0 -23]
,,,-80,0,0,0,0,0,0,0,0,0,0,-92,0,6,1726018782470,0,0,0,0,1726018782470,124,[19 -9 19 -10 17 -10 16 -10 15 -10 15 -10 14 -11 12 -11 11 -12 13 10 -13 13 10 -13 13 10 -13 9 -13 8 -13 9 -14 9 -13 8 -13 8 -12 8 -11 7 -11 7 -9 7 -8 6 -8 5 -8 5 -7 0 0 0 0 0 0 0 0 0 0 0 0 0 0 0 0 0 0 0 0 0 0 14 -13 16 -12 17 -11 19 -10 20 -9 21 -9 22 -7 23 -6 23 -5 24 -4 23 -4 23 -4 23 -3 23 -3 23 -3 22 -3 22 -4 21 -4 22 -5 22 -5 22 -6 22 -6 21 -7 21 -8 21]
,,,-80,0,0,0,0,0,0,0,0,0,0,-92,0,6,1726018782489,0,0,0,0,1726018782489,124,[-16 4 -17 4 -14 4 -14 6 -13 5 -12 6 -10 6 -9 6 -8 7 -8 8 -8 8 -7 8 -7 8 -6 8 -6 8 -6 7 -5 7 -5 6 -4 5 -4 5 -4 4 -4 4 -3 4 -2 3 -1 3 0 0 0 0 0 0 0 0 0 0 0 0 0 0 0 0 0 0 0 0 0 0 -23 8 -25 6 -25 5 -26 4 -26 2 -28 1 -27 0 -27 -2 -26 -2 -26 -3 -26 -3 -25 -3 -24 -4 -24 -3 -24 -3 -22 -2 -22 -1 -22 -1 -23 -1 -21 1 -21 1 -20 2 -19 3 -20 2 -19 2 -19 4]
,,,-80,0,0,0,0,0,0,0,0,0,0,-92,0,6,1726018782511,0,0,0,0,1726018782511,124,[7 -24 7 -24 6 -24 6 -24 4 -23 3 -23 2 -23 0 -22 -1 -22 -2 -22 -3 -21 -4 -20 -5 -21 -5 -20 -7 -21 -6 -20 -6 -21 -7 -20 -6 -19 -5 -20 -4 -18 -3 -17 -2 -17 0 -16 1 -15 0 0 0 0 0 0 0 0 0 0 0 0 0 0 0 0 0 0 0 0 0 0 -8 -15 -6 -16 -4 -16 -3 -17 -1 -17 1 -18 2 -18 4 -18 6 -17 7 -16 8 -16 8 -16 9 -15 9 -15 9 -15 9 -16 8 -17 9 -18 13 10 -18 9 -18 9 -19 9 -20 9 -21 9 -22 9 -23 9]
,,,-80,0,0,0,0,0,0,0,0,0,0,-92,0,6,1726018782533,0,0,0,0,1726018782533,124,[19 -7 20 -7 17 -7 18 -8 16 -8 16 -9 15 -9 14 -9 12 -9 12 -10 12 -10 12 -10 12 -10 13 10 -10 11 -11 11 -10 11 -10 13 10 -9 13 10 -8 13 10 -7 13 10 -6 9 -5 9 -4 8 -3 8 -3 0 0 0 0 0 0 0 0 0 0 0 0 0 0 0 0 0 0 0 0 0 0 12 -10 13 -9 14 -8 16 -8 16 -7 18 -6 19 -5 19 -4 19 -3 19 -2 20 -2 20 -2 20 -2 19 -1 20 -2 19 -2 19 -3 19 -3 20 -4 20 -5 20 -5 20 -5 19 -5 21]
,,,-80,0,0,0,0,0,0,0,0,0,0,-92,0,6,1726018782557,0,0,0,0,1726018782557,124,[-11 -14 -11 -14 -11 -13 -11 -12 -11 -11 -11 -10 -11 -9 -11 -9 -12 -8 -12 -7 -12 -7 -13 -6 -13 -6 -13 -6 -13 -6 -12 -6 -12 -6 -12 -6 -11 -6 -11 -7 -10 -6 -9 -6 -9 -6 -7 -7 -6 -7 0 0 0 0 0 0 0 0 0 0 0 0 0 0 0 0 0 0 0 0 0 0 -12 -12 -12 -13 -11 -14 -11 -15 -10 -16 -9 -17 -8 -18 -7 -18 -6 -19 -6 -18 -6 -18 -5 -18 -6 -18 -6 -17 -6 -17 -6 -17 -6 -17 -7 -17 -8 -16 -8 -16 -9 -16 -9 -16 -10 -16 -11 -16 -11 -15 -11 -15]
,,,-80,0,0,0,0,0,0,0,0,0,0,-92,0,6,1726018782569,0,0,0,0,1726018782569,124,[15 -14 14 -14 13 -15 13 -14 12 -14 13 10 -15 9 -15 8 -15 7 -15 6 -15 6 -16 5 -16 5 -16 4 -17 4 -16 5 -17 5 -16 5 -15 5 -14 5 -14 6 -12 7 -12 6 -11 6 -10 6 -9 0 0 0 0 0 0 0 0 0 0 0 0 0 0 0 0 0 0 0 0 0 0 11 -16 12 -15 14 -15 15 -14 17 -14 17 -13 18 -12 19 -11 20 -11 21 -9 20 -9 19 -8 20 -8 19 -8 18 -8 18 -10 17 -10 18 -11 17 -10 17 -12 17 -12 17 -13 17 -13 17 -13 18 -13 16]
,,,-80,0,0,0,0,0,0,0,0,0,0,-92,0,6,1726018782589,0,0,0,0,1726018782589,124,[-10 18 -9 18 -8 18 -7 17 -6 17 -5 16 -3 16 -2 16 0 16 1 16 1 16 2 16 3 16 4 16 4 17 4 16 4 16 4 16 4 16 3 16 1 14 1 14 0 13 -1 13 -2 11 0 0 0 0 0 0 0 0 0 0 0 0 0 0 0 0 0 0 0 0 0 0 -8 21 -11 21 -12 20 -13 19 -15 19 -16 19 -17 18 -18 17 -18 15 -19 15 -19 14 -18 14 -18 14 -17 13 -16 13 -16 14 -15 14 -15 14 -14 14 -14 15 -13 16 -13 16 -12 17 -12 18 -12 18 -11 19]
,,,-80,0,0,0,0,0,0,0,0,0,0,-92,0,6,1726018782621,0,0,0,0,1726018782621,124,[2 20 3 20 3 20 3 19 4 18 4 17 5 16 6 15 6 14 7 14 7 13 8 12 8 12 9 12 9 12 9 12 9 12 8 12 7 11 7 11 6 13 10 5 9 5 9 3 9 2 8 0 0 0 0 0 0 0 0 0 0 0 0 0 0 0 0 0 0 0 0 0 0 7 15 7 16 5 16 4 18 3 18 2 21 0 21 -1 21 -2 21 -3 21 -3 22 -3 21 -3 21 -3 21 -3 21 -3 21 -2 21 -2 21 -1 21 -1 21 0 21 0 21 0 22 1 22 2 22 2]
,,,-80,0,0,0,0,0,0,0,0,0,0,-92,0,6,1726018782633,0,0,0,0,1726018782633,124,[28 6 28 6 26 5 26 4 25 3 24 2 23 1 21 0 20 -1 20 -3 20 -3 20 -4 19 -5 18 -5 19 -6 18 -6 18 -5 17 -4 16 -3 15 -3 15 -2 14 -1 13 -1 11 -1 9 0 0 0 0 0 0 0 0 0 0 0 0 0 0 0 0 0 0 0 0 0 0 0 28 -1 29 1 30 3 31 5 30 7 31 11 31 12 30 13 29 14 29 15 29 15 28 15 28 15 27 14 27 14 27 14 28 13 27 13 29 12 29 12 29 11 29 13 10 29 9 31 8 30 9 30]
,,,-80,0,0,0,0,0,0,0,0,0,0,-92,0,6,1726018782662,0,0,0,0,1726018782662,124,[16 -13 16 -13 14 -13 14 -12 14 -13 12 -14 11 -13 9 -14 8 -13 7 -14 7 -14 6 -14 6 -15 5 -15 5 -16 6 -15 6 -15 6 -14 6 -13 6 -13 7 -11 6 -10 7 -9 6 -8 6 -7 0 0 0 0 0 0 0 0 0 0 0 0 0 0 0 0 0 0 0 0 0 0 11 -15 13 -14 14 -13 16 -13 17 -12 18 -12 19 -11 19 -10 20 -8 21 -8 21 -8 20 -8 20 -7 20 -8 20 -8 19 -8 19 -9 19 -9 19 -9 19 -10 18 -10 19 -11 18 -11 18 -12 18 -12 19 -13]
,,,-80,0,0,0,0,0,0,0,0,0,0,-92,0,6,1726018782673,0,0,0,0,1726018782673,124,[-5 -20 -5 -20 -5 -19 -5 -18 -6 -16 -7 -16 -7 -15 -8 -14 -9 -13 -9 -13 -10 -12 -11 -12 -12 -11 -11 -11 -11 -12 -11 -11 -11 -12 -10 -11 -9 -11 -9 -11 -8 -10 -7 -10 -6 -10 -5 -10 -3 -9 0 0 0 0 0 0 0 0 0 0 0 0 0 0 0 0 0 0 0 0 0 0 -7 -19 -6 -20 -5 -20 -4 -21 -3 -21 -2 -23 -1 -22 0 -23 1 -23 1 -23 2 -23 2 -22 2 -22 2 -22 2 -22 2 -22 1 -22 1 -22 0 -22 -1 -21 -2 -21 -2 -22 -2 -22 -3 -22 -3 -22 -4 -22]
,,,-80,0,0,0,0,0,0,0,0,0,0,-92,0,6,1726018782691,0,0,0,0,1726018782691,124,[-3 20 -3 19 -2 19 -2 18 -2 17 -1 16 0 16 1 15 2 15 4 15 4 14 4 14 5 14 6 14 6 14 5 14 5 14 5 13 4 13 3 12 3 11 2 11 2 13 10 1 13 10 0 9 0 0 0 0 0 0 0 0 0 0 0 0 0 0 0 0 0 0 0 0 0 0 4 15 2 16 1 17 0 17 -1 18 -3 19 -4 19 -6 19 -6 19 -7 18 -7 19 -8 19 -8 18 -8 17 -8 17 -8 19 -7 18 -7 19 -7 19 -7 19 -6 19 -5 20 -6 20 -5 21 -5 21]
,,,-80,0,0,0,0,0,0,0,0,0,0,-92,0,6,1726018782710,0,0,0,0,1726018782710,124,[-4 19 -4 19 -3 19 -3 18 -2 17 -1 16 -1 15 0 15 1 15 2 14 3 14 3 14 3 14 4 14 4 14 3 13 3 13 3 13 2 12 2 12 1 13 10 1 9 0 9 0 9 -1 7 0 0 0 0 0 0 0 0 0 0 0 0 0 0 0 0 0 0 0 0 0 0 3 15 2 16 0 16 -1 17 -2 17 -3 18 -5 19 -6 19 -6 19 -8 18 -8 19 -8 18 -8 18 -8 17 -8 18 -8 18 -7 18 -7 19 -6 19 -6 19 -6 19 -6 20 -6 20 -5 20 -5 21 -4]
,,,-80,0,0,0,0,0,0,0,0,0,0,-92,0,6,1726018782740,0,0,0,0,1726018782740,124,[-32 2 -32 2 -29 3 -29 4 -28 5 -27 5 -25 7 -23 8 -22 8 -22 13 10 -22 13 10 -21 12 -21 12 -20 12 -20 13 -21 12 -20 12 -19 11 -18 13 10 -17 13 10 -18 8 -17 6 -17 5 -14 5 -13 3 0 0 0 0 0 0 0 0 0 0 0 0 0 0 0 0 0 0 0 0 0 0 -22 11 -25 9 -25 7 -27 6 -28 4 -30 3 -30 1 -30 -1 -31 -3 -31 -4 -31 -5 -30 -5 -30 -6 -30 -6 -30 -5 -30 -4 -30 -4 -30 -3 -32 -3 -31 -2 -32 -1 -32 0 -32 0 -34 0]
,,,-80,0,0,0,0,0,0,0,0,0,0,-92,0,6,1726018782753,0,0,0,0,1726018782753,124,[-14 26 -14 28 -12 26 -12 26 -10 25 -9 24 -7 23 -5 24 -4 23 -2 24 -1 23 0 23 0 23 1 23 0 24 0 23 0 23 -1 23 -1 21 -2 20 -3 17 -3 16 -4 15 -5 14 -5 13 0 0 0 0 0 0 0 0 0 0 0 0 0 0 0 0 0 0 0 0 0 0 0 23 -3 24 -4 23 -6 25 -8 24 -11 27 -13 26 -15 25 -17 24 -17 23 -18 25 -18 24 -18 23 -18 23 -18 23 -17 23 -18 26 -17 24 -17 26 -17 26 -17 26 -16 27 -15 28 -15 29 -15 29 -15 31]
,,,-80,0,0,0,0,0,0,0,0,0,0,-92,0,6,1726018782770,0,0,0,0,1726018782770,124,[4 -22 4 -22 3 -20 2 -20 2 -19 1 -18 0 -17 -1 -17 -3 -16 -4 -16 -4 -15 -4 -15 -5 -15 -5 -15 -5 -16 -5 -14 -5 -15 -4 -14 -4 -13 -4 -13 -2 -12 -2 -11 -2 -10 -1 -10 -1 -9 0 0 0 0 0 0 0 0 0 0 0 0 0 0 0 0 0 0 0 0 0 0 -3 -17 -2 -18 -1 -18 0 -19 2 -19 3 -21 4 -21 5 -21 7 -21 7 -20 7 -21 8 -21 8 -20 8 -20 7 -20 7 -20 7 -21 6 -21 6 -22 6 -21 5 -22 5 -23 4 -22 4 -23 4 -24 4 -24]
,,,-80,0,0,0,0,0,0,0,0,0,0,-92,0,6,1726018782795,0,0,0,0,1726018782795,124,[2 -22 2 -22 2 -21 1 -20 1 -19 0 -19 -1 -18 -2 -17 -3 -17 -4 -16 -4 -16 -4 -15 -5 -15 -6 -15 -6 -15 -5 -14 -5 -14 -4 -14 -4 -13 -4 -13 -3 -11 -3 -10 -2 -10 -1 -10 0 -9 0 0 0 0 0 0 0 0 0 0 0 0 0 0 0 0 0 0 0 0 0 0 -3 -17 -1 -19 0 -18 1 -19 2 -19 3 -21 5 -20 5 -21 6 -20 7 -19 7 -21 7 -20 7 -19 7 -19 7 -20 6 -19 6 -20 6 -20 5 -21 4 -21 4 -22 4 -22 3 -22 3 -23 3 -23 3 -24]
,,,-80,0,0,0,0,0,0,0,0,0,0,-92,0,6,1726018782810,0,0,0,0,1726018782810,124,[6 -20 6 -20 5 -19 5 -19 4 -18 3 -17 2 -17 1 -17 0 -16 -1 -16 -1 -16 -2 -15 -2 -15 -2 -15 -2 -16 -2 -14 -2 -14 -1 -14 -1 -13 -1 -13 0 -11 1 -10 1 -9 1 -9 2 -8 0 0 0 0 0 0 0 0 0 0 0 0 0 0 0 0 0 0 0 0 0 0 -1 -16 0 -17 1 -17 2 -17 3 -17 5 -18 6 -18 7 -18 8 -17 9 -17 9 -18 9 -17 9 -17 9 -17 9 -16 9 -17 8 -17 8 -17 8 -18 7 -18 7 -18 7 -19 6 -19 6 -20 6 -20 6 -21]
,,,-80,0,0,0,0,0,0,0,0,0,0,-92,0,6,1726018782834,0,0,0,0,1726018782834,124,[-15 13 10 -15 13 10 -13 13 10 -14 13 10 -13 13 10 -11 13 10 -10 13 10 -9 13 10 -8 13 10 -7 11 -8 11 -7 11 -7 11 -6 11 -6 12 -6 11 -6 11 -6 13 10 -6 9 -6 8 -6 7 -6 7 -6 6 -6 5 -6 4 0 0 0 0 0 0 0 0 0 0 0 0 0 0 0 0 0 0 0 0 0 0 -10 11 -11 11 -12 13 10 -13 13 10 -14 9 -16 9 -17 8 -17 8 -18 7 -18 6 -18 6 -18 5 -18 5 -17 5 -18 5 -18 6 -17 6 -17 7 -17 7 -17 8]
,,,-80,0,0,0,0,0,0,0,0,0,0,-92,0,6,1726018782849,0,0,0,0,1726018782849,124,[14 -28 14 -28 12 -28 11 -27 9 -26 8 -25 6 -24 4 -24 1 -24 1 -25 0 -23 -1 -22 -2 -24 -3 -24 -3 -24 -2 -23 -2 -24 -2 -23 -1 -21 0 -21 1 -18 2 -17 2 -16 4 -15 4 -13 0 0 0 0 0 0 0 0 0 0 0 0 0 0 0 0 0 0 0 0 0 0 5 -29 8 -28 13 10 -28 12 -28 14 -28 17 -30 18 -30 20 -29 21 -26 23 -26 24 -27 22 -25 22 -24 22 -23 22 -24 21 -24 22 -26 21 -26 20 -27 20 -26 18 -28 18 -30 16 -29 17 -29 16 -31 16]
,,,-80,0,0,0,0,0,0,0,0,0,0,-92,0,6,1726018782869,0,0,0,0,1726018782869,124,[13 -12 13 -13 11 -12 11 -13 13 10 -12 9 -12 8 -12 6 -12 5 -12 4 -14 3 -13 3 -14 2 -14 2 -14 1 -15 2 -14 2 -14 2 -14 2 -13 2 -13 3 -12 3 -11 3 -10 3 -9 4 -9 0 0 0 0 0 0 0 0 0 0 0 0 0 0 0 0 0 0 0 0 0 0 6 -14 8 -14 9 -13 11 -13 12 -13 14 -13 15 -12 15 -11 16 -11 17 -10 17 -10 17 -9 17 -9 16 -9 16 -8 16 -9 16 -10 15 -10 16 -10 15 -11 15 -11 16 -12 14 -12 15 -13 15 -13 15]
,,,-80,0,0,0,0,0,0,0,0,0,0,-92,0,6,1726018782889,0,0,0,0,1726018782889,124,[-32 13 -31 13 -28 13 -28 13 -27 14 -25 14 -22 14 -20 16 -18 16 -17 18 -17 18 -15 19 -15 20 -14 20 -13 22 -14 20 -13 20 -14 19 -14 18 -14 18 -14 15 -13 13 -14 12 -13 12 -13 9 0 0 0 0 0 0 0 0 0 0 0 0 0 0 0 0 0 0 0 0 0 0 -13 19 -16 19 -17 18 -20 18 -22 16 -25 17 -27 14 -29 13 -30 11 -30 9 -31 9 -31 9 -30 7 -30 7 -32 8 -31 8 -31 8 -30 9 -33 13 10 -32 12 -31 13 10 -31 12 -32 12 -32 13 -34 15]
,,,-80,0,0,0,0,0,0,0,0,0,0,-92,0,6,1726018782912,0,0,0,0,1726018782912,124,[14 20 14 20 13 18 13 18 13 16 13 15 13 14 13 12 14 12 15 13 10 15 13 10 15 9 16 8 16 8 17 8 16 8 16 9 15 9 13 9 13 9 12 8 11 8 13 10 8 8 8 7 7 0 0 0 0 0 0 0 0 0 0 0 0 0 0 0 0 0 0 0 0 0 0 14 6 14 8 14 9 14 11 14 12 13 15 12 17 11 18 13 10 19 13 10 19 9 20 9 20 8 20 9 20 8 20 9 20 9 20 13 10 20 11 20 11 21 11 20 13 21 12 21]
,,,-80,0,0,0,0,0,0,0,0,0,0,-92,0,6,1726018782929,0,0,0,0,1726018782929,124,[18 -9 18 -9 16 -9 15 -9 14 -9 13 -10 13 -10 11 -10 13 10 -12 9 -12 9 -12 9 -13 8 -13 8 -13 8 -13 8 -13 8 -12 8 -12 8 -11 7 -11 8 -9 8 -8 7 -8 7 -7 6 -6 0 0 0 0 0 0 0 0 0 0 0 0 0 0 0 0 0 0 0 0 0 0 8 -11 9 -11 11 -10 12 -10 14 -9 14 -9 15 -7 16 -7 17 -6 18 -5 18 -5 18 -5 18 -4 18 -5 18 -4 18 -5 18 -5 18 -6 18 -6 18 -6 18 -7 19 -7 18 -8 19 -9 20 -9 19]
,,,-80,0,0,0,0,0,0,0,0,0,0,-92,0,6,1726018782952,0,0,0,0,1726018782952,124,[22 -10 22 -10 19 -10 20 -11 18 -11 17 -12 15 -12 14 -13 12 -13 12 -14 11 -15 11 -15 11 -17 13 10 -16 13 10 -17 13 10 -16 13 10 -16 13 10 -15 13 10 -14 13 10 -14 11 -11 11 -10 11 -10 9 -8 9 -7 0 0 0 0 0 0 0 0 0 0 0 0 0 0 0 0 0 0 0 0 0 0 11 -14 13 -13 15 -12 17 -12 17 -11 19 -11 20 -9 21 -9 22 -7 22 -7 23 -6 23 -6 24 -5 23 -6 24 -6 23 -6 23 -6 22 -6 24 -7 24 -8 24 -9 24 -9 23]
,,,-80,0,0,0,0,0,0,0,0,0,0,-92,0,6,1726018782978,0,0,0,0,1726018782978,124,[-16 -19 -16 -19 -15 -17 -16 -16 -15 -15 -16 -13 -15 -11 -15 -10 -15 -9 -16 -7 -17 -6 -17 -5 -18 -5 -17 -5 -18 -5 -18 -4 -18 -6 -17 -6 -16 -6 -15 -7 -14 -7 -13 -7 -12 -7 -10 -7 -9 -7 0 0 0 0 0 0 0 0 0 0 0 0 0 0 0 0 0 0 0 0 0 0 -18 -11 -18 -13 -17 -14 -18 -16 -17 -17 -17 -20 -16 -21 -15 -22 -14 -23 -13 -23 -13 -24 -12 -24 -13 -24 -12 -23 -12 -24 -12 -23 -13 -22 -12 -23 -14 -23 -14 -22 -15 -23 -16 -22 -15 -22 -17 -22 -17 -21 -18 -22]
,,,-80,0,0,0,0,0,0,0,0,0,0,-92,0,6,1726018782994,0,0,0,0,1726018782994,124,[12 -15 11 -15 11 -15 13 10 -15 8 -14 8 -15 6 -14 4 -14 3 -14 2 -14 1 -14 1 -14 0 -15 -1 -14 0 -16 1 -15 0 -14 0 -14 1 -13 1 -13 2 -12 2 -11 3 -10 2 -9 3 -8 0 0 0 0 0 0 0 0 0 0 0 0 0 0 0 0 0 0 0 0 0 0 6 -17 8 -17 13 10 -17 11 -17 12 -17 14 -17 15 -16 16 -16 17 -15 17 -14 18 -14 18 -14 18 -13 17 -13 18 -12 17 -13 16 -14 16 -14 17 -15 16 -15 16 -15 15 -16 14 -16 15 -16 14 -17]
,,,-80,0,0,0,0,0,0,0,0,0,0,-92,0,6,1726018783010,0,0,0,0,1726018783010,124,[13 10 15 11 15 13 10 14 11 13 11 12 11 11 11 9 13 10 8 11 7 11 7 11 6 11 5 12 5 12 5 12 5 12 5 11 5 13 10 5 13 10 5 9 5 9 5 8 5 7 5 5 5 4 4 0 0 0 0 0 0 0 0 0 0 0 0 0 0 0 0 0 0 0 0 0 0 14 11 14 13 13 13 13 15 12 16 11 18 13 10 19 9 20 9 21 8 20 7 21 7 21 7 20 7 20 7 20 7 19 7 19 7 19 9 19 9 18 13 10 18 13 10 18]
,,,-80,0,0,0,0,0,0,0,0,0,0,-92,0,6,1726018783031,0,0,0,0,1726018783031,124,[15 12 16 12 15 13 10 15 9 14 9 14 8 14 6 13 6 13 5 13 4 14 3 13 2 13 2 13 2 13 2 13 1 12 2 12 2 11 2 13 10 3 9 3 9 3 8 3 7 3 5 3 0 0 0 0 0 0 0 0 0 0 0 0 0 0 0 0 0 0 0 0 0 0 16 7 16 9 16 13 10 16 11 16 13 15 15 15 16 14 17 13 18 13 18 13 19 12 18 12 18 12 17 12 17 12 17 12 16 13 15 14 15 14 15 15 14 16 14 15 14 16 14 17]
,,,-80,0,0,0,0,0,0,0,0,0,0,-92,0,6,1726018783054,0,0,0,0,1726018783054,124,[17 15 17 14 16 14 16 12 16 13 10 15 13 10 15 8 14 8 14 6 15 6 14 5 14 4 15 3 14 4 15 3 14 3 14 4 13 4 12 4 12 4 13 10 3 9 4 9 4 7 4 6 4 0 0 0 0 0 0 0 0 0 0 0 0 0 0 0 0 0 0 0 0 0 0 18 13 10 18 12 17 13 18 14 17 15 17 18 16 19 16 20 15 20 14 21 13 22 13 21 13 21 12 20 13 20 13 19 13 19 13 19 15 18 15 18 16 17 17 16 17 17 17 17]
,,,-80,0,0,0,0,0,0,0,0,0,0,-92,0,6,1726018783072,0,0,0,0,1726018783072,124,[-1 18 -1 18 -1 18 -1 16 0 16 1 15 1 14 2 13 3 13 4 12 4 11 5 11 5 11 5 11 5 11 5 11 5 11 4 13 10 4 13 10 3 13 10 3 8 2 8 2 8 0 7 0 6 0 0 0 0 0 0 0 0 0 0 0 0 0 0 0 0 0 0 0 0 0 0 4 17 3 17 2 18 0 18 -1 19 -2 20 -3 20 -4 20 -5 20 -5 20 -6 20 -6 20 -6 19 -6 19 -6 18 -6 19 -5 19 -5 19 -4 19 -4 19 -3 19 -2 19 -2 20 -1 20 -1]
,,,-80,0,0,0,0,0,0,0,0,0,0,-92,0,6,1726018783092,0,0,0,0,1726018783092,124,[-33 -9 -32 -9 -29 -8 -30 -7 -27 -6 -26 -5 -25 -3 -23 -2 -21 0 -21 2 -21 3 -21 5 -20 5 -19 6 -20 6 -21 7 -20 5 -19 6 -18 4 -17 4 -18 2 -17 2 -16 1 -13 0 -12 0 0 0 0 0 0 0 0 0 0 0 0 0 0 0 0 0 0 0 0 0 0 0 -30 2 -32 0 -32 -3 -33 -5 -33 -6 -34 -9 -34 -11 -34 -13 -32 -14 -33 -15 -33 -15 -32 -15 -32 -16 -31 -15 -31 -15 -31 -14 -32 -14 -31 -14 -33 -13 -33 -12 -33 -11 -33 -10 -33 -10 -36 -10 -35 -9 -34 -10]
,,,-80,0,0,0,0,0,0,0,0,0,0,-92,0,6,1726018783109,0,0,0,0,1726018783109,124,[-6 21 -6 21 -6 20 -5 19 -4 18 -3 17 -2 16 -1 15 0 14 1 14 2 13 3 13 3 13 4 13 5 14 4 13 4 14 4 13 4 12 3 12 2 11 2 9 1 9 0 9 -1 8 0 0 0 0 0 0 0 0 0 0 0 0 0 0 0 0 0 0 0 0 0 0 3 19 1 20 -1 19 -2 20 -3 19 -4 22 -6 21 -7 21 -8 21 -9 20 -10 21 -9 20 -9 20 -9 20 -9 20 -9 20 -9 21 -8 20 -8 21 -7 21 -7 21 -6 22 -6 22 -6 23 -7 23 -6 24]
,,,-80,0,0,0,0,0,0,0,0,0,0,-92,0,6,1726018783133,0,0,0,0,1726018783133,124,[-16 -12 -15 -11 -14 -11 -14 -10 -13 -8 -13 -8 -12 -7 -12 -6 -12 -5 -12 -4 -12 -3 -12 -2 -12 -1 -13 -1 -12 -1 -13 -1 -12 -1 -12 -2 -11 -2 -10 -2 -10 -2 -9 -2 -9 -2 -7 -2 -7 -2 0 0 0 0 0 0 0 0 0 0 0 0 0 0 0 0 0 0 0 0 0 0 -15 -3 -15 -5 -15 -6 -15 -7 -15 -8 -15 -9 -15 -11 -14 -11 -14 -12 -13 -13 -13 -13 -13 -13 -13 -13 -13 -13 -13 -12 -14 -13 -13 -12 -14 -12 -14 -12 -15 -12 -15 -12 -15 -12 -16 -12 -16 -12 -17 -12 -16 -12]
,,,-80,0,0,0,0,0,0,0,0,0,0,-92,0,6,1726018783149,0,0,0,0,1726018783149,124,[-24 4 -23 4 -20 4 -21 4 -19 5 -17 5 -16 6 -15 6 -13 7 -13 9 -13 9 -12 13 10 -12 13 10 -11 11 -11 12 -12 11 -11 11 -11 13 10 -10 9 -10 9 -11 7 -10 6 -10 5 -8 5 -7 4 0 0 0 0 0 0 0 0 0 0 0 0 0 0 0 0 0 0 0 0 0 0 -16 13 10 -18 8 -19 7 -20 7 -21 6 -22 5 -22 3 -23 2 -22 1 -23 0 -23 1 -22 0 -23 0 -23 0 -23 0 -23 0 -23 1 -23 1 -24 2 -23 2 -23 3 -24 3 -23 4 -25 4]
,,,-80,0,0,0,0,0,0,0,0,0,0,-92,0,6,1726018783170,0,0,0,0,1726018783170,124,[-21 -12 -21 -11 -20 -10 -19 -9 -19 -7 -18 -7 -17 -4 -17 -3 -17 -2 -17 0 -18 1 -18 2 -18 2 -18 2 -19 2 -19 2 -18 1 -18 0 -17 -1 -17 -1 -15 -2 -14 -2 -13 -2 -11 -3 -10 -3 0 0 0 0 0 0 0 0 0 0 0 0 0 0 0 0 0 0 0 0 0 0 -20 -6 -20 -7 -21 -8 -21 -10 -20 -12 -20 -14 -19 -15 -19 -16 -17 -17 -18 -17 -18 -17 -17 -17 -18 -17 -18 -16 -17 -16 -18 -15 -18 -15 -19 -15 -20 -16 -19 -14 -21 -14 -21 -14 -20 -13 -22 -13 -24 -12 -22 -13]
,,,-80,0,0,0,0,0,0,0,0,0,0,-92,0,6,1726018783189,0,0,0,0,1726018783189,124,[6 -22 5 -21 4 -21 3 -19 2 -19 1 -18 -1 -17 -3 -17 -4 -17 -6 -17 -6 -17 -7 -17 -8 -17 -8 -18 -9 -18 -8 -18 -8 -18 -7 -18 -6 -18 -5 -17 -3 -16 -2 -14 -2 -13 -2 -13 -1 -11 0 0 0 0 0 0 0 0 0 0 0 0 0 0 0 0 0 0 0 0 0 0 4 -23 6 -23 8 -23 9 -22 11 -23 13 -22 14 -22 15 -21 15 -19 15 -19 16 -20 15 -19 15 -18 14 -18 13 -18 12 -19 12 -19 11 -20 11 -20 13 10 -21 13 10 -21 9 -21 9 -22 7 -23 8 -23]
,,,-80,0,0,0,0,0,0,0,0,0,0,-92,0,6,1726018783210,0,0,0,0,1726018783210,124,[16 22 16 21 15 20 16 19 16 16 16 14 16 12 16 13 10 17 8 18 7 19 6 20 6 20 5 20 5 22 4 21 4 21 6 19 6 18 6 17 7 16 5 14 7 13 7 11 7 9 7 0 0 0 0 0 0 0 0 0 0 0 0 0 0 0 0 0 0 0 0 0 0 22 23 22 27 20 26 19 30 17 30 15 33 13 33 11 33 13 10 33 9 32 8 32 8 31 8 30 8 29 9 29 9 27 11 29 13 10 27 13 28 13 26 14 25 16 25 15 25 17 26 17]
,,,-80,0,0,0,0,0,0,0,0,0,0,-92,0,6,1726018783235,0,0,0,0,1726018783235,124,[-6 21 -5 21 -4 20 -4 19 -3 19 -2 18 0 17 1 17 2 16 4 16 4 16 5 16 6 16 7 17 7 17 6 17 7 16 6 16 5 16 4 15 2 14 2 13 1 13 1 12 -1 11 0 0 0 0 0 0 0 0 0 0 0 0 0 0 0 0 0 0 0 0 0 0 0 20 -1 21 -3 21 -4 21 -5 21 -7 22 -8 22 -9 21 -10 21 -10 20 -10 20 -9 20 -10 19 -10 18 -10 19 -9 19 -9 20 -9 20 -8 20 -7 20 -7 21 -6 21 -6 22 -7 22 -6 23 -6 23]
,,,-80,0,0,0,0,0,0,0,0,0,0,-92,0,6,1726018783249,0,0,0,0,1726018783249,124,[-33 -8 -33 -7 -31 -6 -31 -5 -30 -4 -30 -2 -29 0 -27 1 -26 3 -26 6 -27 7 -27 9 -28 13 10 -27 13 10 -28 13 10 -30 13 10 -28 13 10 -28 8 -27 7 -26 6 -26 4 -25 2 -24 1 -21 1 -19 -1 0 0 0 0 0 0 0 0 0 0 0 0 0 0 0 0 0 0 0 0 0 0 -26 4 -27 2 -29 0 -29 -1 -29 -3 -29 -5 -29 -7 -29 -8 -28 -10 -30 -11 -29 -10 -28 -10 -29 -11 -28 -12 -28 -11 -28 -11 -28 -11 -29 -11 -30 -10 -30 -10 -31 -10 -32 -10 -32 -9 -34]
,,,-80,0,0,0,0,0,0,0,0,0,0,-92,0,6,1726018783274,0,0,0,0,1726018783274,124,[-23 12 -22 12 -20 13 -20 12 -19 13 -17 13 -16 14 -14 15 -13 16 -13 17 -13 17 -12 18 -12 19 -11 20 -12 21 -12 20 -12 20 -13 19 -12 18 -13 17 -13 15 -13 14 -14 12 -13 12 -13 13 10 0 0 0 0 0 0 0 0 0 0 0 0 0 0 0 0 0 0 0 0 0 0 -8 14 -10 14 -12 13 -13 12 -14 12 -16 12 -17 11 -18 13 10 -19 9 -20 8 -20 8 -20 8 -20 8 -21 7 -21 7 -21 8 -21 8 -22 8 -22 8 -22 9 -22 13 10 -22 13 10 -22 11 -23 11]
,,,-80,0,0,0,0,0,0,0,0,0,0,-92,0,6,1726018783290,0,0,0,0,1726018783290,124,[-8 -23 -7 -23 -8 -23 -8 -22 -9 -21 -10 -20 -10 -18 -11 -17 -12 -17 -14 -17 -14 -16 -14 -15 -15 -15 -16 -16 -16 -16 -16 -16 -15 -17 -15 -17 -13 -16 -13 -16 -12 -15 -11 -15 -9 -14 -8 -14 -7 -14 0 0 0 0 0 0 0 0 0 0 0 0 0 0 0 0 0 0 0 0 0 0 -12 -13 -10 -15 -10 -16 -9 -16 -8 -18 -7 -19 -6 -20 -5 -21 -4 -21 -3 -22 -3 -22 -2 -22 -2 -22 -2 -21 -2 -22 -3 -23 -2 -22 -2 -23 -3 -23 -3 -23 -4 -23 -5 -23 -5 -24 -6 -24 -6 -24 -7 -25]
,,,-80,0,0,0,0,0,0,0,0,0,0,-92,0,6,1726018783311,0,0,0,0,1726018783311,124,[-13 -15 -14 -15 -13 -14 -13 -13 -14 -12 -14 -11 -14 -10 -14 -9 -14 -9 -15 -8 -15 -7 -16 -7 -16 -6 -16 -6 -17 -7 -16 -6 -16 -7 -15 -7 -14 -7 -14 -7 -13 -7 -12 -7 -12 -7 -10 -7 -9 -7 0 0 0 0 0 0 0 0 0 0 0 0 0 0 0 0 0 0 0 0 0 0 -14 -7 -14 -9 -13 -10 -13 -10 -13 -12 -13 -14 -12 -14 -11 -15 -10 -15 -10 -16 -10 -16 -9 -16 -10 -16 -9 -16 -10 -16 -9 -16 -9 -16 -9 -16 -10 -16 -11 -16 -11 -16 -11 -16 -12 -15 -12 -16 -13 -15 -14 -16]
,,,-80,0,0,0,0,0,0,0,0,0,0,-92,0,6,1726018783330,0,0,0,0,1726018783330,124,[-14 11 -14 12 -13 11 -13 12 -12 12 -11 12 -10 13 -8 13 -7 13 -7 14 -8 14 -7 15 -7 15 -6 15 -6 16 -7 15 -7 15 -7 14 -7 13 -7 13 -7 11 -8 13 10 -8 13 10 -7 9 -7 8 0 0 0 0 0 0 0 0 0 0 0 0 0 0 0 0 0 0 0 0 0 0 -9 13 -11 13 -12 12 -14 11 -14 13 10 -16 13 10 -16 9 -17 8 -17 8 -18 7 -17 7 -17 6 -17 6 -17 6 -17 6 -17 7 -17 7 -16 7 -17 8 -16 8 -16 9 -16 9 -15 13 10 -16]
,,,-80,0,0,0,0,0,0,0,0,0,0,-92,0,6,1726018783353,0,0,0,0,1726018783353,124,[16 -17 17 -17 15 -17 15 -17 13 -17 12 -17 13 10 -18 8 -18 7 -19 6 -20 7 -21 5 -21 5 -21 5 -22 5 -23 6 -21 6 -22 6 -21 6 -19 6 -18 6 -17 7 -15 7 -14 6 -13 6 -12 0 0 0 0 0 0 0 0 0 0 0 0 0 0 0 0 0 0 0 0 0 0 11 -20 13 -19 15 -18 16 -17 18 -16 20 -16 20 -14 20 -13 21 -12 21 -11 21 -11 21 -11 20 -10 20 -10 20 -10 20 -11 20 -12 19 -11 20 -12 19 -13 19 -13 19 -14 18 -15 19 -15 19 -16 18]
,,,-80,0,0,0,0,0,0,0,0,0,0,-92,0,6,1726018783370,0,0,0,0,1726018783370,124,[-25 17 -25 18 -23 19 -22 18 -21 19 -20 19 -17 20 -15 21 -14 22 -13 23 -14 23 -13 24 -13 25 -12 26 -13 26 -13 24 -14 25 -14 23 -13 21 -13 20 -14 17 -14 14 -13 13 -12 13 -12 11 0 0 0 0 0 0 0 0 0 0 0 0 0 0 0 0 0 0 0 0 0 0 -14 21 -17 21 -18 19 -20 19 -21 17 -25 17 -26 15 -26 14 -26 12 -26 13 10 -28 11 -27 11 -26 13 10 -26 9 -27 9 -26 11 -26 11 -25 13 10 -26 11 -26 12 -25 13 -26 14 -25 15 -26 16 -27]
,,,-80,0,0,0,0,0,0,0,0,0,0,-92,0,6,1726018783389,0,0,0,0,1726018783389,124,[8 -20 8 -21 7 -20 7 -21 6 -20 5 -20 4 -20 2 -20 1 -20 -1 -21 -1 -21 -2 -20 -2 -21 -2 -22 -3 -23 -2 -22 -1 -22 -1 -21 0 -20 0 -20 1 -18 1 -17 2 -16 3 -15 3 -13 0 0 0 0 0 0 0 0 0 0 0 0 0 0 0 0 0 0 0 0 0 0 1 -17 3 -18 4 -17 6 -18 7 -17 9 -18 11 -17 11 -16 12 -16 13 -15 13 -15 13 -15 13 -14 12 -14 13 -14 12 -15 12 -15 12 -16 12 -16 12 -16 12 -17 11 -17 11 -18 13 10 -19 13 10 -20]
,,,-80,0,0,0,0,0,0,0,0,0,0,-92,0,6,1726018783409,0,0,0,0,1726018783409,124,[16 15 16 15 16 13 17 12 17 12 17 13 10 17 8 17 7 17 6 18 5 19 4 20 3 21 3 20 3 22 3 21 3 22 4 20 4 20 4 19 5 18 5 16 6 16 7 14 7 12 7 0 0 0 0 0 0 0 0 0 0 0 0 0 0 0 0 0 0 0 0 0 0 16 6 16 8 15 9 15 11 14 12 14 14 13 16 12 16 11 17 13 10 17 13 10 17 11 17 13 10 17 13 10 17 13 10 18 13 10 17 13 10 18 13 10 17 11 18 12 17 13 17 14]
,,,-80,0,0,0,0,0,0,0,0,0,0,-92,0,6,1726018783432,0,0,0,0,1726018783432,124,[15 -13 14 -13 12 -12 12 -14 11 -13 13 10 -13 8 -13 7 -14 5 -15 4 -16 4 -16 3 -17 3 -17 2 -18 2 -19 3 -18 3 -19 3 -18 4 -18 4 -17 5 -16 5 -14 5 -14 5 -13 6 -12 0 0 0 0 0 0 0 0 0 0 0 0 0 0 0 0 0 0 0 0 0 0 8 -14 13 10 -14 11 -13 12 -13 13 -11 15 -12 15 -10 16 -10 16 -9 16 -8 16 -8 16 -8 16 -8 16 -8 16 -7 17 -9 16 -8 16 -9 17 -9 16 -10 16 -10 16 -11 15 -11 16 -12 16 -12]
,,,-80,0,0,0,0,0,0,0,0,0,0,-92,0,6,1726018783453,0,0,0,0,1726018783453,124,[-11 17 -10 17 -9 16 -9 16 -7 16 -7 16 -5 16 -4 15 -3 16 -2 16 -1 16 0 16 0 18 1 17 1 19 1 18 0 19 0 18 -1 17 -2 17 -2 16 -3 14 -4 14 -4 14 -5 12 0 0 0 0 0 0 0 0 0 0 0 0 0 0 0 0 0 0 0 0 0 0 -4 14 -5 14 -7 13 -8 14 -9 13 -10 14 -11 13 -12 12 -12 12 -12 11 -13 12 -13 11 -13 11 -12 13 10 -13 11 -12 12 -13 12 -12 12 -13 13 -12 13 -12 13 -12 14 -11 14 -12 15 -11 16 -11]
,,,-80,0,0,0,0,0,0,0,0,0,0,-92,0,6,1726018783473,0,0,0,0,1726018783473,124,[24 8 24 7 23 6 23 5 23 4 22 3 22 1 21 0 21 -2 22 -3 22 -4 23 -5 23 -5 23 -5 24 -5 24 -5 24 -4 23 -4 22 -3 22 -1 21 -1 20 0 19 1 17 2 16 3 0 0 0 0 0 0 0 0 0 0 0 0 0 0 0 0 0 0 0 0 0 0 18 0 19 1 19 3 19 4 19 5 19 8 19 9 18 13 10 18 11 18 11 17 12 18 12 18 12 18 12 17 12 18 12 18 11 18 11 20 11 20 13 10 21 9 22 9 22 9 23 9 24 8]
,,,-80,0,0,0,0,0,0,0,0,0,0,-92,0,6,1726018783490,0,0,0,0,1726018783490,124,[4 -21 4 -21 3 -21 3 -19 2 -20 1 -19 0 -19 -1 -18 -2 -19 -4 -19 -4 -18 -5 -19 -5 -19 -5 -20 -5 -19 -5 -20 -4 -20 -3 -19 -2 -19 -2 -18 -1 -17 0 -16 0 -15 1 -15 2 -13 0 0 0 0 0 0 0 0 0 0 0 0 0 0 0 0 0 0 0 0 0 0 -2 -16 0 -17 1 -17 2 -17 4 -17 5 -17 7 -17 8 -17 8 -16 9 -16 8 -17 8 -16 8 -15 8 -16 8 -16 8 -17 8 -17 7 -17 7 -17 7 -17 6 -18 6 -18 5 -20 5 -20 5 -21 5 -21]
,,,-80,0,0,0,0,0,0,0,0,0,0,-92,0,6,1726018783516,0,0,0,0,1726018783516,124,[27 16 29 16 26 14 27 14 26 12 25 11 26 13 10 25 7 25 6 27 5 27 4 28 4 29 3 27 3 29 4 28 4 28 6 26 6 24 7 23 8 22 9 19 9 18 9 15 9 13 9 0 0 0 0 0 0 0 0 0 0 0 0 0 0 0 0 0 0 0 0 0 0 23 5 24 8 24 8 25 13 10 23 12 23 15 23 16 22 17 21 19 20 19 20 19 20 19 21 19 21 19 21 20 20 18 21 18 21 17 23 18 23 17 24 17 25 16 25 16 28 17 28 17]
,,,-80,0,0,0,0,0,0,0,0,0,0,-92,0,6,1726018783530,0,0,0,0,1726018783530,124,[-23 9 -23 13 10 -20 9 -21 13 10 -19 13 10 -18 13 10 -17 11 -15 12 -14 12 -14 14 -14 14 -13 15 -14 16 -13 15 -13 16 -13 15 -13 15 -13 14 -13 12 -13 12 -13 13 10 -13 8 -13 7 -12 6 -11 5 0 0 0 0 0 0 0 0 0 0 0 0 0 0 0 0 0 0 0 0 0 0 -15 11 -16 13 10 -17 9 -19 8 -19 7 -20 7 -21 6 -21 5 -21 4 -22 4 -22 4 -22 4 -22 3 -22 3 -22 4 -22 4 -22 4 -21 4 -22 5 -22 6 -22 6 -22 7 -22 8]
,,,-80,0,0,0,0,0,0,0,0,0,0,-92,0,6,1726018783558,0,0,0,0,1726018783558,124,[13 -22 12 -22 11 -21 13 10 -20 8 -19 7 -20 5 -19 3 -19 1 -19 0 -20 0 -20 -1 -20 -1 -21 -2 -21 -2 -23 -1 -21 0 -22 0 -21 1 -20 2 -19 3 -17 3 -15 4 -14 5 -13 5 -12 0 0 0 0 0 0 0 0 0 0 0 0 0 0 0 0 0 0 0 0 0 0 8 -22 13 10 -22 11 -21 13 -22 15 -20 15 -21 17 -21 17 -20 18 -19 19 -18 19 -18 19 -18 19 -17 18 -17 19 -18 18 -18 18 -19 16 -19 17 -20 16 -20 15 -21 15 -21 14 -21 15 -22 15 -23]
,,,-80,0,0,0,0,0,0,0,0,0,0,-92,0,6,1726018783569,0,0,0,0,1726018783569,124,[8 -18 8 -18 7 -17 6 -16 5 -16 4 -16 3 -15 1 -15 0 -15 -2 -15 -2 -15 -2 -15 -3 -15 -3 -15 -3 -16 -3 -15 -2 -16 -2 -15 -1 -14 0 -14 1 -12 1 -11 1 -11 1 -11 2 -10 0 0 0 0 0 0 0 0 0 0 0 0 0 0 0 0 0 0 0 0 0 0 5 -18 7 -19 8 -18 9 -18 13 10 -17 11 -18 12 -17 13 -17 14 -16 13 -15 14 -16 13 -15 13 -15 12 -15 13 -15 12 -16 12 -16 11 -16 11 -17 11 -17 11 -17 13 10 -17 9 -18 9 -19 13 10]
,,,-80,0,0,0,0,0,0,0,0,0,0,-92,0,6,1726018783589,0,0,0,0,1726018783589,124,[-14 20 -13 19 -13 19 -11 18 -11 18 -9 17 -8 17 -6 17 -5 17 -4 17 -3 17 -2 17 -2 17 -2 19 -2 19 -2 19 -2 18 -3 18 -3 17 -4 17 -5 14 -6 13 -7 12 -7 12 -7 9 0 0 0 0 0 0 0 0 0 0 0 0 0 0 0 0 0 0 0 0 0 0 -7 20 -9 19 -11 19 -12 18 -14 19 -14 19 -16 18 -16 17 -17 17 -18 16 -18 16 -17 16 -17 15 -17 14 -16 15 -16 16 -15 16 -16 16 -15 16 -15 18 -14 18 -14 19 -14 20 -14 20 -14 20 -13 21]
,,,-80,0,0,0,0,0,0,0,0,0,0,-92,0,6,1726018783609,0,0,0,0,1726018783609,124,[-5 -19 -5 -18 -5 -18 -5 -17 -5 -16 -6 -16 -6 -14 -8 -14 -9 -13 -10 -13 -10 -12 -10 -12 -11 -11 -11 -12 -11 -12 -11 -11 -11 -12 -10 -12 -9 -12 -9 -12 -8 -12 -7 -11 -6 -10 -5 -11 -4 -10 0 0 0 0 0 0 0 0 0 0 0 0 0 0 0 0 0 0 0 0 0 0 -8 -16 -7 -16 -6 -17 -5 -18 -4 -18 -3 -19 -2 -19 -1 -19 0 -19 0 -19 1 -19 0 -18 0 -18 0 -18 0 -17 0 -18 -1 -18 -1 -18 -2 -18 -2 -18 -2 -18 -3 -19 -4 -19 -4 -19 -4 -20 -4 -20]
,,,-80,0,0,0,0,0,0,0,0,0,0,-92,0,6,1726018783630,0,0,0,0,1726018783630,124,[33 9 35 8 32 7 34 6 32 5 30 3 30 2 28 -1 27 -3 29 -5 28 -6 28 -8 29 -8 28 -9 29 -10 29 -9 30 -9 28 -8 27 -6 26 -5 25 -3 24 -1 24 -1 21 1 19 3 0 0 0 0 0 0 0 0 0 0 0 0 0 0 0 0 0 0 0 0 0 0 29 0 31 3 31 5 32 7 30 9 32 12 30 14 30 15 28 17 27 18 28 18 26 18 27 18 26 17 26 17 25 16 27 15 27 15 30 15 30 14 30 12 32 12 31 11 35 11 34 11 35 13]
,,,-80,0,0,0,0,0,0,0,0,0,0,-92,0,6,1726018783654,0,0,0,0,1726018783654,124,[11 -18 11 -18 13 10 -18 13 10 -18 9 -17 7 -17 6 -17 5 -17 3 -18 2 -18 2 -18 1 -18 1 -18 1 -19 0 -20 1 -19 1 -19 1 -18 2 -17 2 -17 4 -15 4 -14 5 -14 5 -13 5 -11 0 0 0 0 0 0 0 0 0 0 0 0 0 0 0 0 0 0 0 0 0 0 2 -15 3 -16 5 -15 6 -15 7 -15 9 -16 13 10 -15 11 -15 12 -14 12 -13 13 -13 13 -12 13 -12 13 -12 12 -12 12 -13 12 -13 12 -13 12 -14 12 -14 11 -15 12 -16 11 -17 12 -18 12]
,,,-80,0,0,0,0,0,0,0,0,0,0,-92,0,6,1726018783670,0,0,0,0,1726018783670,124,[31 12 31 12 29 13 10 30 9 29 8 27 6 27 4 26 3 25 0 26 -2 26 -3 27 -4 27 -5 26 -5 27 -5 27 -5 27 -4 26 -4 24 -3 24 -2 23 0 22 1 21 2 18 2 17 4 0 0 0 0 0 0 0 0 0 0 0 0 0 0 0 0 0 0 0 0 0 0 23 -3 24 0 25 2 26 4 26 7 26 9 26 12 26 13 24 15 24 16 24 17 22 16 23 17 23 16 22 16 22 15 23 15 24 15 26 14 26 14 28 13 29 13 29 13 31 13 32 13 32]
,,,-80,0,0,0,0,0,0,0,0,0,0,-92,0,6,1726018783690,0,0,0,0,1726018783690,124,[27 14 27 14 25 12 25 11 25 13 10 23 8 23 6 22 5 22 2 22 0 22 -1 23 -2 23 -3 23 -2 24 -3 24 -3 23 -2 22 -2 21 -1 21 0 19 0 19 0 18 1 16 1 14 2 0 0 0 0 0 0 0 0 0 0 0 0 0 0 0 0 0 0 0 0 0 0 21 -1 22 2 23 4 23 6 22 8 23 11 23 13 22 14 20 16 21 17 20 17 20 16 19 17 19 17 20 17 19 17 21 16 21 16 23 16 24 16 25 15 26 15 26 14 28 15 28 14 28]
,,,-80,0,0,0,0,0,0,0,0,0,0,-92,0,6,1726018783710,0,0,0,0,1726018783710,124,[-8 20 -8 20 -6 19 -6 18 -5 17 -4 17 -3 16 -2 16 -1 16 1 16 1 15 2 16 2 16 3 16 3 16 3 15 3 16 3 16 2 15 2 14 1 13 0 12 0 12 -1 11 -1 13 10 0 0 0 0 0 0 0 0 0 0 0 0 0 0 0 0 0 0 0 0 0 0 3 14 1 15 0 15 -2 16 -3 15 -5 17 -6 17 -7 17 -9 17 -10 16 -10 16 -10 16 -10 15 -10 15 -10 16 -10 16 -10 17 -9 17 -9 17 -9 18 -9 19 -8 19 -8 19 -9 20 -8 21 -8]
,,,-80,0,0,0,0,0,0,0,0,0,0,-92,0,6,1726018783738,0,0,0,0,1726018783738,124,[28 12 29 12 26 11 28 13 10 27 9 26 8 26 6 24 5 24 4 24 2 24 1 24 0 24 0 23 0 24 0 22 0 22 1 21 2 19 2 18 3 17 3 16 4 14 5 11 5 9 5 0 0 0 0 0 0 0 0 0 0 0 0 0 0 0 0 0 0 0 0 0 0 18 0 19 3 20 4 21 6 21 8 21 13 10 21 13 21 14 20 16 20 17 20 18 19 17 20 18 20 17 20 17 20 16 21 16 22 15 24 16 24 15 25 15 26 14 26 14 28 13 29 13]
,,,-80,0,0,0,0,0,0,0,0,0,0,-92,0,6,1726018783750,0,0,0,0,1726018783750,124,[11 20 12 20 11 19 12 19 12 18 11 17 12 16 12 15 12 14 13 14 13 12 13 12 13 12 13 12 13 12 12 12 12 12 13 10 12 9 12 8 11 7 13 10 6 13 10 5 13 10 3 9 2 8 0 0 0 0 0 0 0 0 0 0 0 0 0 0 0 0 0 0 0 0 0 0 11 9 13 10 13 10 13 10 11 13 10 13 9 14 9 16 8 17 7 18 6 19 6 19 5 20 5 20 5 19 5 20 5 20 5 20 5 20 6 20 7 20 8 20 9 20 9 20]
,,,-80,0,0,0,0,0,0,0,0,0,0,-92,0,6,1726018783777,0,0,0,0,1726018783777,124,[-18 -17 -18 -16 -18 -16 -17 -14 -17 -14 -16 -13 -16 -12 -16 -11 -16 -11 -16 -10 -16 -9 -16 -8 -16 -7 -16 -8 -15 -7 -15 -7 -14 -7 -13 -7 -12 -7 -12 -7 -11 -6 -11 -6 -9 -6 -8 -6 -7 -6 0 0 0 0 0 0 0 0 0 0 0 0 0 0 0 0 0 0 0 0 0 0 -15 -8 -15 -9 -16 -11 -15 -12 -16 -13 -15 -15 -15 -16 -14 -18 -13 -19 -13 -20 -12 -20 -12 -20 -12 -20 -11 -20 -11 -20 -13 -20 -12 -18 -13 -19 -14 -18 -14 -19 -15 -18 -16 -17 -16 -18 -17 -18 -18 -18 -17 -18]
,,,-80,0,0,0,0,0,0,0,0,0,0,-92,0,6,1726018783797,0,0,0,0,1726018783797,124,[13 10 -19 9 -18 9 -18 8 -17 8 -16 7 -16 6 -15 5 -15 4 -15 2 -15 2 -15 1 -15 1 -15 1 -15 1 -14 1 -14 1 -13 1 -13 2 -12 1 -12 2 -11 2 -10 2 -9 1 -8 2 -8 0 0 0 0 0 0 0 0 0 0 0 0 0 0 0 0 0 0 0 0 0 0 2 -16 3 -16 5 -16 6 -16 8 -17 9 -16 13 10 -16 12 -16 13 -15 14 -15 13 -15 13 -15 13 -14 13 -15 13 -14 13 -15 12 -14 12 -15 12 -15 12 -15 11 -17 11 -17 11 -18 13 10 -18 13]
,,,-80,0,0,0,0,0,0,0,0,0,0,-92,0,6,1726018783812,0,0,0,0,1726018783812,124,[12 -16 12 -15 11 -15 11 -15 13 10 -14 9 -14 7 -14 6 -13 5 -14 4 -14 4 -14 4 -13 3 -14 2 -14 2 -14 2 -13 2 -13 2 -13 2 -12 2 -11 3 -10 3 -9 3 -8 2 -8 2 -7 0 0 0 0 0 0 0 0 0 0 0 0 0 0 0 0 0 0 0 0 0 0 5 -15 7 -15 9 -15 13 10 -16 11 -15 13 -15 14 -14 15 -14 16 -13 16 -12 16 -13 17 -12 16 -11 16 -12 16 -11 15 -12 15 -13 14 -12 14 -13 14 -13 13 -15 14 -15 13 -16 14 -16 14 -16]
,,,-80,0,0,0,0,0,0,0,0,0,0,-92,0,6,1726018783829,0,0,0,0,1726018783829,124,[-21 4 -20 4 -19 4 -18 4 -17 4 -16 5 -15 5 -14 6 -13 6 -12 7 -12 7 -12 7 -11 8 -10 8 -10 8 -11 8 -10 8 -10 7 -9 6 -9 6 -9 4 -9 3 -8 3 -7 3 -6 2 0 0 0 0 0 0 0 0 0 0 0 0 0 0 0 0 0 0 0 0 0 0 -16 8 -17 7 -18 6 -19 5 -20 4 -21 3 -22 2 -22 1 -22 0 -23 -2 -23 -1 -23 -2 -22 -2 -22 -2 -22 -2 -22 -1 -22 -1 -21 0 -22 0 -22 1 -22 1 -22 3 -22 2 -23 3 -22 4 -22 4]
,,,-80,0,0,0,0,0,0,0,0,0,0,-92,0,6,1726018783849,0,0,0,0,1726018783849,124,[21 8 21 7 19 7 20 6 19 5 18 4 17 3 16 2 15 1 15 0 15 -1 15 -2 15 -2 14 -1 14 -1 14 -2 13 -1 13 -1 12 0 11 0 13 10 0 9 1 8 1 6 1 5 1 0 0 0 0 0 0 0 0 0 0 0 0 0 0 0 0 0 0 0 0 0 0 19 1 21 2 20 4 21 5 21 7 22 9 22 13 10 22 11 21 12 21 13 20 14 20 14 20 13 20 13 20 13 20 12 20 12 20 12 21 11 21 13 10 22 9 22 9 22 9 23 9 23]
,,,-80,0,0,0,0,0,0,0,0,0,0,-92,0,6,1726018783875,0,0,0,0,1726018783875,124,[6 -19 6 -19 6 -19 5 -18 4 -16 3 -16 3 -15 1 -15 0 -15 -1 -15 0 -14 -1 -13 -2 -13 -2 -13 -2 -13 -1 -12 -1 -13 -1 -12 -1 -11 -1 -10 0 -8 0 -8 0 -7 0 -7 0 -6 0 0 0 0 0 0 0 0 0 0 0 0 0 0 0 0 0 0 0 0 0 0 2 -20 4 -21 5 -21 7 -21 8 -21 13 10 -21 11 -20 12 -20 13 -19 13 -19 14 -19 13 -18 13 -18 13 -17 12 -17 12 -18 11 -18 13 10 -18 13 10 -19 9 -19 9 -20 9 -20 8 -20 9 -21 8]
,,,-80,0,0,0,0,0,0,0,0,0,0,-92,0,6,1726018783907,0,0,0,0,1726018783907,124,[-11 -15 -11 -15 -10 -14 -10 -14 -11 -12 -11 -11 -11 -10 -11 -9 -11 -8 -11 -8 -11 -7 -11 -7 -12 -6 -11 -6 -11 -7 -11 -6 -10 -7 -10 -7 -9 -7 -8 -6 -7 -6 -6 -6 -5 -5 -3 -5 -3 -5 0 0 0 0 0 0 0 0 0 0 0 0 0 0 0 0 0 0 0 0 0 0 -13 -16 -12 -18 -12 -18 -11 -19 -10 -20 -9 -22 -8 -21 -7 -22 -6 -21 -5 -22 -5 -22 -5 -22 -5 -21 -5 -20 -6 -20 -6 -20 -7 -20 -7 -19 -8 -19 -9 -18 -9 -18 -9 -18 -10 -17 -10 -18 -11 -17 -11 -17]
,,,-80,0,0,0,0,0,0,0,0,0,0,-92,0,6,1726018783928,0,0,0,0,1726018783928,124,[-23 -6 -24 -5 -21 -4 -22 -4 -21 -3 -20 -3 -19 -2 -18 -1 -17 0 -18 1 -18 2 -17 2 -18 3 -16 3 -17 3 -16 3 -16 2 -15 1 -14 0 -13 0 -13 -1 -12 -1 -11 -2 -9 -2 -8 -3 0 0 0 0 0 0 0 0 0 0 0 0 0 0 0 0 0 0 0 0 0 0 -21 -1 -23 -3 -22 -4 -23 -6 -23 -7 -24 -9 -23 -10 -22 -11 -22 -12 -22 -12 -22 -12 -21 -12 -21 -12 -21 -12 -21 -12 -21 -11 -22 -10 -21 -10 -23 -10 -22 -8 -23 -8 -23 -7 -23 -7 -25 -6 -25 -6 -25 -6]
,,,-80,0,0,0,0,0,0,0,0,0,0,-92,0,6,1726018783939,0,0,0,0,1726018783939,124,[24 3 23 3 22 3 21 1 21 1 20 0 19 0 17 -1 17 -3 17 -3 17 -3 16 -4 17 -4 16 -4 16 -5 16 -3 15 -3 14 -3 14 -2 13 -1 12 0 11 0 13 10 1 8 1 7 1 0 0 0 0 0 0 0 0 0 0 0 0 0 0 0 0 0 0 0 0 0 0 20 -3 21 -1 22 1 22 2 23 3 23 5 23 6 23 7 22 9 22 9 20 9 20 8 21 9 21 9 22 8 21 7 21 7 21 8 23 5 23 5 24 5 22 5 23 6 25 4 26 4 25]
,,,-80,0,0,0,0,0,0,0,0,0,0,-92,0,6,1726018783958,0,0,0,0,1726018783958,124,[-22 8 -22 8 -20 9 -20 9 -19 9 -18 9 -17 9 -16 13 10 -14 13 10 -14 12 -14 11 -13 12 -13 12 -12 12 -11 13 -12 13 -12 12 -12 11 -12 13 10 -11 9 -12 8 -11 6 -11 6 -9 5 -9 4 0 0 0 0 0 0 0 0 0 0 0 0 0 0 0 0 0 0 0 0 0 0 -17 13 10 -18 9 -20 8 -21 7 -21 6 -23 4 -24 3 -24 2 -24 0 -24 -1 -24 0 -23 -1 -23 -1 -23 -1 -23 -1 -22 0 -22 1 -22 1 -23 2 -22 3 -22 4 -22 4 -22 5 -23 7]
,,,-80,0,0,0,0,0,0,0,0,0,0,-92,0,6,1726018783982,0,0,0,0,1726018783982,124,[24 -5 24 -4 22 -5 22 -5 22 -5 20 -6 19 -7 18 -7 17 -9 17 -10 17 -10 16 -10 16 -10 16 -10 16 -11 17 -10 16 -10 16 -9 15 -8 15 -7 14 -6 14 -5 13 -4 11 -3 13 10 -2 0 0 0 0 0 0 0 0 0 0 0 0 0 0 0 0 0 0 0 0 0 0 15 -8 17 -7 17 -5 18 -4 19 -4 20 -3 21 -1 21 0 21 1 21 1 21 2 21 2 21 2 21 2 21 2 21 2 21 1 21 1 22 0 22 -1 22 -1 22 -2 22 -2 24 -4 24 -4 25]
,,,-80,0,0,0,0,0,0,0,0,0,0,-92,0,6,1726018783994,0,0,0,0,1726018783994,124,[-12 -19 -13 -19 -12 -18 -12 -18 -13 -16 -13 -15 -13 -14 -13 -14 -13 -13 -14 -13 -14 -12 -14 -12 -15 -11 -14 -11 -15 -12 -14 -11 -14 -12 -13 -12 -12 -12 -11 -12 -10 -11 -9 -10 -8 -11 -7 -11 -5 -10 0 0 0 0 0 0 0 0 0 0 0 0 0 0 0 0 0 0 0 0 0 0 -12 -9 -12 -11 -11 -12 -11 -13 -10 -14 -10 -16 -9 -17 -9 -17 -7 -18 -7 -18 -7 -19 -7 -18 -7 -18 -7 -18 -7 -18 -7 -18 -8 -18 -8 -18 -9 -19 -10 -18 -10 -18 -10 -18 -11 -19 -12 -19 -12 -19 -13 -20]
,,,-80,0,0,0,0,0,0,0,0,0,0,-92,0,6,1726018784013,0,0,0,0,1726018784013,124,[-20 -14 -21 -13 -21 -13 -19 -12 -19 -11 -20 -9 -19 -9 -19 -7 -20 -6 -20 -6 -19 -6 -18 -5 -19 -4 -20 -4 -20 -4 -19 -4 -19 -5 -19 -5 -18 -5 -17 -6 -15 -6 -14 -7 -13 -7 -12 -8 -10 -8 0 0 0 0 0 0 0 0 0 0 0 0 0 0 0 0 0 0 0 0 0 0 -16 -6 -16 -7 -16 -8 -16 -10 -16 -11 -16 -13 -16 -14 -16 -15 -15 -16 -14 -17 -14 -18 -14 -18 -14 -17 -13 -17 -13 -17 -15 -17 -15 -16 -16 -17 -16 -16 -17 -15 -17 -15 -17 -14 -19 -15 -19 -15 -20 -15 -21 -14]
,,,-80,0,0,0,0,0,0,0,0,0,0,-92,0,6,1726018784031,0,0,0,0,1726018784031,124,[3 21 3 22 3 20 3 20 4 19 4 18 5 17 5 17 6 16 6 16 7 15 7 15 7 15 7 15 7 15 7 14 7 15 6 14 5 14 4 13 3 12 3 11 2 11 1 11 -1 13 10 0 0 0 0 0 0 0 0 0 0 0 0 0 0 0 0 0 0 0 0 0 0 5 13 4 14 4 14 3 16 2 16 0 18 -1 18 -2 19 -3 19 -2 18 -3 19 -3 19 -3 19 -3 19 -3 19 -3 18 -3 19 -2 19 -1 20 -1 20 0 20 0 20 1 20 2 21 3 21 3]
,,,-80,0,0,0,0,0,0,0,0,0,0,-92,0,6,1726018784054,0,0,0,0,1726018784054,124,[21 21 22 21 21 21 21 19 21 17 21 17 21 15 21 14 21 13 22 13 21 12 22 11 22 13 10 22 11 21 11 21 11 20 12 19 11 17 12 16 12 15 11 13 11 12 12 9 11 7 11 0 0 0 0 0 0 0 0 0 0 0 0 0 0 0 0 0 0 0 0 0 0 18 12 18 14 18 14 18 17 18 18 16 21 16 23 15 24 14 25 13 26 12 26 12 26 11 26 12 25 12 24 13 25 13 24 14 24 15 24 16 23 17 23 18 22 18 23 19 22 20 23 21]
,,,-80,0,0,0,0,0,0,0,0,0,0,-92,0,6,1726018784070,0,0,0,0,1726018784070,124,[29 6 30 6 27 5 28 4 28 4 26 2 26 1 24 0 24 -1 24 -2 24 -2 23 -2 24 -3 23 -3 23 -3 23 -2 22 -2 21 -2 20 -1 18 0 17 1 17 2 16 2 13 3 12 3 0 0 0 0 0 0 0 0 0 0 0 0 0 0 0 0 0 0 0 0 0 0 21 -1 22 1 23 2 24 4 24 5 25 8 25 13 10 24 11 24 12 24 13 24 14 23 14 24 14 23 14 23 13 23 12 25 12 24 12 26 11 26 13 10 27 9 27 9 26 8 30 7 29 7]
,,,-80,0,0,0,0,0,0,0,0,0,0,-92,0,6,1726018784089,0,0,0,0,1726018784089,124,[-8 26 -8 26 -7 25 -7 24 -5 23 -5 22 -3 22 -2 21 -1 21 -1 21 -1 20 0 20 1 20 1 20 1 20 1 19 0 19 0 18 0 17 -1 16 -2 14 -3 13 -3 12 -4 12 -4 13 10 0 0 0 0 0 0 0 0 0 0 0 0 0 0 0 0 0 0 0 0 0 0 0 20 -2 22 -3 21 -5 22 -7 22 -9 24 -10 24 -11 24 -12 23 -14 22 -14 23 -14 22 -14 21 -14 21 -14 22 -13 22 -12 23 -12 23 -11 23 -11 24 -10 24 -9 25 -9 25 -9 26 -9 27 -8]
,,,-80,0,0,0,0,0,0,0,0,0,0,-92,0,6,1726018784110,0,0,0,0,1726018784110,124,[-20 -7 -21 -7 -19 -6 -19 -5 -18 -4 -18 -3 -17 -2 -16 -2 -16 -1 -16 0 -16 1 -16 1 -16 1 -15 1 -15 1 -15 1 -14 0 -13 0 -12 -1 -12 -1 -11 -1 -11 -1 -10 -1 -8 -2 -7 -2 0 0 0 0 0 0 0 0 0 0 0 0 0 0 0 0 0 0 0 0 0 0 -18 -2 -19 -4 -19 -5 -20 -6 -20 -7 -20 -10 -20 -10 -20 -12 -19 -12 -19 -13 -19 -13 -19 -13 -18 -13 -18 -13 -18 -12 -18 -13 -18 -12 -18 -11 -20 -11 -20 -10 -20 -9 -20 -9 -20 -9 -22 -8 -22 -8 -22 -8]
,,,-80,0,0,0,0,0,0,0,0,0,0,-92,0,6,1726018784129,0,0,0,0,1726018784129,124,[13 10 -15 13 10 -15 9 -14 9 -15 8 -14 7 -14 6 -14 5 -14 4 -14 3 -15 3 -15 2 -15 3 -15 2 -14 2 -15 3 -14 3 -14 3 -13 3 -12 3 -12 4 -11 5 -9 5 -8 4 -8 5 -7 0 0 0 0 0 0 0 0 0 0 0 0 0 0 0 0 0 0 0 0 0 0 8 -15 9 -15 13 10 -14 12 -15 13 -14 15 -14 15 -13 16 -13 16 -11 16 -11 17 -11 16 -11 16 -10 16 -10 15 -10 14 -11 14 -11 14 -11 14 -13 13 -12 13 -13 13 -14 12 -14 12 -15 12]
,,,-80,0,0,0,0,0,0,0,0,0,0,-92,0,6,1726018784150,0,0,0,0,1726018784150,124,[-9 19 -8 19 -7 18 -7 18 -6 17 -5 18 -3 17 -3 17 -2 17 -1 17 -2 17 -1 16 -1 17 0 17 0 17 -2 17 -1 17 -2 16 -2 15 -3 15 -4 12 -5 11 -6 13 10 -5 13 10 -6 8 0 0 0 0 0 0 0 0 0 0 0 0 0 0 0 0 0 0 0 0 0 0 -7 17 -8 18 -10 17 -11 17 -12 16 -14 17 -15 17 -16 16 -16 15 -17 14 -17 14 -17 14 -16 13 -16 13 -15 13 -14 14 -14 14 -13 14 -12 14 -12 15 -11 16 -10 16 -10 17 -10 18 -10 19]
,,,-80,0,0,0,0,0,0,0,0,0,0,-92,0,6,1726018784170,0,0,0,0,1726018784170,124,[-19 13 10 -18 13 10 -17 13 10 -16 13 10 -15 11 -14 13 10 -13 13 10 -12 11 -11 11 -11 12 -11 12 -11 12 -10 12 -10 13 -10 13 -10 12 -10 12 -10 11 -10 13 10 -10 13 10 -10 8 -10 6 -10 6 -9 5 -9 4 0 0 0 0 0 0 0 0 0 0 0 0 0 0 0 0 0 0 0 0 0 0 -15 13 10 -17 9 -18 9 -19 8 -20 7 -21 6 -21 5 -21 4 -21 4 -21 3 -21 3 -20 3 -20 3 -20 3 -19 3 -20 4 -18 4 -18 5 -18 6 -18 6 -18 7 -18]
,,,-80,0,0,0,0,0,0,0,0,0,0,-92,0,6,1726018784191,0,0,0,0,1726018784191,124,[-21 13 10 -21 13 10 -19 13 10 -20 13 10 -18 13 10 -17 13 10 -16 13 10 -14 13 10 -13 13 10 -13 11 -12 11 -12 11 -12 12 -11 12 -11 13 -12 12 -12 12 -11 11 -11 13 10 -11 9 -11 7 -11 6 -11 5 -10 5 -10 4 0 0 0 0 0 0 0 0 0 0 0 0 0 0 0 0 0 0 0 0 0 0 -19 12 -22 11 -21 13 10 -24 9 -24 8 -26 8 -26 6 -26 5 -25 4 -25 3 -25 3 -24 3 -25 3 -23 3 -24 4 -22 4 -23 5 -22 5 -23 6 -22 7 -22]
,,,-80,0,0,0,0,0,0,0,0,0,0,-92,0,6,1726018784210,0,0,0,0,1726018784210,124,[15 12 15 11 14 11 14 13 10 14 13 10 14 8 13 7 12 7 12 5 13 5 13 4 13 4 14 4 13 4 14 3 13 3 13 4 12 4 11 4 11 4 13 10 4 9 5 9 6 7 6 6 7 0 0 0 0 0 0 0 0 0 0 0 0 0 0 0 0 0 0 0 0 0 0 16 14 15 16 15 16 15 17 14 18 13 20 13 20 12 20 11 20 11 20 13 10 21 13 10 20 11 18 9 19 13 10 17 13 10 17 13 10 17 11 15 11 16 13 15 13 13 13 14]
,,,-80,0,0,0,0,0,0,0,0,0,0,-92,0,6,1726018784232,0,0,0,0,1726018784232,124,[18 -19 18 -21 16 -20 15 -20 14 -20 14 -20 11 -20 13 10 -21 7 -21 6 -22 7 -22 5 -22 6 -23 5 -24 5 -25 5 -24 5 -24 6 -23 7 -21 7 -21 8 -19 9 -17 13 10 -18 13 10 -17 11 -15 0 0 0 0 0 0 0 0 0 0 0 0 0 0 0 0 0 0 0 0 0 0 23 -22 26 -22 27 -20 29 -19 29 -17 32 -17 31 -15 32 -15 32 -12 31 -12 31 -12 30 -12 28 -11 28 -11 27 -10 26 -11 25 -12 23 -13 24 -13 23 -14 22 -16 21 -16 20 -18 20 -18 20]
,,,-80,0,0,0,0,0,0,0,0,0,0,-92,0,6,1726018784250,0,0,0,0,1726018784250,124,[-14 -11 -14 -11 -13 -10 -14 -10 -14 -9 -14 -7 -14 -7 -14 -6 -14 -6 -15 -5 -15 -5 -15 -4 -15 -4 -15 -4 -16 -4 -16 -4 -15 -4 -15 -5 -14 -5 -13 -5 -13 -5 -12 -6 -11 -7 -10 -7 -9 -7 0 0 0 0 0 0 0 0 0 0 0 0 0 0 0 0 0 0 0 0 0 0 -13 -13 -12 -14 -12 -15 -12 -16 -11 -17 -10 -18 -10 -18 -9 -18 -8 -19 -7 -19 -6 -19 -7 -18 -7 -17 -7 -17 -6 -16 -7 -16 -7 -15 -7 -15 -9 -14 -9 -14 -10 -13 -10 -13 -11 -13 -12 -13 -13 -12 -13 -12]
,,,-80,0,0,0,0,0,0,0,0,0,0,-92,0,6,1726018784271,0,0,0,0,1726018784271,124,[-17 11 -17 11 -16 12 -16 11 -15 12 -14 12 -13 12 -12 13 -11 13 -10 14 -11 14 -10 14 -10 15 -9 15 -10 16 -10 15 -10 15 -10 14 -10 13 -11 13 -11 11 -12 13 10 -12 9 -11 8 -11 6 0 0 0 0 0 0 0 0 0 0 0 0 0 0 0 0 0 0 0 0 0 0 -13 11 -15 11 -16 13 10 -17 9 -17 8 -19 8 -19 6 -19 5 -19 5 -20 3 -20 3 -19 3 -19 3 -19 3 -18 3 -18 4 -18 4 -17 5 -17 5 -17 6 -17 6 -17 7 -17 8 -17 9 -17 13]
,,,-80,0,0,0,0,0,0,0,0,0,0,-92,0,6,1726018784289,0,0,0,0,1726018784289,124,[23 1 23 1 22 1 22 -1 22 -2 21 -3 20 -3 19 -4 18 -4 19 -5 19 -6 18 -6 19 -7 19 -8 18 -8 19 -7 18 -7 18 -7 17 -7 17 -5 17 -4 17 -3 16 -1 15 -1 14 0 0 0 0 0 0 0 0 0 0 0 0 0 0 0 0 0 0 0 0 0 0 0 18 -3 19 -2 20 -1 19 1 19 3 20 4 21 4 20 5 20 7 19 7 19 7 18 7 18 7 18 8 18 7 18 6 17 6 18 6 19 4 20 4 20 3 21 3 21 1 22 3 23 1 24 1]
,,,-80,0,0,0,0,0,0,0,0,0,0,-92,0,6,1726018784310,0,0,0,0,1726018784310,124,[6 -19 6 -19 6 -19 6 -19 5 -18 4 -18 4 -17 2 -17 1 -18 0 -18 0 -17 -1 -17 -1 -17 -1 -18 -2 -18 -1 -18 -1 -18 -1 -17 0 -17 0 -17 1 -15 2 -15 2 -14 3 -14 4 -13 0 0 0 0 0 0 0 0 0 0 0 0 0 0 0 0 0 0 0 0 0 0 0 -16 1 -16 2 -16 3 -16 5 -16 6 -16 7 -16 8 -16 9 -15 9 -15 9 -15 9 -14 9 -14 9 -14 9 -14 9 -15 8 -14 8 -15 8 -15 8 -16 8 -16 7 -17 7 -18 7 -18 7 -19 7 -19]
,,,-80,0,0,0,0,0,0,0,0,0,0,-92,0,6,1726018784329,0,0,0,0,1726018784329,124,[21 1 21 1 19 1 20 0 19 -1 18 -2 18 -3 17 -3 17 -4 17 -6 17 -6 17 -7 18 -7 17 -7 18 -7 17 -7 17 -7 17 -7 16 -6 16 -5 16 -4 15 -4 15 -3 14 -2 13 -1 0 0 0 0 0 0 0 0 0 0 0 0 0 0 0 0 0 0 0 0 0 0 15 -5 16 -4 16 -3 18 -2 17 -1 18 1 18 2 18 3 18 5 18 5 18 6 17 5 18 6 17 6 17 6 16 5 17 5 17 5 18 4 18 4 19 3 19 3 19 3 20 2 21 2 21 1]
,,,-80,0,0,0,0,0,0,0,0,0,0,-92,0,6,1726018784361,0,0,0,0,1726018784361,124,[28 2 29 2 28 1 28 0 27 -1 27 -2 25 -3 24 -4 24 -6 25 -8 24 -9 24 -10 24 -10 24 -11 24 -12 25 -11 25 -10 24 -10 24 -9 23 -7 23 -6 23 -5 22 -4 20 -3 19 -1 0 0 0 0 0 0 0 0 0 0 0 0 0 0 0 0 0 0 0 0 0 0 21 -4 21 -2 22 -1 23 1 23 2 24 5 24 7 23 8 23 9 23 11 22 11 22 11 22 11 21 11 21 11 21 13 10 22 9 22 8 23 8 24 7 24 7 25 6 25 5 27 4 28 4 28]
,,,-80,0,0,0,0,0,0,0,0,0,0,-92,0,6,1726018784381,0,0,0,0,1726018784381,124,[8 17 8 18 8 17 9 16 9 16 13 10 15 13 10 14 13 10 13 11 12 12 12 12 11 13 11 14 11 14 11 15 11 14 11 14 11 14 11 13 11 13 12 11 11 13 10 11 13 10 12 8 12 7 12 0 0 0 0 0 0 0 0 0 0 0 0 0 0 0 0 0 0 0 0 0 0 13 10 11 9 12 8 12 7 14 6 14 5 16 4 16 4 17 2 17 2 16 1 17 1 17 1 16 1 16 1 16 1 16 2 16 2 16 3 16 4 16 5 16 5 16 5 16]
,,,-80,0,0,0,0,0,0,0,0,0,0,-92,0,6,1726018784393,0,0,0,0,1726018784393,124,[-14 -28 -15 -29 -15 -27 -16 -26 -17 -26 -17 -24 -18 -22 -18 -21 -20 -20 -21 -19 -23 -18 -24 -16 -25 -17 -24 -16 -25 -18 -25 -16 -25 -18 -24 -18 -22 -18 -22 -18 -20 -17 -20 -17 -18 -18 -15 -18 -14 -18 0 0 0 0 0 0 0 0 0 0 0 0 0 0 0 0 0 0 0 0 0 0 -17 -20 -16 -23 -14 -23 -14 -25 -11 -26 -9 -29 -7 -28 -6 -29 -4 -28 -4 -29 -3 -29 -3 -28 -4 -27 -3 -27 -3 -27 -3 -27 -5 -27 -4 -25 -6 -27 -7 -27 -8 -27 -9 -27 -10 -27 -12 -27 -12 -28 -14 -29]
,,,-80,0,0,0,0,0,0,0,0,0,0,-92,0,6,1726018784410,0,0,0,0,1726018784410,124,[28 -2 29 0 27 -2 28 -3 26 -4 25 -5 25 -6 24 -7 23 -8 23 -10 24 -11 24 -12 24 -13 22 -14 24 -14 24 -14 24 -13 24 -13 23 -12 24 -11 23 -10 23 -8 23 -7 21 -6 20 -4 0 0 0 0 0 0 0 0 0 0 0 0 0 0 0 0 0 0 0 0 0 0 25 -8 27 -6 27 -3 29 -1 28 1 29 3 28 5 27 5 26 7 27 8 26 9 24 9 25 9 24 9 24 9 23 8 24 7 23 7 25 6 25 5 25 4 25 3 26 2 28 2 26 1 27 1]
,,,-80,0,0,0,0,0,0,0,0,0,0,-92,0,6,1726018784434,0,0,0,0,1726018784434,124,[-4 19 -4 19 -3 18 -2 18 -1 18 0 17 1 17 2 18 3 17 4 18 4 18 5 18 5 18 6 18 6 19 5 18 5 19 5 18 4 18 4 18 2 16 2 16 0 15 0 15 -1 14 0 0 0 0 0 0 0 0 0 0 0 0 0 0 0 0 0 0 0 0 0 0 0 17 -2 19 -3 17 -4 18 -6 18 -7 19 -8 18 -10 17 -10 17 -11 16 -11 16 -10 15 -10 14 -10 14 -10 14 -10 14 -9 15 -9 15 -8 15 -8 15 -7 15 -6 16 -6 17 -6 18 -5 19 -4 19]
,,,-80,0,0,0,0,0,0,0,0,0,0,-92,0,6,1726018784451,0,0,0,0,1726018784451,124,[5 17 6 18 6 17 7 17 7 16 8 15 8 15 9 14 9 14 11 14 11 13 11 12 12 12 12 13 13 13 12 13 13 14 12 13 11 13 13 10 13 9 12 8 12 7 13 6 12 5 12 0 0 0 0 0 0 0 0 0 0 0 0 0 0 0 0 0 0 0 0 0 0 7 13 6 15 5 14 4 16 3 15 2 18 0 18 -1 18 -2 17 -3 17 -3 17 -3 17 -3 16 -2 16 -2 16 -2 16 -1 16 -1 16 0 16 1 16 1 16 3 16 2 17 3 17 4 18 5]
,,,-80,0,0,0,0,0,0,0,0,0,0,-92,0,6,1726018784476,0,0,0,0,1726018784476,124,[-20 15 -21 16 -18 15 -19 16 -17 16 -16 16 -15 17 -14 16 -12 17 -12 18 -11 18 -11 19 -11 20 -9 19 -10 20 -10 20 -10 19 -11 18 -11 17 -11 17 -12 16 -12 14 -13 14 -11 12 -12 11 0 0 0 0 0 0 0 0 0 0 0 0 0 0 0 0 0 0 0 0 0 0 -10 15 -13 15 -14 14 -16 14 -17 13 -19 12 -20 13 10 -20 9 -20 8 -21 7 -21 7 -20 7 -21 7 -20 7 -20 7 -19 7 -20 8 -20 8 -20 13 10 -20 13 10 -20 11 -20 12 -20 12 -21 14 -21]
,,,-80,0,0,0,0,0,0,0,0,0,0,-92,0,6,1726018784490,0,0,0,0,1726018784490,124,[28 12 30 11 28 13 10 29 8 28 8 28 6 28 4 26 3 27 1 28 0 28 -2 28 -2 29 -3 28 -2 29 -3 29 -3 28 -2 27 -2 27 -1 27 0 26 1 25 3 24 4 21 5 20 6 0 0 0 0 0 0 0 0 0 0 0 0 0 0 0 0 0 0 0 0 0 0 25 2 26 5 26 7 26 9 26 11 25 14 24 15 23 18 22 19 22 19 21 18 21 19 21 18 21 19 21 18 20 17 22 17 22 16 24 16 24 16 25 15 26 15 26 14 29 14 30 13 30]
,,,-80,0,0,0,0,0,0,0,0,0,0,-92,0,6,1726018784515,0,0,0,0,1726018784515,124,[3 16 4 16 4 15 5 15 5 15 5 14 6 13 7 13 8 12 9 13 9 12 9 12 13 10 12 9 12 13 10 13 9 13 13 10 13 9 13 8 13 7 13 6 12 5 12 4 12 3 11 2 11 0 0 0 0 0 0 0 0 0 0 0 0 0 0 0 0 0 0 0 0 0 0 5 12 4 13 3 13 2 14 2 14 0 16 -1 16 -2 16 -3 15 -3 15 -3 16 -3 15 -3 15 -3 14 -3 14 -3 15 -2 15 -2 14 -1 15 -1 15 0 14 0 15 1 15 2 16 2]
,,,-80,0,0,0,0,0,0,0,0,0,0,-92,0,6,1726018784531,0,0,0,0,1726018784531,124,[-17 11 -17 12 -15 12 -15 12 -14 13 -13 13 -12 13 -11 13 -10 14 -10 15 -10 15 -10 15 -10 16 -9 16 -9 16 -10 16 -10 16 -10 15 -10 14 -10 14 -11 12 -11 13 10 -12 13 10 -11 9 -11 7 0 0 0 0 0 0 0 0 0 0 0 0 0 0 0 0 0 0 0 0 0 0 -11 11 -13 13 10 -13 9 -15 9 -16 8 -16 8 -17 7 -17 6 -17 5 -18 4 -18 4 -18 4 -18 4 -17 4 -17 4 -17 4 -17 4 -16 5 -17 6 -16 6 -16 7 -16 8 -16 9 -17 13 10]
,,,-80,0,0,0,0,0,0,0,0,0,0,-92,0,6,1726018784550,0,0,0,0,1726018784550,124,[-19 6 -19 6 -17 6 -17 6 -17 7 -16 7 -15 8 -14 8 -13 9 -13 13 10 -14 13 10 -13 11 -13 11 -12 11 -13 12 -13 11 -13 11 -13 11 -13 9 -13 9 -13 7 -13 6 -13 6 -12 5 -12 4 0 0 0 0 0 0 0 0 0 0 0 0 0 0 0 0 0 0 0 0 0 0 -14 8 -15 7 -16 6 -17 5 -18 4 -19 3 -18 2 -19 1 -19 1 -19 0 -19 0 -19 0 -19 -1 -18 -1 -18 -1 -18 0 -18 0 -17 1 -18 1 -18 2 -18 3 -18 3 -18 4 -19 5 -19 5]
,,,-80,0,0,0,0,0,0,0,0,0,0,-92,0,6,1726018784579,0,0,0,0,1726018784579,124,[11 -18 11 -18 13 10 -17 13 10 -17 9 -16 7 -16 6 -16 4 -17 3 -16 2 -17 2 -17 1 -16 1 -17 1 -18 0 -18 1 -17 1 -18 2 -17 2 -16 3 -16 4 -15 4 -13 4 -13 5 -12 5 -11 0 0 0 0 0 0 0 0 0 0 0 0 0 0 0 0 0 0 0 0 0 0 8 -20 13 10 -19 11 -18 13 -19 14 -18 16 -18 17 -17 17 -16 18 -15 18 -14 18 -15 18 -14 17 -14 17 -14 17 -13 16 -14 16 -14 15 -15 15 -15 15 -15 15 -16 14 -17 13 -18 13 -19 13]
,,,-80,0,0,0,0,0,0,0,0,0,0,-92,0,6,1726018784593,0,0,0,0,1726018784593,124,[8 -19 8 -18 7 -18 7 -17 5 -17 4 -16 3 -16 2 -16 1 -16 -1 -16 0 -15 -1 -16 -2 -16 -2 -16 -2 -16 -1 -16 -2 -16 -1 -15 0 -15 0 -14 1 -13 2 -12 3 -11 3 -10 3 -9 0 0 0 0 0 0 0 0 0 0 0 0 0 0 0 0 0 0 0 0 0 0 7 -19 8 -19 13 10 -18 11 -18 12 -17 14 -17 15 -17 15 -17 16 -16 16 -15 17 -15 16 -14 16 -13 15 -14 15 -13 14 -14 13 -14 13 -15 12 -16 11 -16 11 -17 11 -17 13 10 -18 13 10 -19 13]
,,,-80,0,0,0,0,0,0,0,0,0,0,-92,0,6,1726018784610,0,0,0,0,1726018784610,124,[-16 -10 -16 -10 -15 -10 -15 -9 -14 -8 -14 -8 -13 -7 -14 -6 -13 -5 -14 -5 -14 -3 -14 -3 -14 -3 -13 -3 -14 -3 -13 -3 -12 -4 -12 -4 -11 -5 -11 -5 -10 -5 -9 -5 -8 -5 -6 -5 -5 -5 0 0 0 0 0 0 0 0 0 0 0 0 0 0 0 0 0 0 0 0 0 0 -15 -7 -15 -9 -15 -10 -15 -11 -14 -12 -14 -14 -14 -15 -13 -15 -12 -16 -12 -16 -12 -16 -11 -16 -11 -15 -11 -15 -11 -15 -11 -15 -11 -14 -12 -13 -13 -13 -13 -13 -14 -12 -14 -12 -15 -12 -16 -12 -17 -11 -16 -12]
,,,-80,0,0,0,0,0,0,0,0,0,0,-92,0,6,1726018784629,0,0,0,0,1726018784629,124,[20 -6 20 -6 18 -7 18 -7 17 -7 16 -7 15 -8 13 -8 12 -9 12 -9 12 -9 12 -10 11 -10 13 10 -10 13 10 -10 11 -9 13 10 -9 9 -8 9 -8 9 -7 9 -6 9 -5 8 -4 7 -3 6 -3 0 0 0 0 0 0 0 0 0 0 0 0 0 0 0 0 0 0 0 0 0 0 15 -10 16 -9 17 -8 19 -7 19 -6 20 -5 21 -4 21 -3 22 -2 22 -1 22 -1 21 0 21 0 21 -1 20 -1 20 -1 20 -2 20 -2 21 -3 20 -4 20 -5 21 -5 20 -6 22 -6 22]
,,,-80,0,0,0,0,0,0,0,0,0,0,-92,0,6,1726018784653,0,0,0,0,1726018784653,124,[15 -16 14 -15 13 -15 12 -15 12 -15 11 -15 9 -15 8 -15 6 -15 6 -15 6 -15 5 -15 5 -15 4 -15 4 -16 5 -15 5 -15 5 -14 5 -13 5 -12 6 -10 6 -9 6 -8 5 -8 5 -7 0 0 0 0 0 0 0 0 0 0 0 0 0 0 0 0 0 0 0 0 0 0 9 -16 11 -16 12 -15 14 -15 15 -14 17 -14 17 -13 18 -12 19 -11 19 -10 19 -11 19 -10 19 -10 18 -9 18 -10 17 -11 17 -11 16 -11 17 -13 17 -13 16 -13 16 -14 15 -15 16 -16 16 -16 16 -16]
,,,-80,0,0,0,0,0,0,0,0,0,0,-92,0,6,1726018784673,0,0,0,0,1726018784673,124,[11 16 11 15 11 15 11 14 11 13 11 12 11 11 12 11 13 13 10 13 13 10 13 9 13 8 13 8 13 9 13 8 13 9 12 9 11 9 13 10 9 9 9 8 8 7 8 6 8 4 8 3 7 0 0 0 0 0 0 0 0 0 0 0 0 0 0 0 0 0 0 0 0 0 0 12 11 11 12 11 13 13 10 14 13 10 15 8 17 7 18 6 19 5 19 5 19 5 19 4 19 4 18 4 18 4 17 5 18 5 17 6 17 7 17 8 17 8 17 9 16 9 17 11]
,,,-80,0,0,0,0,0,0,0,0,0,0,-92,0,6,1726018784691,0,0,0,0,1726018784691,124,[23 -1 23 -1 22 -2 21 -2 21 -2 20 -4 19 -4 18 -5 18 -6 18 -7 17 -7 17 -7 17 -7 16 -7 16 -7 17 -7 16 -6 15 -5 15 -5 14 -4 14 -3 13 -2 12 -1 13 10 -1 9 0 0 0 0 0 0 0 0 0 0 0 0 0 0 0 0 0 0 0 0 0 0 0 16 -6 17 -4 19 -3 19 -2 21 -1 21 1 22 3 21 4 21 5 21 6 21 6 21 6 21 7 20 7 20 6 20 6 19 5 20 4 21 3 21 3 22 2 23 1 23 1 24 0 24 0 24]
,,,-80,0,0,0,0,0,0,0,0,0,0,-92,0,6,1726018784709,0,0,0,0,1726018784709,124,[16 -13 16 -12 15 -12 14 -12 13 -12 12 -12 11 -12 13 10 -13 9 -13 8 -14 8 -13 7 -13 8 -13 7 -14 7 -14 7 -13 7 -13 7 -12 7 -12 7 -11 7 -9 7 -8 7 -8 6 -7 7 -6 0 0 0 0 0 0 0 0 0 0 0 0 0 0 0 0 0 0 0 0 0 0 8 -13 13 10 -13 11 -12 13 -12 14 -11 15 -11 16 -10 17 -9 17 -8 18 -8 18 -8 18 -7 18 -7 17 -7 17 -7 17 -8 17 -8 17 -9 17 -9 17 -10 17 -11 18 -11 17 -12 18 -12 18 -13]
,,,-80,0,0,0,0,0,0,0,0,0,0,-92,0,6,1726018784735,0,0,0,0,1726018784735,124,[9 19 9 19 9 18 9 17 9 16 13 10 15 13 10 14 11 13 11 12 12 12 12 11 12 11 13 13 10 13 11 13 11 13 11 12 11 11 11 11 11 13 10 11 9 13 10 8 13 10 7 13 10 5 13 10 4 13 10 0 0 0 0 0 0 0 0 0 0 0 0 0 0 0 0 0 0 0 0 0 0 11 12 13 10 13 13 10 13 9 15 8 16 7 18 6 18 6 19 5 19 4 19 3 20 4 20 4 19 3 19 3 19 4 20 4 19 5 19 6 19 6 19 7]
,,,-80,0,0,0,0,0,0,0,0,0,0,-92,0,6,1726018784749,0,0,0,0,1726018784749,124,[-13 -18 -13 -18 -12 -17 -13 -16 -12 -15 -13 -14 -13 -13 -13 -12 -14 -11 -15 -11 -15 -10 -14 -10 -16 -10 -15 -10 -15 -9 -15 -9 -15 -11 -13 -10 -12 -11 -12 -10 -11 -10 -10 -10 -9 -10 -7 -10 -6 -10 0 0 0 0 0 0 0 0 0 0 0 0 0 0 0 0 0 0 0 0 0 0 -13 -11 -12 -13 -12 -13 -12 -15 -10 -15 -10 -18 -9 -18 -8 -19 -7 -19 -7 -19 -7 -20 -6 -20 -6 -19 -6 -19 -7 -19 -7 -19 -7 -19 -8 -18 -9 -19 -10 -19 -10 -18 -11 -19 -11 -19 -12 -19 -12 -19 -13 -20]
,,,-80,0,0,0,0,0,0,0,0,0,0,-92,0,6,1726018784775,0,0,0,0,1726018784775,124,[-20 -4 -20 -4 -18 -3 -19 -3 -18 -2 -17 -2 -17 -1 -16 0 -15 1 -16 1 -16 2 -15 2 -16 2 -15 3 -15 3 -15 2 -14 2 -13 2 -13 1 -12 1 -12 0 -11 -1 -11 -1 -9 -1 -9 -2 0 0 0 0 0 0 0 0 0 0 0 0 0 0 0 0 0 0 0 0 0 0 -15 2 -16 1 -16 -1 -18 -2 -17 -3 -18 -5 -18 -6 -17 -7 -17 -8 -17 -8 -17 -9 -16 -8 -16 -9 -16 -8 -16 -9 -16 -8 -17 -7 -16 -7 -18 -7 -18 -6 -18 -5 -19 -5 -19 -5 -21 -4 -21 -4 -20 -4]
,,,-80,0,0,0,0,0,0,0,0,0,0,-92,0,6,1726018784789,0,0,0,0,1726018784789,124,[-20 28 -19 29 -18 28 -17 28 -15 27 -14 26 -11 25 -10 26 -8 26 -7 26 -6 25 -5 26 -5 26 -4 26 -3 26 -4 24 -3 25 -3 23 -4 22 -5 21 -6 19 -6 16 -6 15 -6 16 -7 13 0 0 0 0 0 0 0 0 0 0 0 0 0 0 0 0 0 0 0 0 0 0 -6 26 -10 27 -12 25 -14 26 -17 25 -20 26 -22 25 -24 24 -25 23 -25 21 -27 22 -26 21 -25 20 -25 19 -25 20 -24 21 -24 22 -23 22 -22 23 -23 24 -21 25 -22 26 -20 28 -21 28 -21 30 -20 31]
,,,-80,0,0,0,0,0,0,0,0,0,0,-92,0,6,1726018784813,0,0,0,0,1726018784813,124,[-15 -31 -15 -31 -15 -30 -15 -28 -15 -27 -16 -25 -16 -23 -17 -21 -18 -20 -19 -19 -19 -17 -19 -16 -20 -15 -20 -16 -20 -15 -21 -14 -19 -14 -18 -14 -17 -14 -16 -14 -15 -12 -15 -13 -14 -12 -12 -12 -10 -12 0 0 0 0 0 0 0 0 0 0 0 0 0 0 0 0 0 0 0 0 0 0 -20 -18 -19 -22 -18 -23 -17 -25 -16 -27 -13 -30 -11 -32 -9 -33 -7 -33 -6 -33 -5 -34 -5 -33 -5 -32 -5 -32 -5 -31 -6 -32 -7 -31 -7 -32 -8 -33 -10 -32 -10 -32 -11 -32 -12 -32 -13 -33 -14 -32 -15 -34]
,,,-80,0,0,0,0,0,0,0,0,0,0,-92,0,6,1726018784831,0,0,0,0,1726018784831,124,[-21 13 10 -21 11 -20 11 -20 11 -19 11 -17 11 -16 11 -15 11 -13 12 -12 13 -12 14 -11 14 -12 14 -10 14 -10 14 -11 14 -10 14 -11 12 -10 11 -10 11 -10 13 10 -10 9 -9 9 -9 8 -9 6 0 0 0 0 0 0 0 0 0 0 0 0 0 0 0 0 0 0 0 0 0 0 -11 13 -13 13 -15 11 -16 11 -17 13 10 -19 9 -20 7 -21 6 -21 5 -21 5 -22 5 -22 4 -22 4 -21 4 -22 4 -21 4 -21 5 -20 5 -22 6 -22 6 -22 7 -22 8 -21 9 -22 13 10]
,,,-80,0,0,0,0,0,0,0,0,0,0,-92,0,6,1726018784855,0,0,0,0,1726018784855,124,[-9 22 -9 23 -8 22 -8 22 -8 20 -7 19 -5 19 -5 19 -3 18 -2 19 -1 18 -1 18 -1 18 0 18 0 18 -1 17 -1 17 -1 17 -2 15 -2 15 -3 13 -3 12 -4 11 -4 11 -5 9 0 0 0 0 0 0 0 0 0 0 0 0 0 0 0 0 0 0 0 0 0 0 1 16 -1 17 -2 16 -4 17 -5 17 -7 18 -9 18 -9 18 -11 17 -11 17 -12 17 -11 17 -12 17 -11 16 -12 16 -11 16 -11 18 -11 17 -10 18 -10 19 -10 19 -10 20 -9 21 -9 22 -9 22 -9 23]
,,,-80,0,0,0,0,0,0,0,0,0,0,-92,0,6,1726018784869,0,0,0,0,1726018784869,124,[33 -12 32 -11 32 -12 30 -12 29 -12 27 -14 26 -14 23 -14 23 -15 22 -16 21 -16 20 -16 20 -17 19 -18 19 -18 21 -17 19 -17 18 -15 17 -14 17 -13 17 -12 17 -9 17 -8 15 -8 14 -6 0 0 0 0 0 0 0 0 0 0 0 0 0 0 0 0 0 0 0 0 0 0 17 -17 19 -15 22 -14 22 -12 25 -11 25 -9 28 -8 27 -6 28 -6 29 -3 29 -2 28 -3 28 -2 27 -2 27 -2 28 -5 27 -5 28 -5 30 -6 30 -8 31 -9 31 -10 32 -9 34 -10 33 -11 32 -11]
,,,-80,0,0,0,0,0,0,0,0,0,0,-92,0,6,1726018784889,0,0,0,0,1726018784889,124,[15 -21 15 -22 14 -21 14 -21 13 -20 12 -20 13 10 -19 9 -20 7 -20 6 -20 5 -20 4 -20 4 -20 3 -20 3 -21 3 -19 3 -20 3 -19 3 -18 4 -17 4 -15 4 -15 5 -14 5 -13 6 -12 0 0 0 0 0 0 0 0 0 0 0 0 0 0 0 0 0 0 0 0 0 0 5 -20 7 -20 9 -19 11 -19 12 -18 14 -18 15 -17 16 -16 16 -15 17 -15 17 -15 16 -15 16 -14 16 -14 17 -14 16 -15 16 -16 15 -16 16 -17 16 -17 16 -19 16 -19 15 -20 15 -21 16 -22 16]
,,,-80,0,0,0,0,0,0,0,0,0,0,-92,0,6,1726018784917,0,0,0,0,1726018784917,124,[12 -20 12 -20 11 -19 13 10 -19 13 10 -18 9 -18 8 -18 6 -18 5 -17 3 -19 3 -18 2 -17 2 -18 1 -18 0 -18 1 -17 1 -18 1 -17 1 -16 2 -16 3 -15 3 -14 3 -14 3 -13 4 -12 0 0 0 0 0 0 0 0 0 0 0 0 0 0 0 0 0 0 0 0 0 0 4 -19 6 -19 7 -18 9 -18 13 10 -18 12 -18 13 -16 13 -16 14 -15 14 -14 14 -15 14 -15 14 -13 14 -14 14 -14 13 -15 13 -15 12 -15 13 -16 13 -17 13 -17 13 -18 12 -18 13 -19 12]
,,,-80,0,0,0,0,0,0,0,0,0,0,-92,0,6,1726018784930,0,0,0,0,1726018784930,124,[-21 9 -21 9 -20 9 -19 9 -19 9 -18 13 10 -16 13 10 -15 13 10 -14 11 -14 12 -13 12 -13 12 -12 13 -12 13 -11 13 -12 13 -11 13 -11 12 -11 11 -11 11 -12 13 10 -11 9 -12 8 -11 8 -11 6 0 0 0 0 0 0 0 0 0 0 0 0 0 0 0 0 0 0 0 0 0 0 -14 12 -16 11 -17 13 10 -18 9 -19 8 -20 6 -20 5 -20 4 -20 3 -20 2 -20 3 -20 2 -20 2 -19 2 -19 3 -19 4 -19 4 -19 5 -20 5 -20 6 -20 6 -20 7 -20 8 -22]
,,,-80,0,0,0,0,0,0,0,0,0,0,-92,0,6,1726018784949,0,0,0,0,1726018784949,124,[-24 9 -23 9 -22 9 -22 13 10 -21 13 10 -20 11 -19 13 10 -17 11 -16 12 -15 13 -15 13 -14 13 -14 13 -13 14 -12 14 -13 14 -13 13 -13 13 -12 12 -12 12 -12 13 10 -12 9 -12 8 -11 8 -11 6 0 0 0 0 0 0 0 0 0 0 0 0 0 0 0 0 0 0 0 0 0 0 -17 12 -18 11 -20 13 10 -20 9 -22 8 -22 6 -23 5 -23 4 -23 3 -24 2 -24 1 -23 1 -23 0 -22 1 -22 1 -23 2 -22 3 -23 3 -23 4 -22 5 -23 6 -23 7 -23 7 -24]
,,,-80,0,0,0,0,0,0,0,0,0,0,-92,0,6,1726018784969,0,0,0,0,1726018784969,124,[-8 18 -8 18 -6 18 -7 17 -5 17 -5 17 -4 16 -3 16 -2 16 -1 16 -1 15 -1 15 0 16 0 16 0 16 0 15 0 15 0 14 -1 14 -1 13 -2 12 -2 11 -3 11 -3 13 10 -4 9 0 0 0 0 0 0 0 0 0 0 0 0 0 0 0 0 0 0 0 0 0 0 -2 15 -4 16 -6 16 -7 15 -8 15 -9 15 -10 15 -11 15 -11 14 -12 14 -12 14 -12 13 -13 13 -12 13 -12 12 -11 13 -11 14 -11 14 -10 14 -10 15 -9 16 -10 16 -9 17 -9 17 -9 18 -8]
,,,-80,0,0,0,0,0,0,0,0,0,0,-92,0,6,1726018784994,0,0,0,0,1726018784994,124,[30 6 31 6 28 5 29 4 28 4 27 2 26 1 24 -1 24 -2 24 -4 24 -5 24 -5 24 -6 22 -6 23 -6 23 -6 23 -6 22 -6 20 -4 20 -4 19 -3 19 -2 19 -1 16 0 15 1 0 0 0 0 0 0 0 0 0 0 0 0 0 0 0 0 0 0 0 0 0 0 28 -1 30 2 30 4 31 6 30 8 31 11 30 13 29 14 28 15 27 16 28 16 27 16 26 16 25 16 26 15 24 14 26 13 26 13 28 12 28 12 28 11 28 13 10 29 9 31 9 30 9 31]
,,,-80,0,0,0,0,0,0,0,0,0,0,-92,0,6,1726018785014,0,0,0,0,1726018785014,124,[-22 7 -21 7 -20 7 -20 8 -18 7 -17 8 -17 8 -15 9 -14 9 -14 13 10 -14 11 -13 11 -13 11 -12 11 -12 12 -13 12 -12 11 -12 11 -12 13 10 -11 13 10 -12 8 -12 7 -12 6 -11 6 -11 4 0 0 0 0 0 0 0 0 0 0 0 0 0 0 0 0 0 0 0 0 0 0 -19 11 -21 9 -22 8 -23 7 -23 6 -25 5 -24 3 -25 3 -24 1 -25 1 -24 0 -24 0 -23 0 -23 0 -23 0 -22 1 -22 1 -22 2 -23 2 -22 3 -22 4 -23 5 -22 5 -23 5 -23]
,,,-80,0,0,0,0,0,0,0,0,0,0,-92,0,6,1726018785029,0,0,0,0,1726018785029,124,[2 18 2 18 3 17 3 16 3 15 4 15 4 14 5 14 6 13 6 12 7 12 7 11 7 11 7 11 8 11 7 11 7 12 7 11 6 11 5 11 4 13 10 4 9 3 9 2 9 1 9 0 0 0 0 0 0 0 0 0 0 0 0 0 0 0 0 0 0 0 0 0 0 5 18 4 19 2 19 1 20 0 19 -1 21 -3 21 -3 21 -5 21 -4 20 -4 20 -4 19 -4 19 -4 18 -4 18 -4 18 -2 18 -2 18 -1 18 -1 18 0 18 0 19 1 19 1 19 2 20 2]
,,,-80,0,0,0,0,0,0,0,0,0,0,-92,0,6,1726018785049,0,0,0,0,1726018785049,124,[-7 -17 -6 -17 -7 -16 -7 -16 -7 -15 -8 -14 -7 -13 -8 -12 -8 -12 -9 -12 -9 -11 -9 -10 -10 -10 -10 -10 -10 -10 -9 -10 -9 -10 -9 -10 -8 -9 -7 -9 -7 -9 -6 -8 -5 -9 -4 -9 -3 -9 0 0 0 0 0 0 0 0 0 0 0 0 0 0 0 0 0 0 0 0 0 0 -8 -18 -7 -19 -6 -19 -4 -20 -3 -20 -3 -22 -2 -21 -1 -21 0 -21 0 -20 1 -21 1 -20 1 -20 1 -19 0 -19 -1 -19 -2 -19 -2 -18 -3 -19 -4 -19 -5 -18 -5 -18 -5 -19 -5 -19 -5 -19 -6 -19]
,,,-80,0,0,0,0,0,0,0,0,0,0,-92,0,6,1726018785069,0,0,0,0,1726018785069,124,[12 -14 11 -14 13 10 -14 13 10 -13 9 -13 8 -13 8 -12 6 -13 5 -13 4 -13 4 -13 4 -13 4 -13 3 -12 3 -13 3 -12 3 -12 3 -11 3 -10 3 -10 4 -9 4 -8 4 -8 4 -7 4 -6 0 0 0 0 0 0 0 0 0 0 0 0 0 0 0 0 0 0 0 0 0 0 13 10 -15 11 -15 13 -14 14 -13 15 -13 16 -13 17 -11 17 -11 17 -10 17 -10 17 -10 16 -10 16 -9 16 -9 16 -9 15 -10 15 -10 14 -10 14 -11 15 -12 14 -12 14 -13 13 -13 14 -14 13]
,,,-80,0,0,0,0,0,0,0,0,0,0,-92,0,6,1726018785090,0,0,0,0,1726018785090,124,[2 17 3 17 3 17 3 16 3 15 4 14 4 13 5 13 5 12 7 11 6 13 10 6 13 10 7 13 10 7 13 10 7 13 10 7 9 7 13 10 6 13 10 5 13 10 4 9 4 8 3 8 3 8 1 8 0 7 0 0 0 0 0 0 0 0 0 0 0 0 0 0 0 0 0 0 0 0 0 0 6 15 4 17 3 17 2 18 1 18 0 19 -1 20 -2 20 -3 20 -3 19 -4 20 -4 19 -3 19 -3 18 -3 18 -3 18 -3 18 -2 18 -2 19 -1 18 -1 18 0 18]
,,,-80,0,0,0,0,0,0,0,0,0,0,-92,0,6,1726018785110,0,0,0,0,1726018785110,124,[-32 -6 -32 -6 -30 -5 -30 -4 -29 -3 -28 -1 -26 0 -24 1 -23 2 -23 5 -24 5 -23 7 -24 7 -22 7 -22 8 -24 7 -22 7 -21 5 -20 4 -19 3 -19 1 -18 1 -17 0 -14 -1 -13 -2 0 0 0 0 0 0 0 0 0 0 0 0 0 0 0 0 0 0 0 0 0 0 -27 1 -28 -1 -29 -3 -30 -4 -31 -7 -31 -9 -31 -11 -31 -13 -30 -14 -31 -16 -31 -16 -30 -15 -31 -16 -30 -16 -30 -15 -29 -15 -30 -14 -30 -14 -31 -13 -31 -13 -32 -12 -32 -11 -31 -10 -34 -9 -34 -8 -34 -8]
,,,-80,0,0,0,0,0,0,0,0,0,0,-92,0,6,1726018785130,0,0,0,0,1726018785130,124,[3 -21 2 -20 2 -20 2 -19 2 -19 1 -18 1 -18 -1 -17 -1 -17 -2 -17 -2 -16 -3 -15 -3 -15 -3 -16 -4 -16 -3 -15 -3 -15 -2 -15 -1 -14 -1 -13 0 -12 0 -11 0 -10 1 -10 1 -9 0 0 0 0 0 0 0 0 0 0 0 0 0 0 0 0 0 0 0 0 0 0 -3 -15 -2 -16 -1 -16 0 -16 1 -17 2 -18 3 -18 4 -18 5 -18 6 -18 6 -18 6 -18 6 -18 6 -18 6 -17 6 -18 6 -18 5 -19 5 -19 5 -19 4 -20 4 -20 4 -21 4 -21 3 -21 3 -22]
,,,-80,0,0,0,0,0,0,0,0,0,0,-92,0,6,1726018785152,0,0,0,0,1726018785152,124,[32 -9 33 -9 31 -10 31 -10 29 -10 29 -11 27 -11 25 -12 23 -13 23 -14 23 -14 21 -14 21 -14 20 -15 19 -15 21 -15 19 -14 18 -13 17 -12 17 -11 17 -10 17 -8 16 -7 14 -7 14 -5 0 0 0 0 0 0 0 0 0 0 0 0 0 0 0 0 0 0 0 0 0 0 22 -15 24 -13 26 -11 28 -10 28 -8 30 -6 31 -4 31 -3 31 -2 32 -1 31 -1 30 0 31 0 30 0 30 0 30 -2 30 -3 31 -3 32 -4 32 -5 32 -6 33 -7 33 -7 34 -8 34 -8 34 -9]
,,,-80,0,0,0,0,0,0,0,0,0,0,-92,0,6,1726018785173,0,0,0,0,1726018785173,124,[24 17 25 17 23 16 24 15 23 13 22 11 21 13 10 21 9 21 7 21 6 21 5 21 4 21 3 20 2 20 2 20 2 19 2 18 1 17 2 16 3 16 2 15 3 14 3 12 4 13 10 4 0 0 0 0 0 0 0 0 0 0 0 0 0 0 0 0 0 0 0 0 0 0 25 8 25 11 25 13 25 15 24 17 24 19 22 21 22 21 20 22 20 23 19 23 19 22 19 23 19 23 19 22 19 21 19 21 20 21 22 21 22 20 24 19 24 20 24 19 25 19 26 19]
,,,-80,0,0,0,0,0,0,0,0,0,0,-92,0,6,1726018785191,0,0,0,0,1726018785191,124,[13 10 20 13 10 20 13 10 19 13 10 18 13 10 16 13 10 15 13 10 13 13 10 13 11 12 12 11 12 13 10 12 9 13 9 12 9 13 9 12 8 12 9 11 9 13 10 8 9 8 8 7 7 7 7 7 6 7 4 7 0 0 0 0 0 0 0 0 0 0 0 0 0 0 0 0 0 0 0 0 0 0 14 13 13 15 12 14 12 17 11 17 13 10 20 9 21 8 21 6 21 6 21 6 22 6 21 7 21 6 20 6 21 6 21 6 21 7 20 8 22 8 21 8]
,,,-80,0,0,0,0,0,0,0,0,0,0,-92,0,6,1726018785209,0,0,0,0,1726018785209,124,[-25 -1 -25 -1 -23 0 -23 0 -22 1 -22 1 -21 3 -19 3 -19 4 -19 4 -18 5 -18 5 -18 6 -17 6 -17 7 -17 6 -16 5 -16 5 -15 4 -14 3 -14 3 -14 2 -13 1 -11 0 -10 -1 0 0 0 0 0 0 0 0 0 0 0 0 0 0 0 0 0 0 0 0 0 0 -19 5 -21 3 -22 2 -22 1 -23 -1 -23 -2 -24 -3 -23 -5 -23 -5 -23 -7 -23 -7 -23 -8 -23 -7 -22 -7 -23 -7 -23 -6 -23 -6 -23 -6 -24 -5 -25 -4 -25 -4 -25 -2 -25 -4 -26 -3 -26 -3 -26 -2]
,,,-80,0,0,0,0,0,0,0,0,0,0,-92,0,6,1726018785230,0,0,0,0,1726018785230,124,[-24 -18 -24 -17 -23 -17 -23 -15 -23 -14 -22 -12 -22 -11 -21 -10 -21 -8 -21 -7 -22 -6 -21 -5 -21 -5 -21 -5 -20 -5 -20 -4 -19 -5 -18 -5 -17 -5 -16 -5 -15 -6 -14 -5 -14 -6 -11 -6 -10 -7 0 0 0 0 0 0 0 0 0 0 0 0 0 0 0 0 0 0 0 0 0 0 -24 -9 -24 -12 -23 -14 -24 -15 -23 -17 -23 -19 -22 -21 -21 -21 -19 -22 -20 -23 -19 -23 -19 -22 -19 -23 -19 -23 -19 -22 -19 -22 -19 -22 -20 -22 -21 -21 -22 -21 -23 -21 -23 -20 -23 -20 -25 -20 -25 -20 -25 -19]
,,,-80,0,0,0,0,0,0,0,0,0,0,-92,0,6,1726018785251,0,0,0,0,1726018785251,124,[-19 -6 -20 -6 -18 -5 -18 -5 -17 -4 -17 -3 -16 -2 -15 -1 -15 -1 -15 0 -15 1 -15 2 -14 2 -13 2 -14 3 -14 3 -14 2 -13 2 -12 2 -12 1 -12 1 -11 0 -11 0 -9 -1 -9 -2 0 0 0 0 0 0 0 0 0 0 0 0 0 0 0 0 0 0 0 0 0 0 -17 -1 -18 -2 -18 -4 -19 -5 -18 -5 -19 -7 -18 -8 -18 -9 -18 -10 -17 -10 -17 -11 -17 -11 -17 -11 -17 -11 -17 -11 -17 -10 -17 -10 -18 -10 -19 -10 -19 -9 -19 -8 -20 -8 -19 -8 -20 -8 -20 -8 -20 -7]
,,,-80,0,0,0,0,0,0,0,0,0,0,-92,0,6,1726018785269,0,0,0,0,1726018785269,124,[-1 17 -1 17 0 16 0 15 1 14 1 14 2 13 3 12 4 12 5 11 5 11 5 11 6 11 7 11 7 11 6 13 10 6 11 6 11 5 13 10 5 13 10 4 9 3 9 2 9 2 9 1 8 0 0 0 0 0 0 0 0 0 0 0 0 0 0 0 0 0 0 0 0 0 0 4 16 2 16 1 16 0 17 -1 17 -2 18 -4 18 -4 18 -5 17 -5 17 -5 17 -5 17 -5 16 -5 16 -5 16 -5 17 -4 17 -4 17 -3 17 -3 18 -3 17 -3 18 -2 18 -2 19 -1]
,,,-80,0,0,0,0,0,0,0,0,0,0,-92,0,6,1726018785292,0,0,0,0,1726018785292,124,[-8 -21 -8 -21 -8 -20 -9 -19 -8 -17 -9 -16 -10 -15 -10 -14 -11 -13 -12 -13 -12 -11 -12 -11 -13 -11 -13 -11 -14 -11 -13 -10 -13 -11 -11 -11 -10 -11 -10 -11 -8 -10 -7 -10 -7 -10 -5 -11 -3 -10 0 0 0 0 0 0 0 0 0 0 0 0 0 0 0 0 0 0 0 0 0 0 -11 -22 -10 -24 -9 -24 -8 -25 -6 -25 -5 -27 -4 -27 -3 -27 -3 -26 -2 -26 -2 -27 -2 -25 -2 -25 -2 -24 -3 -24 -3 -24 -4 -24 -4 -23 -5 -24 -5 -23 -6 -24 -7 -23 -7 -23 -8 -23 -7 -23 -8 -24]
,,,-80,0,0,0,0,0,0,0,0,0,0,-92,0,6,1726018785310,0,0,0,0,1726018785310,124,[2 17 2 17 3 16 3 15 3 14 4 13 5 12 5 11 6 11 7 13 10 6 13 10 7 9 8 9 7 13 10 7 13 10 7 13 10 7 13 10 6 13 10 5 9 4 9 4 8 3 8 2 8 0 8 -1 7 0 0 0 0 0 0 0 0 0 0 0 0 0 0 0 0 0 0 0 0 0 0 2 22 1 22 0 23 -2 23 -2 23 -4 23 -5 24 -6 23 -6 22 -6 22 -7 22 -7 21 -6 21 -6 20 -5 20 -5 20 -4 20 -4 20 -3 20 -2 20 -2 19 -1 19 -1]
,,,-80,0,0,0,0,0,0,0,0,0,0,-92,0,6,1726018785332,0,0,0,0,1726018785332,124,[-2 -15 -2 -14 -3 -14 -3 -13 -3 -12 -4 -11 -4 -10 -6 -10 -6 -9 -7 -9 -7 -9 -8 -9 -7 -8 -8 -9 -8 -9 -7 -9 -7 -9 -6 -9 -5 -9 -5 -8 -3 -8 -3 -7 -2 -7 -1 -7 0 -7 0 0 0 0 0 0 0 0 0 0 0 0 0 0 0 0 0 0 0 0 0 0 -1 -21 1 -21 1 -21 2 -21 4 -22 5 -22 5 -21 6 -21 7 -21 7 -21 7 -20 6 -19 6 -19 6 -19 6 -19 5 -19 4 -19 4 -19 3 -18 3 -18 2 -18 2 -18 1 -18 1 -18 0 -17 0 -17]
,,,-80,0,0,0,0,0,0,0,0,0,0,-92,0,6,1726018785349,0,0,0,0,1726018785349,124,[-18 -5 -17 -4 -16 -4 -15 -3 -15 -2 -14 -1 -13 0 -12 1 -12 2 -12 3 -12 3 -12 4 -12 4 -11 5 -11 4 -12 4 -11 3 -11 3 -10 2 -10 2 -10 0 -9 -1 -9 -2 -7 -2 -6 -2 0 0 0 0 0 0 0 0 0 0 0 0 0 0 0 0 0 0 0 0 0 0 -21 -5 -21 -7 -22 -8 -22 -9 -21 -10 -21 -11 -21 -12 -20 -13 -19 -13 -20 -14 -19 -14 -19 -14 -19 -13 -18 -13 -18 -12 -19 -12 -18 -11 -18 -11 -19 -10 -19 -9 -19 -8 -19 -8 -19 -8 -20 -7 -20 -7 -18 -6]
,,,-80,0,0,0,0,0,0,0,0,0,0,-92,0,6,1726018785369,0,0,0,0,1726018785369,124,[3 -18 3 -16 2 -16 1 -14 1 -14 0 -13 -1 -13 -2 -12 -2 -12 -4 -11 -4 -11 -4 -10 -4 -10 -5 -11 -5 -10 -5 -10 -4 -10 -4 -10 -3 -10 -2 -9 -2 -8 -1 -8 0 -7 0 -7 1 -6 0 0 0 0 0 0 0 0 0 0 0 0 0 0 0 0 0 0 0 0 0 0 1 -20 2 -20 3 -21 4 -20 6 -21 7 -21 8 -21 9 -20 9 -20 13 10 -20 13 10 -20 9 -19 9 -19 9 -19 9 -18 8 -19 7 -18 8 -19 7 -18 6 -18 6 -19 5 -19 4 -19 4 -20 4 -19]
,,,-80,0,0,0,0,0,0,0,0,0,0,-92,0,6,1726018785394,0,0,0,0,1726018785394,124,[-10 15 -10 15 -8 14 -8 14 -7 12 -6 12 -5 11 -4 11 -1 11 -1 11 -1 13 10 0 11 0 13 10 1 11 1 11 0 13 10 0 13 10 0 13 10 -1 9 -1 9 -2 7 -3 6 -4 5 -4 5 -4 4 0 0 0 0 0 0 0 0 0 0 0 0 0 0 0 0 0 0 0 0 0 0 -11 18 -13 18 -14 17 -16 17 -17 17 -19 17 -19 16 -20 15 -20 14 -20 14 -20 14 -19 14 -19 13 -18 13 -18 13 -17 14 -17 14 -16 13 -16 14 -15 15 -15 15 -14 15 -13 15 -13]
,,,-80,0,0,0,0,0,0,0,0,0,0,-92,0,6,1726018785413,0,0,0,0,1726018785413,124,[-13 -24 -13 -24 -12 -22 -13 -21 -14 -18 -14 -17 -14 -14 -13 -14 -14 -11 -15 -11 -16 -9 -16 -8 -17 -8 -16 -9 -16 -10 -16 -8 -15 -10 -14 -11 -12 -11 -11 -12 -9 -11 -8 -10 -6 -11 -3 -11 0 -10 0 0 0 0 0 0 0 0 0 0 0 0 0 0 0 0 0 0 0 0 0 0 -16 -34 -13 -37 -12 -37 -11 -38 -8 -39 -7 -41 -5 -41 -4 -41 -2 -39 -2 -39 -2 -39 -2 -37 -3 -36 -3 -36 -4 -35 -4 -34 -5 -33 -5 -32 -8 -33 -9 -31 -10 -31 -10 -30 -12 -29 -12 -31 -14 -29 -13 -29]
,,,-80,0,0,0,0,0,0,0,0,0,0,-92,0,6,1726018785429,0,0,0,0,1726018785429,124,[5 13 5 12 5 12 6 11 6 13 10 6 8 6 8 6 7 7 7 7 5 7 5 7 5 7 5 7 5 7 5 7 5 6 6 5 6 5 6 3 6 2 5 2 4 0 4 -1 4 -2 3 0 0 0 0 0 0 0 0 0 0 0 0 0 0 0 0 0 0 0 0 0 0 6 19 4 20 3 20 2 21 1 21 0 22 -2 22 -2 21 -3 21 -3 21 -3 21 -2 20 -2 19 -2 18 -1 18 0 18 0 17 1 17 2 17 2 17 3 16 3 16 4 16 5 16 5 15 6]
,,,-80,0,0,0,0,0,0,0,0,0,0,-92,0,6,1726018785449,0,0,0,0,1726018785449,124,[-7 18 -7 18 -6 17 -5 16 -5 16 -4 15 -3 14 -2 14 0 13 0 13 0 12 1 12 1 12 1 12 1 12 1 11 0 11 0 13 10 -1 9 -1 8 -2 6 -2 5 -2 4 -2 3 -2 2 0 0 0 0 0 0 0 0 0 0 0 0 0 0 0 0 0 0 0 0 0 0 -5 22 -7 22 -9 22 -10 22 -11 21 -13 22 -15 21 -15 21 -16 20 -16 19 -16 19 -15 19 -15 18 -14 18 -14 18 -14 19 -13 19 -12 18 -12 19 -11 19 -10 20 -10 20 -10 20 -10 21 -9 20 -8]
,,,-80,0,0,0,0,0,0,0,0,0,0,-92,0,6,1726018785470,0,0,0,0,1726018785470,124,[11 -22 11 -21 8 -20 8 -20 7 -19 6 -18 5 -18 3 -18 1 -17 0 -18 0 -17 -1 -17 -1 -17 -1 -17 -1 -17 -1 -16 -1 -16 0 -15 0 -14 0 -13 1 -12 1 -10 1 -9 1 -9 1 -7 0 0 0 0 0 0 0 0 0 0 0 0 0 0 0 0 0 0 0 0 0 0 3 -23 6 -24 8 -23 9 -24 11 -23 13 -24 14 -23 16 -23 17 -22 16 -21 17 -22 16 -21 16 -20 16 -20 17 -21 16 -20 15 -21 15 -21 15 -22 15 -22 14 -22 14 -22 13 -23 13 -23 12 -24 12 -24]
,,,-80,0,0,0,0,0,0,0,0,0,0,-92,0,6,1726018785489,0,0,0,0,1726018785489,124,[19 -1 19 -1 17 -2 17 -2 16 -3 15 -4 15 -5 13 -5 13 -6 13 -7 13 -7 12 -8 12 -8 12 -8 12 -9 12 -8 12 -8 11 -7 13 10 -6 13 10 -6 13 10 -4 9 -3 8 -3 7 -3 6 -2 0 0 0 0 0 0 0 0 0 0 0 0 0 0 0 0 0 0 0 0 0 0 15 -6 16 -5 16 -4 17 -2 18 -1 20 0 19 1 19 2 19 3 20 4 19 4 19 4 19 4 19 4 19 4 19 3 19 3 19 3 21 2 20 2 20 1 20 1 20 1 21 1 21]
,,,-80,0,0,0,0,0,0,0,0,0,0,-92,0,6,1726018785509,0,0,0,0,1726018785509,124,[-17 -9 -17 -9 -16 -8 -16 -7 -16 -7 -15 -5 -15 -4 -15 -4 -14 -3 -15 -1 -15 -1 -15 0 -16 0 -15 0 -15 0 -15 0 -15 0 -14 -1 -13 -2 -12 -2 -12 -2 -11 -3 -10 -3 -8 -3 -7 -3 0 0 0 0 0 0 0 0 0 0 0 0 0 0 0 0 0 0 0 0 0 0 -16 -3 -16 -5 -16 -6 -17 -8 -16 -9 -17 -11 -16 -12 -16 -13 -15 -13 -15 -14 -15 -14 -15 -14 -15 -14 -14 -14 -14 -14 -14 -14 -14 -13 -14 -13 -16 -13 -16 -12 -16 -12 -16 -12 -16 -11 -18 -11 -18 -11 -17 -11]
,,,-80,0,0,0,0,0,0,0,0,0,0,-92,0,6,1726018785531,0,0,0,0,1726018785531,124,[-16 -30 -16 -30 -15 -28 -16 -27 -16 -24 -16 -23 -17 -21 -17 -20 -18 -18 -19 -17 -20 -16 -20 -15 -21 -15 -20 -15 -21 -15 -20 -14 -19 -15 -18 -16 -15 -15 -14 -15 -13 -15 -11 -14 -10 -14 -7 -13 -5 -12 0 0 0 0 0 0 0 0 0 0 0 0 0 0 0 0 0 0 0 0 0 0 -20 -20 -18 -24 -17 -24 -17 -27 -15 -27 -14 -31 -12 -32 -10 -32 -9 -33 -9 -33 -8 -34 -8 -33 -8 -33 -9 -33 -8 -33 -9 -33 -9 -32 -10 -32 -11 -33 -12 -32 -13 -33 -13 -32 -13 -32 -16 -33 -16 -32 -16 -33]
,,,-80,0,0,0,0,0,0,0,0,0,0,-92,0,6,1726018785552,0,0,0,0,1726018785552,124,[20 2 20 2 19 1 19 1 18 0 17 -1 16 -1 15 -2 15 -3 15 -4 15 -4 14 -5 14 -5 14 -5 14 -5 14 -4 14 -4 13 -4 12 -3 12 -2 11 -1 11 0 13 10 1 8 1 7 2 0 0 0 0 0 0 0 0 0 0 0 0 0 0 0 0 0 0 0 0 0 0 13 -4 15 -2 15 -2 16 -1 16 0 17 2 17 3 17 4 17 5 17 5 17 5 17 5 17 5 17 5 17 6 17 5 17 5 17 5 19 4 19 4 19 3 20 3 19 2 21 3 21 2 21]
,,,-80,0,0,0,0,0,0,0,0,0,0,-92,0,6,1726018785570,0,0,0,0,1726018785570,124,[19 -4 19 -4 18 -4 18 -4 17 -4 16 -5 15 -6 14 -6 14 -7 13 -8 13 -8 13 -8 13 -9 12 -9 12 -9 12 -9 12 -8 12 -7 11 -6 11 -6 11 -5 13 10 -4 13 10 -3 8 -3 8 -1 0 0 0 0 0 0 0 0 0 0 0 0 0 0 0 0 0 0 0 0 0 0 11 -7 11 -7 13 -6 13 -5 14 -5 15 -3 16 -2 16 -2 16 -1 17 0 17 0 16 0 17 0 17 0 17 0 17 0 17 -1 18 -1 18 -1 18 -2 19 -2 19 -3 19 -2 20 -3 20 -3]
,,,-80,0,0,0,0,0,0,0,0,0,0,-92,0,6,1726018785595,0,0,0,0,1726018785595,124,[-21 4 -20 4 -19 4 -19 4 -18 4 -17 5 -16 5 -15 6 -14 7 -14 8 -14 8 -13 9 -13 9 -13 13 10 -12 9 -14 9 -13 8 -13 8 -13 7 -12 6 -12 5 -12 4 -12 4 -10 3 -10 2 0 0 0 0 0 0 0 0 0 0 0 0 0 0 0 0 0 0 0 0 0 0 -10 7 -11 7 -13 6 -13 6 -15 5 -15 4 -16 3 -16 2 -17 2 -18 1 -17 1 -17 1 -18 1 -18 0 -18 0 -19 0 -18 1 -19 1 -19 1 -19 2 -19 2 -20 3 -20 3 -21 3 -21 4 -20]
,,,-80,0,0,0,0,0,0,0,0,0,0,-92,0,6,1726018785614,0,0,0,0,1726018785614,124,[14 13 15 13 14 12 15 12 14 11 14 13 10 14 9 14 8 14 7 14 6 14 5 15 5 15 4 15 4 16 4 15 4 16 4 15 5 14 5 13 5 12 5 11 6 11 6 9 6 8 6 0 0 0 0 0 0 0 0 0 0 0 0 0 0 0 0 0 0 0 0 0 0 11 1 11 3 11 3 12 5 12 6 12 8 12 9 11 13 10 13 10 11 11 11 13 10 12 13 10 12 13 10 12 13 10 12 13 10 13 13 10 13 13 10 13 13 10 12 11 13 12 13 12]
,,,-80,0,0,0,0,0,0,0,0,0,0,-92,0,6,1726018785641,0,0,0,0,1726018785641,124,[-19 21 -17 21 -16 21 -16 20 -15 20 -14 19 -12 19 -10 19 -9 20 -7 20 -6 19 -5 20 -5 20 -3 21 -3 21 -3 21 -3 21 -3 21 -3 20 -4 20 -5 18 -5 17 -6 16 -6 16 -7 14 0 0 0 0 0 0 0 0 0 0 0 0 0 0 0 0 0 0 0 0 0 0 -4 19 -6 20 -8 19 -10 19 -12 19 -13 18 -15 18 -16 17 -17 17 -18 15 -18 16 -18 15 -18 14 -18 14 -18 14 -18 15 -18 15 -18 16 -18 16 -18 17 -18 17 -18 18 -18 19 -18 20 -19 21 -17 22]
,,,-80,0,0,0,0,0,0,0,0,0,0,-92,0,6,1726018785660,0,0,0,0,1726018785660,124,[-7 -29 -7 -29 -7 -28 -8 -27 -8 -25 -8 -23 -10 -21 -11 -20 -11 -18 -13 -18 -14 -16 -15 -15 -16 -16 -16 -15 -18 -15 -17 -14 -17 -15 -16 -15 -16 -15 -15 -15 -14 -14 -13 -13 -12 -14 -9 -15 -8 -14 0 0 0 0 0 0 0 0 0 0 0 0 0 0 0 0 0 0 0 0 0 0 -11 -32 -8 -34 -7 -33 -5 -35 -3 -34 -1 -37 1 -36 1 -35 2 -34 3 -34 4 -34 3 -33 2 -32 2 -31 2 -31 1 -31 0 -31 1 -30 -1 -31 -3 -30 -3 -31 -4 -30 -4 -31 -5 -31 -6 -30 -6 -32]
,,,-80,0,0,0,0,0,0,0,0,0,0,-92,0,6,1726018785672,0,0,0,0,1726018785672,124,[26 14 25 13 23 13 24 11 23 13 10 22 8 21 6 20 4 19 3 20 1 19 0 20 -1 21 -2 19 -2 20 -3 21 -3 20 -2 20 -2 19 -1 19 0 18 0 18 1 16 2 14 4 12 4 0 0 0 0 0 0 0 0 0 0 0 0 0 0 0 0 0 0 0 0 0 0 32 14 31 17 31 18 30 21 30 22 28 25 27 26 27 26 25 27 25 26 25 26 24 24 25 23 24 23 24 23 24 23 24 22 23 21 26 20 25 19 26 18 26 17 26 17 28 16 28 16 27]
,,,-80,0,0,0,0,0,0,0,0,0,0,-92,0,6,1726018785693,0,0,0,0,1726018785693,124,[-16 6 -16 7 -14 6 -13 6 -12 7 -11 7 -10 7 -9 7 -8 8 -8 9 -8 9 -7 9 -7 9 -6 13 10 -7 13 10 -6 9 -7 13 10 -7 9 -7 8 -7 8 -8 6 -8 5 -8 4 -7 4 -7 2 0 0 0 0 0 0 0 0 0 0 0 0 0 0 0 0 0 0 0 0 0 0 -19 9 -21 8 -21 7 -22 6 -22 5 -24 4 -23 3 -23 2 -23 2 -23 1 -23 1 -22 1 -22 1 -21 1 -21 2 -21 2 -21 3 -20 3 -20 4 -20 4 -19 5 -19 5 -18 5 -19 6 -18]
,,,-80,0,0,0,0,0,0,0,0,0,0,-92,0,6,1726018785716,0,0,0,0,1726018785716,124,[20 3 20 3 18 2 18 1 17 0 16 -1 16 -3 14 -3 14 -4 14 -5 14 -6 14 -6 14 -7 14 -7 15 -7 15 -6 14 -5 13 -5 13 -4 12 -3 12 -3 11 -1 11 0 8 0 7 1 0 0 0 0 0 0 0 0 0 0 0 0 0 0 0 0 0 0 0 0 0 0 23 2 23 4 23 5 24 7 24 8 24 13 10 23 11 23 11 22 12 22 13 22 14 21 13 21 13 21 13 21 12 21 12 21 11 21 13 10 21 9 21 9 22 8 21 7 21 6 22 7 22 6]
,,,-80,0,0,0,0,0,0,0,0,0,0,-92,0,6,1726018785729,0,0,0,0,1726018785729,124,[9 -17 8 -16 7 -17 7 -16 6 -15 5 -15 4 -15 2 -15 1 -16 0 -16 0 -15 0 -15 0 -15 -1 -16 -1 -16 0 -16 0 -15 0 -14 1 -13 1 -13 3 -11 3 -10 3 -9 3 -9 3 -8 0 0 0 0 0 0 0 0 0 0 0 0 0 0 0 0 0 0 0 0 0 0 7 -19 9 -19 13 10 -19 11 -18 13 -18 14 -18 15 -17 16 -16 17 -16 17 -15 17 -15 17 -15 16 -14 16 -14 16 -14 15 -15 15 -15 15 -16 14 -15 14 -16 13 -16 13 -17 13 -17 12 -17 12 -17 11]
,,,-80,0,0,0,0,0,0,0,0,0,0,-92,0,6,1726018785749,0,0,0,0,1726018785749,124,[24 13 24 13 22 11 23 11 22 9 22 7 22 5 20 4 20 3 20 3 21 2 21 1 21 0 21 0 22 0 20 0 20 2 18 1 17 2 16 3 15 3 14 4 13 4 13 10 4 8 4 0 0 0 0 0 0 0 0 0 0 0 0 0 0 0 0 0 0 0 0 0 0 24 6 25 9 24 13 10 25 12 24 14 24 17 24 18 23 19 22 20 21 21 20 22 20 22 20 22 20 21 20 21 20 21 21 20 21 19 23 19 23 18 24 18 24 17 23 17 24 17 25 17]
,,,-80,0,0,0,0,0,0,0,0,0,0,-92,0,6,1726018785770,0,0,0,0,1726018785770,124,[-12 -16 -12 -16 -11 -15 -11 -15 -12 -13 -12 -12 -12 -11 -12 -10 -12 -10 -13 -9 -13 -8 -14 -8 -14 -7 -14 -8 -14 -8 -14 -8 -13 -8 -12 -8 -11 -8 -11 -9 -10 -8 -9 -8 -8 -8 -6 -8 -5 -7 0 0 0 0 0 0 0 0 0 0 0 0 0 0 0 0 0 0 0 0 0 0 -13 -9 -13 -11 -12 -12 -12 -13 -11 -14 -11 -16 -10 -17 -9 -17 -8 -18 -8 -18 -8 -19 -8 -18 -7 -18 -7 -18 -7 -18 -7 -19 -8 -18 -7 -18 -9 -18 -9 -18 -10 -17 -10 -17 -10 -17 -11 -18 -11 -17 -11 -18]
,,,-80,0,0,0,0,0,0,0,0,0,0,-92,0,6,1726018785789,0,0,0,0,1726018785789,124,[16 -14 15 -14 14 -14 14 -14 13 -13 12 -14 13 10 -14 9 -14 8 -15 7 -16 6 -16 6 -16 6 -16 5 -16 6 -17 6 -16 6 -16 6 -15 6 -14 6 -14 7 -12 7 -11 7 -10 7 -10 7 -9 0 0 0 0 0 0 0 0 0 0 0 0 0 0 0 0 0 0 0 0 0 0 6 -14 8 -14 9 -14 11 -14 13 -13 14 -13 15 -12 16 -11 17 -10 17 -10 18 -11 17 -10 17 -9 17 -9 17 -9 18 -10 17 -10 17 -10 18 -11 18 -11 18 -11 18 -12 17 -13 17 -13 17 -14 17]
,,,-80,0,0,0,0,0,0,0,0,0,0,-92,0,6,1726018785809,0,0,0,0,1726018785809,124,[14 13 15 13 14 12 15 11 14 13 10 14 9 14 8 14 7 14 6 15 5 15 4 15 3 15 3 15 3 16 3 15 3 16 3 15 3 14 3 14 4 13 4 12 4 12 5 13 10 5 9 6 0 0 0 0 0 0 0 0 0 0 0 0 0 0 0 0 0 0 0 0 0 0 13 2 14 4 14 5 14 7 13 8 14 13 10 13 11 12 12 12 13 12 13 11 14 11 14 11 14 11 14 11 14 11 15 11 14 12 14 13 15 13 14 13 14 13 14 14 14 15 14 15]
,,,-80,0,0,0,0,0,0,0,0,0,0,-92,0,6,1726018785829,0,0,0,0,1726018785829,124,[-4 -23 -4 -23 -3 -22 -4 -22 -4 -20 -5 -20 -6 -19 -7 -18 -8 -17 -9 -17 -10 -16 -11 -15 -11 -15 -11 -15 -12 -15 -12 -14 -12 -16 -11 -15 -10 -15 -10 -15 -9 -14 -9 -14 -8 -14 -7 -13 -5 -13 0 0 0 0 0 0 0 0 0 0 0 0 0 0 0 0 0 0 0 0 0 0 -10 -13 -9 -15 -8 -15 -7 -17 -6 -17 -4 -20 -3 -20 -1 -21 0 -21 0 -21 1 -21 1 -21 1 -21 1 -21 2 -21 1 -21 1 -21 1 -21 0 -22 0 -22 0 -22 -1 -22 -1 -23 -2 -24 -2 -23 -2 -25]
,,,-80,0,0,0,0,0,0,0,0,0,0,-92,0,6,1726018785850,0,0,0,0,1726018785850,124,[8 17 8 16 9 17 9 15 9 15 9 13 9 12 9 12 13 10 11 11 13 10 11 9 11 8 12 8 12 8 13 8 13 8 13 8 13 8 12 8 12 8 11 7 13 10 8 13 10 8 8 8 7 8 0 0 0 0 0 0 0 0 0 0 0 0 0 0 0 0 0 0 0 0 0 0 11 9 11 13 10 13 10 11 13 10 12 9 13 8 15 7 16 6 16 6 17 5 18 4 18 4 17 4 17 4 17 4 17 4 17 4 17 4 17 5 17 6 17 6 17 7 17 7]
,,,-80,0,0,0,0,0,0,0,0,0,0,-92,0,6,1726018785869,0,0,0,0,1726018785869,124,[6 16 6 16 6 15 6 14 6 13 7 12 7 11 7 13 10 8 13 10 9 9 9 8 9 8 13 10 7 11 8 11 7 11 7 11 8 13 10 7 11 7 13 10 7 9 7 9 7 8 8 6 8 6 9 0 0 0 0 0 0 0 0 0 0 0 0 0 0 0 0 0 0 0 0 0 0 9 13 8 14 7 14 7 15 6 15 5 17 4 17 3 18 2 18 2 18 2 18 1 18 2 17 1 17 1 17 2 17 2 17 2 17 3 17 3 17 4 17 4 17 4 17 5]
,,,-80,0,0,0,0,0,0,0,0,0,0,-92,0,6,1726018785902,0,0,0,0,1726018785902,124,[19 13 10 19 13 10 18 9 19 8 18 7 17 6 17 3 16 3 16 2 16 1 17 0 17 -1 17 -1 16 -1 17 -1 17 -1 16 0 15 0 14 1 14 2 13 1 13 2 12 3 13 10 4 9 4 0 0 0 0 0 0 0 0 0 0 0 0 0 0 0 0 0 0 0 0 0 0 21 7 21 9 20 13 10 20 12 20 13 20 15 18 16 18 17 17 18 17 18 16 18 16 17 16 17 16 17 16 16 16 16 17 15 17 15 18 14 18 14 19 13 19 13 19 12 20 12]
,,,-80,0,0,0,0,0,0,0,0,0,0,-92,0,6,1726018785914,0,0,0,0,1726018785914,124,[7 -17 7 -17 6 -16 6 -16 5 -15 4 -15 3 -15 2 -15 1 -14 0 -15 0 -15 0 -15 0 -15 -1 -15 -1 -15 0 -14 0 -15 0 -14 0 -13 1 -13 1 -11 2 -11 3 -10 3 -10 3 -9 0 0 0 0 0 0 0 0 0 0 0 0 0 0 0 0 0 0 0 0 0 0 4 -18 6 -18 8 -18 9 -18 13 10 -17 11 -18 12 -17 13 -16 13 -15 13 -15 13 -15 13 -14 13 -14 12 -14 13 -15 12 -15 11 -15 13 10 -15 11 -16 13 10 -16 13 10 -17 13 10 -17 9 -17 13]
,,,-80,0,0,0,0,0,0,0,0,0,0,-92,0,6,1726018785935,0,0,0,0,1726018785935,124,[-17 13 -17 14 -15 13 -14 13 -14 13 -12 12 -11 12 -10 13 -8 13 -8 14 -8 13 -7 14 -7 14 -6 14 -6 14 -7 14 -6 13 -7 13 -7 11 -7 11 -8 9 -8 8 -8 8 -7 7 -7 6 0 0 0 0 0 0 0 0 0 0 0 0 0 0 0 0 0 0 0 0 0 0 -10 16 -13 15 -14 14 -16 14 -16 13 -18 12 -18 11 -19 13 10 -19 13 10 -19 13 10 -19 13 10 -18 13 10 -18 9 -18 9 -18 13 10 -19 13 10 -18 11 -18 13 10 -18 13 -18 12 -18 13 -18 13]
,,,-80,0,0,0,0,0,0,0,0,0,0,-92,0,6,1726018785949,0,0,0,0,1726018785949,124,[4 -25 4 -24 3 -24 2 -22 2 -21 1 -20 0 -20 -1 -19 -3 -19 -4 -18 -4 -17 -5 -17 -6 -17 -6 -17 -6 -17 -6 -16 -6 -17 -5 -16 -4 -16 -4 -15 -2 -14 -2 -13 -1 -13 0 -12 1 -11 0 0 0 0 0 0 0 0 0 0 0 0 0 0 0 0 0 0 0 0 0 0 -1 -23 1 -24 3 -24 4 -24 6 -24 7 -24 8 -24 9 -24 13 10 -23 13 10 -23 13 10 -23 9 -22 13 10 -22 9 -22 9 -22 9 -24 8 -23 7 -24 7 -24 7 -24 6 -25 6 -25 5 -26 5 -26]
,,,-80,0,0,0,0,0,0,0,0,0,0,-92,0,6,1726018785971,0,0,0,0,1726018785971,124,[16 -10 15 -10 14 -10 14 -10 13 -10 11 -10 11 -10 9 -11 8 -11 8 -12 9 -10 7 -11 7 -11 6 -11 6 -10 7 -11 6 -11 6 -10 6 -9 6 -9 6 -8 6 -7 6 -5 5 -5 5 -5 0 0 0 0 0 0 0 0 0 0 0 0 0 0 0 0 0 0 0 0 0 0 13 -12 15 -12 15 -10 16 -10 17 -9 18 -9 19 -7 19 -7 19 -6 19 -5 21 -6 19 -5 19 -6 18 -5 18 -5 18 -7 18 -7 17 -6 17 -8 18 -8 17 -9 18 -9 16 -10 17 -10 17 -10 16 -11]
,,,-80,0,0,0,0,0,0,0,0,0,0,-92,0,6,1726018786002,0,0,0,0,1726018786002,124,[19 22 20 22 18 21 19 20 18 18 19 16 19 15 18 14 18 12 19 11 19 13 10 20 9 19 9 18 9 19 9 18 9 17 9 16 13 10 15 9 13 13 10 12 8 11 9 9 9 7 9 5 9 0 0 0 0 0 0 0 0 0 0 0 0 0 0 0 0 0 0 0 0 0 0 20 20 19 23 18 23 17 25 15 26 15 29 13 30 12 31 11 31 13 10 31 9 31 13 10 30 13 10 30 13 10 29 11 29 11 28 12 28 13 27 14 28 15 27 16 26 18 26 17]
,,,-80,0,0,0,0,0,0,0,0,0,0,-92,0,6,1726018786013,0,0,0,0,1726018786013,124,[1 21 1 20 2 20 2 19 3 17 3 17 4 15 5 15 5 14 6 14 6 13 6 13 6 13 6 13 6 13 6 12 6 13 5 12 4 11 3 11 2 13 10 2 9 1 8 0 8 -1 7 0 0 0 0 0 0 0 0 0 0 0 0 0 0 0 0 0 0 0 0 0 0 5 18 3 19 2 19 0 20 -1 20 -2 22 -3 22 -4 22 -5 22 -6 21 -6 22 -6 22 -5 20 -5 20 -5 21 -5 21 -4 21 -3 21 -3 21 -2 21 -2 21 -1 21 0 22 0 22 0 22 1]
,,,-80,0,0,0,0,0,0,0,0,0,0,-92,0,6,1726018786030,0,0,0,0,1726018786030,124,[6 19 7 19 7 18 7 17 7 16 8 15 8 14 8 14 9 12 13 10 12 13 10 11 13 10 11 11 11 13 10 11 11 12 13 10 13 10 13 10 11 9 11 8 11 7 13 10 6 9 5 9 4 9 3 9 2 8 0 0 0 0 0 0 0 0 0 0 0 0 0 0 0 0 0 0 0 0 0 0 13 10 14 13 10 17 8 16 8 18 6 19 5 21 4 21 3 21 2 22 1 21 1 22 1 21 1 21 1 20 1 21 1 20 2 21 2 20 3 21 4 21 4 20]
,,,-80,0,0,0,0,0,0,0,0,0,0,-92,0,6,1726018786051,0,0,0,0,1726018786051,124,[29 -1 30 -1 28 -2 28 -3 27 -3 25 -4 24 -6 22 -7 21 -8 21 -10 21 -10 20 -11 21 -11 20 -11 20 -12 20 -10 20 -11 20 -9 19 -8 18 -7 18 -5 17 -4 16 -3 14 -2 13 -1 0 0 0 0 0 0 0 0 0 0 0 0 0 0 0 0 0 0 0 0 0 0 22 -8 24 -6 25 -4 27 -3 27 -1 28 1 28 3 28 5 28 6 28 7 28 7 28 7 28 7 27 7 27 7 27 6 27 6 28 6 29 5 29 4 29 4 30 2 29 1 31 0 31 0 31 -1]
,,,-80,0,0,0,0,0,0,0,0,0,0,-92,0,6,1726018786070,0,0,0,0,1726018786070,124,[-27 -14 -27 -14 -25 -13 -26 -12 -25 -11 -25 -10 -24 -8 -23 -7 -23 -5 -24 -3 -24 -2 -24 -1 -25 -1 -24 -1 -25 -1 -24 -1 -24 -2 -23 -3 -22 -4 -22 -4 -21 -5 -20 -6 -18 -7 -16 -7 -14 -8 0 0 0 0 0 0 0 0 0 0 0 0 0 0 0 0 0 0 0 0 0 0 -21 -4 -21 -7 -21 -8 -22 -10 -21 -11 -22 -13 -21 -15 -20 -16 -20 -17 -20 -18 -20 -18 -19 -18 -19 -18 -19 -18 -20 -18 -20 -18 -20 -17 -21 -17 -22 -17 -23 -16 -24 -16 -24 -16 -25 -15 -26 -15 -27 -15 -27 -15]
,,,-80,0,0,0,0,0,0,0,0,0,0,-92,0,6,1726018786089,0,0,0,0,1726018786089,124,[18 -9 18 -9 17 -9 17 -9 16 -9 15 -10 14 -10 13 -11 11 -11 11 -12 11 -13 11 -13 13 10 -14 13 10 -14 13 10 -14 13 10 -14 13 10 -14 13 10 -13 13 10 -12 13 10 -12 13 10 -10 11 -9 11 -8 13 10 -7 13 10 -6 0 0 0 0 0 0 0 0 0 0 0 0 0 0 0 0 0 0 0 0 0 0 13 10 -9 11 -8 12 -8 13 -7 14 -6 14 -6 15 -5 15 -5 15 -4 16 -3 16 -3 16 -3 16 -3 16 -3 16 -3 16 -4 16 -4 16 -5 17 -5 16 -6]
,,,-80,0,0,0,0,0,0,0,0,0,0,-92,0,6,1726018786109,0,0,0,0,1726018786109,124,[24 -8 25 -8 23 -8 23 -8 22 -8 21 -9 20 -9 18 -10 18 -11 17 -12 17 -13 17 -13 17 -15 17 -14 17 -15 17 -15 17 -14 17 -13 17 -12 17 -11 17 -9 17 -8 17 -7 16 -5 16 -4 0 0 0 0 0 0 0 0 0 0 0 0 0 0 0 0 0 0 0 0 0 0 15 -10 17 -8 18 -8 19 -7 20 -6 20 -5 20 -3 20 -2 21 -2 21 -1 20 -1 20 -1 20 -1 20 -1 20 -1 20 -2 21 -3 20 -3 21 -4 22 -4 23 -5 23 -6 23 -6 24 -7 25 -7 24 -8]
,,,-80,0,0,0,0,0,0,0,0,0,0,-92,0,6,1726018786138,0,0,0,0,1726018786138,124,[20 -8 20 -8 18 -8 18 -8 17 -7 16 -8 16 -9 14 -9 13 -10 12 -11 12 -12 12 -12 12 -12 12 -12 12 -12 13 -12 12 -11 13 -9 12 -9 12 -8 13 -7 13 -6 13 -5 11 -4 11 -2 0 0 0 0 0 0 0 0 0 0 0 0 0 0 0 0 0 0 0 0 0 0 15 -9 16 -7 17 -7 18 -6 18 -5 18 -4 19 -2 19 -2 19 -1 19 -1 19 -2 18 -2 18 -2 18 -3 18 -3 18 -3 18 -4 18 -4 19 -4 19 -4 20 -6 20 -6 20 -7 20 -8 20 -8 20 -8]
,,,-80,0,0,0,0,0,0,0,0,0,0,-92,0,6,1726018786150,0,0,0,0,1726018786150,124,[-21 2 -20 2 -18 2 -18 2 -17 3 -16 4 -16 4 -14 5 -14 6 -14 6 -14 6 -13 6 -13 7 -13 7 -12 7 -14 7 -13 6 -13 6 -12 4 -12 4 -12 3 -12 2 -12 1 -10 0 -10 -1 0 0 0 0 0 0 0 0 0 0 0 0 0 0 0 0 0 0 0 0 0 0 -17 3 -18 2 -19 1 -19 0 -19 -1 -19 -2 -19 -3 -19 -3 -19 -4 -19 -4 -19 -4 -19 -4 -19 -4 -18 -3 -19 -2 -19 -3 -19 -2 -19 -1 -20 -1 -20 0 -20 1 -20 0 -20 1 -21 1 -21 1 -21 2]
,,,-80,0,0,0,0,0,0,0,0,0,0,-92,0,6,1726018786173,0,0,0,0,1726018786173,124,[-13 -16 -13 -16 -12 -14 -12 -14 -12 -13 -12 -12 -12 -11 -12 -10 -12 -9 -13 -8 -13 -8 -13 -8 -13 -7 -12 -8 -12 -8 -12 -7 -11 -8 -10 -8 -9 -8 -9 -8 -8 -8 -7 -8 -6 -8 -4 -8 -3 -7 0 0 0 0 0 0 0 0 0 0 0 0 0 0 0 0 0 0 0 0 0 0 -13 -11 -13 -13 -12 -13 -12 -15 -11 -15 -11 -17 -9 -17 -9 -18 -8 -18 -9 -18 -8 -19 -9 -18 -9 -18 -9 -18 -9 -18 -9 -18 -10 -18 -10 -18 -10 -18 -11 -17 -11 -17 -11 -18 -12 -17 -13 -17 -13 -17 -13 -17]
,,,-80,0,0,0,0,0,0,0,0,0,0,-92,0,6,1726018786190,0,0,0,0,1726018786190,124,[20 3 21 3 18 2 19 2 18 1 17 0 16 -1 15 -1 15 -2 15 -3 15 -3 14 -3 15 -4 14 -3 14 -3 14 -3 13 -3 12 -2 12 -2 11 -1 13 10 0 13 10 0 9 1 7 1 6 2 0 0 0 0 0 0 0 0 0 0 0 0 0 0 0 0 0 0 0 0 0 0 16 -3 17 -1 17 0 18 1 18 2 19 4 19 5 19 5 19 6 19 6 19 7 19 7 19 7 19 7 19 7 19 7 19 6 19 6 20 6 20 5 21 4 21 4 20 5 22 4 22 4]
,,,-80,0,0,0,0,0,0,0,0,0,0,-92,0,6,1726018786211,0,0,0,0,1726018786211,124,[25 8 26 8 25 7 24 6 24 5 23 4 22 3 21 2 21 1 21 0 20 -1 20 -2 20 -2 19 -2 20 -2 19 -2 19 -1 18 -1 17 0 16 1 15 1 14 1 14 2 11 3 13 10 4 0 0 0 0 0 0 0 0 0 0 0 0 0 0 0 0 0 0 0 0 0 0 20 0 21 3 21 3 22 5 22 6 24 13 10 23 11 22 12 22 13 21 14 22 14 22 14 22 14 22 14 22 14 22 14 23 13 22 12 24 13 24 12 25 11 25 11 24 11 26 13 10 26]
,,,-80,0,0,0,0,0,0,0,0,0,0,-92,0,6,1726018786230,0,0,0,0,1726018786230,124,[18 16 17 16 17 15 17 14 17 13 17 12 17 11 16 13 10 17 9 17 8 17 7 17 7 17 6 17 6 17 6 17 7 16 7 15 7 14 7 13 8 12 7 11 7 11 8 9 8 7 8 0 0 0 0 0 0 0 0 0 0 0 0 0 0 0 0 0 0 0 0 0 0 16 6 16 8 16 9 16 11 16 12 15 14 14 16 14 17 13 17 13 18 12 19 12 18 12 18 12 18 13 18 13 18 13 18 13 18 14 18 15 18 15 17 16 17 16 18 17 17 18 17 18]
,,,-80,0,0,0,0,0,0,0,0,0,0,-92,0,6,1726018786251,0,0,0,0,1726018786251,124,[0 20 0 20 1 20 1 19 2 18 2 18 3 17 4 16 4 16 6 15 6 15 6 14 6 14 7 15 7 15 7 14 7 15 6 14 6 14 4 13 4 12 3 12 2 12 1 11 0 11 0 0 0 0 0 0 0 0 0 0 0 0 0 0 0 0 0 0 0 0 0 0 5 14 4 15 2 15 1 16 0 17 -1 18 -2 19 -3 19 -4 19 -4 19 -5 19 -5 19 -5 18 -5 18 -5 18 -5 19 -5 19 -4 19 -4 19 -3 20 -2 20 -2 20 -2 20 -1 21 -1 21 -1 22]
,,,-80,0,0,0,0,0,0,0,0,0,0,-92,0,6,1726018786269,0,0,0,0,1726018786269,124,[-6 21 -5 21 -5 21 -5 20 -3 20 -3 19 -2 18 0 18 1 18 1 18 2 17 2 17 3 17 4 18 4 18 4 17 4 18 3 17 3 16 2 16 1 15 0 14 -1 14 -2 14 -3 12 0 0 0 0 0 0 0 0 0 0 0 0 0 0 0 0 0 0 0 0 0 0 2 16 0 17 -2 17 -3 17 -4 18 -5 19 -7 19 -8 19 -9 19 -10 18 -11 19 -11 18 -11 17 -11 17 -10 17 -11 18 -10 18 -10 18 -10 19 -9 19 -8 20 -7 20 -8 21 -8 22 -7 22 -6 23]
,,,-80,0,0,0,0,0,0,0,0,0,0,-92,0,6,1726018786290,0,0,0,0,1726018786290,124,[15 -14 15 -14 14 -14 14 -14 13 -14 12 -14 11 -14 9 -14 8 -15 7 -15 7 -15 6 -15 5 -16 5 -16 5 -17 6 -16 6 -17 5 -16 6 -16 6 -15 6 -14 7 -13 7 -12 8 -12 8 -10 0 0 0 0 0 0 0 0 0 0 0 0 0 0 0 0 0 0 0 0 0 0 7 -15 9 -14 13 10 -13 11 -13 13 -12 14 -12 15 -11 16 -11 16 -10 17 -9 17 -9 16 -9 17 -8 17 -8 16 -8 16 -9 16 -9 16 -10 16 -10 16 -11 16 -11 16 -12 15 -13 16 -13 16 -14 16]
,,,-80,0,0,0,0,0,0,0,0,0,0,-92,0,6,1726018786311,0,0,0,0,1726018786311,124,[-7 -20 -7 -20 -8 -19 -8 -18 -8 -17 -9 -17 -9 -15 -9 -15 -10 -14 -11 -14 -12 -13 -12 -12 -13 -12 -13 -13 -13 -13 -13 -12 -13 -13 -12 -13 -11 -13 -11 -13 -10 -13 -9 -12 -8 -13 -6 -13 -5 -13 0 0 0 0 0 0 0 0 0 0 0 0 0 0 0 0 0 0 0 0 0 0 -9 -16 -8 -17 -7 -17 -6 -18 -5 -19 -4 -20 -3 -20 -2 -20 -1 -20 0 -20 0 -21 0 -20 0 -19 -1 -19 -1 -19 -2 -19 -2 -19 -2 -20 -3 -19 -4 -20 -4 -20 -5 -20 -5 -21 -6 -21 -6 -21 -6 -22]
,,,-80,0,0,0,0,0,0,0,0,0,0,-92,0,6,1726018786329,0,0,0,0,1726018786329,124,[-28 9 -28 9 -26 9 -26 9 -25 13 10 -23 13 10 -22 13 10 -20 11 -18 12 -19 13 -19 13 -18 14 -18 14 -17 15 -17 16 -18 14 -17 15 -17 13 -17 11 -17 11 -17 9 -17 7 -17 6 -16 5 -16 3 0 0 0 0 0 0 0 0 0 0 0 0 0 0 0 0 0 0 0 0 0 0 -22 11 -24 13 10 -25 8 -26 7 -27 6 -28 4 -28 3 -28 1 -28 1 -28 0 -28 0 -27 1 -27 0 -27 0 -27 0 -26 1 -27 2 -26 3 -27 4 -27 5 -28 6 -28 6 -28 7 -29 7]
,,,-80,0,0,0,0,0,0,0,0,0,0,-92,0,6,1726018786353,0,0,0,0,1726018786353,124,[0 -23 0 -22 0 -22 -1 -21 -1 -20 -2 -19 -2 -18 -3 -18 -4 -17 -6 -17 -6 -16 -6 -15 -7 -15 -7 -16 -7 -16 -6 -15 -6 -16 -6 -15 -5 -15 -4 -15 -3 -13 -2 -13 -2 -13 0 -13 1 -12 0 0 0 0 0 0 0 0 0 0 0 0 0 0 0 0 0 0 0 0 0 0 -2 -18 -1 -19 0 -19 2 -19 3 -20 4 -21 5 -20 6 -20 6 -19 7 -19 6 -20 6 -19 6 -19 5 -19 5 -19 4 -20 4 -20 4 -21 3 -21 3 -21 2 -21 2 -22 1 -23 1 -23 1 -23 1 -24]
,,,-80,0,0,0,0,0,0,0,0,0,0,-92,0,6,1726018786385,0,0,0,0,1726018786385,124,[-1 21 -1 21 0 20 0 19 1 18 2 17 2 16 3 16 4 15 4 15 5 14 5 14 6 14 6 14 6 15 5 14 5 14 4 14 4 13 3 13 2 12 1 11 0 11 -1 13 10 -2 9 0 0 0 0 0 0 0 0 0 0 0 0 0 0 0 0 0 0 0 0 0 0 3 16 2 17 1 17 0 18 -2 18 -3 20 -4 20 -5 20 -5 19 -6 18 -6 20 -6 19 -6 18 -5 18 -5 19 -5 19 -4 20 -4 19 -3 20 -3 20 -3 21 -1 21 -2 22 -2 22 -1 22 -1]
,,,-80,0,0,0,0,0,0,0,0,0,0,-92,0,6,1726018786397,0,0,0,0,1726018786397,124,[1 -25 1 -24 1 -24 1 -23 0 -21 -1 -21 -1 -20 -3 -19 -3 -19 -5 -19 -5 -18 -6 -17 -5 -17 -5 -18 -6 -18 -5 -17 -5 -18 -4 -18 -3 -17 -2 -16 -1 -15 0 -13 0 -13 2 -13 3 -11 0 0 0 0 0 0 0 0 0 0 0 0 0 0 0 0 0 0 0 0 0 0 -5 -20 -3 -21 -2 -21 -1 -22 1 -22 2 -24 4 -23 5 -23 6 -23 6 -22 6 -23 6 -23 6 -22 6 -22 5 -23 6 -22 5 -23 5 -23 4 -24 3 -24 3 -24 4 -25 3 -25 2 -26 2 -27 1 -27]
,,,-80,0,0,0,0,0,0,0,0,0,0,-92,0,6,1726018786410,0,0,0,0,1726018786410,124,[14 15 15 15 14 14 14 13 14 12 14 11 14 13 10 13 9 13 8 14 7 14 7 14 6 14 6 13 6 14 6 14 6 13 6 12 7 11 7 13 10 7 9 6 8 7 8 7 6 7 4 7 0 0 0 0 0 0 0 0 0 0 0 0 0 0 0 0 0 0 0 0 0 0 13 7 14 9 13 13 10 13 11 12 12 12 14 11 15 11 16 13 10 16 13 10 16 13 10 17 9 17 13 10 16 13 10 16 13 10 16 13 10 16 11 16 11 16 12 16 13 16 13 15]
,,,-80,0,0,0,0,0,0,0,0,0,0,-92,0,6,1726018786443,0,0,0,0,1726018786443,124,[11 19 11 19 11 19 11 17 13 10 16 13 10 15 11 14 13 10 13 11 12 11 12 11 13 10 11 13 10 11 13 10 11 13 10 11 13 10 12 13 10 11 13 10 13 10 13 10 9 13 10 9 9 8 9 7 9 6 9 4 8 3 8 0 0 0 0 0 0 0 0 0 0 0 0 0 0 0 0 0 0 0 0 0 0 13 11 12 12 12 13 13 10 14 13 10 15 9 17 8 17 8 18 7 19 7 18 6 19 6 19 7 19 7 18 7 18 7 19 7 18 8 18 9]
,,,-80,0,0,0,0,0,0,0,0,0,0,-92,0,6,1726018786457,0,0,0,0,1726018786457,124,[-23 -3 -23 -3 -21 -2 -21 -2 -20 -2 -19 -1 -18 0 -17 0 -16 1 -16 2 -16 2 -16 3 -16 4 -15 3 -15 4 -15 3 -14 3 -14 2 -13 2 -12 1 -12 1 -12 0 -11 0 -9 -1 -9 -2 0 0 0 0 0 0 0 0 0 0 0 0 0 0 0 0 0 0 0 0 0 0 -18 3 -19 1 -20 0 -21 -1 -20 -2 -22 -4 -21 -5 -21 -6 -20 -6 -21 -7 -21 -7 -21 -7 -21 -7 -21 -7 -21 -6 -21 -6 -21 -6 -21 -5 -22 -5 -23 -4 -23 -4 -23 -4 -23 -3 -24 -3 -24 -2 -24 -2]
,,,-80,0,0,0,0,0,0,0,0,0,0,-92,0,6,1726018786470,0,0,0,0,1726018786470,124,[4 -22 3 -23 3 -22 3 -21 2 -20 2 -19 1 -18 0 -18 -1 -17 -2 -17 -3 -16 -3 -16 -4 -16 -3 -15 -4 -16 -4 -15 -3 -15 -3 -15 -2 -14 -2 -14 -1 -12 -1 -11 -1 -11 0 -11 1 -10 0 0 0 0 0 0 0 0 0 0 0 0 0 0 0 0 0 0 0 0 0 0 -2 -20 -1 -21 1 -20 2 -21 3 -20 5 -22 6 -21 7 -22 8 -21 8 -21 8 -21 8 -21 8 -21 8 -20 8 -21 7 -21 7 -22 6 -21 6 -22 6 -22 5 -22 5 -23 5 -23 4 -24 4 -24 4 -25]
,,,-80,0,0,0,0,0,0,0,0,0,0,-92,0,6,1726018786492,0,0,0,0,1726018786492,124,[-21 -10 -20 -10 -19 -9 -19 -8 -19 -7 -18 -6 -17 -5 -17 -4 -16 -3 -17 -2 -17 -1 -17 0 -17 0 -16 0 -17 0 -17 1 -16 0 -16 -1 -15 -1 -15 -2 -15 -2 -14 -2 -13 -3 -11 -4 -10 -5 0 0 0 0 0 0 0 0 0 0 0 0 0 0 0 0 0 0 0 0 0 0 -18 -3 -19 -5 -19 -7 -19 -8 -18 -9 -18 -11 -18 -12 -17 -13 -16 -14 -17 -14 -17 -14 -16 -14 -17 -14 -16 -13 -16 -13 -17 -13 -17 -12 -17 -12 -18 -12 -18 -11 -19 -11 -20 -11 -20 -11 -21 -10 -22 -10 -21 -10]
,,,-80,0,0,0,0,0,0,0,0,0,0,-92,0,6,1726018786510,0,0,0,0,1726018786510,124,[8 -18 8 -18 7 -17 6 -17 6 -16 4 -16 4 -15 2 -15 1 -15 0 -15 0 -15 -1 -15 -1 -15 -2 -15 -2 -16 -1 -15 -1 -16 -1 -15 0 -14 0 -14 2 -13 2 -12 3 -12 3 -11 4 -10 0 0 0 0 0 0 0 0 0 0 0 0 0 0 0 0 0 0 0 0 0 0 4 -17 6 -18 7 -17 9 -17 13 10 -17 11 -18 12 -16 12 -16 13 -15 13 -14 13 -15 13 -14 13 -14 13 -14 12 -14 12 -14 11 -15 11 -15 11 -16 13 10 -16 13 10 -17 13 10 -17 9 -17 13 10]
,,,-80,0,0,0,0,0,0,0,0,0,0,-92,0,6,1726018786529,0,0,0,0,1726018786529,124,[15 12 16 12 14 11 15 11 14 9 14 8 14 7 13 6 13 5 13 4 14 3 14 3 15 3 13 2 15 3 14 3 14 4 13 4 12 4 11 5 11 5 9 5 8 5 6 5 5 6 0 0 0 0 0 0 0 0 0 0 0 0 0 0 0 0 0 0 0 0 0 0 16 9 17 11 15 11 16 13 14 14 14 16 13 17 12 17 11 18 11 17 11 18 11 17 11 17 11 16 11 17 11 16 12 16 12 15 14 15 13 15 14 14 15 14 14 14 16 14 16 14 16 13]
,,,-80,0,0,0,0,0,0,0,0,0,0,-92,0,6,1726018786549,0,0,0,0,1726018786549,124,[-9 22 -9 22 -8 22 -8 21 -6 20 -5 19 -4 19 -2 18 -1 19 0 18 -1 18 0 18 1 18 2 19 2 18 1 19 1 19 1 18 0 17 -1 16 -2 15 -3 14 -4 13 -4 12 -5 13 10 0 0 0 0 0 0 0 0 0 0 0 0 0 0 0 0 0 0 0 0 0 0 -4 20 -6 20 -8 20 -9 20 -10 20 -12 20 -13 21 -14 19 -14 19 -16 18 -17 18 -16 17 -16 17 -15 17 -15 17 -14 19 -13 19 -13 19 -13 20 -12 21 -12 21 -11 21 -12 22 -12 23 -11 23 -10]
,,,-80,0,0,0,0,0,0,0,0,0,0,-92,0,6,1726018786569,0,0,0,0,1726018786569,124,[-29 -9 -29 -8 -27 -7 -27 -6 -26 -5 -26 -4 -25 -2 -24 -2 -24 0 -24 1 -24 2 -24 3 -25 4 -23 4 -24 3 -24 4 -23 3 -23 2 -22 1 -22 0 -21 -1 -20 -2 -19 -3 -16 -4 -15 -5 0 0 0 0 0 0 0 0 0 0 0 0 0 0 0 0 0 0 0 0 0 0 -23 -1 -25 -3 -25 -5 -26 -6 -25 -8 -26 -11 -25 -12 -25 -13 -24 -14 -24 -15 -24 -15 -23 -15 -24 -15 -24 -15 -24 -15 -24 -14 -25 -13 -25 -13 -26 -12 -27 -12 -27 -11 -28 -10 -28 -10 -29 -10 -30 -9 -29 -9]
,,,-80,0,0,0,0,0,0,0,0,0,0,-92,0,6,1726018786599,0,0,0,0,1726018786599,124,[-6 -24 -6 -24 -6 -23 -7 -22 -7 -21 -8 -20 -8 -19 -9 -19 -10 -17 -11 -17 -12 -16 -12 -16 -12 -15 -12 -16 -12 -16 -12 -15 -12 -15 -11 -16 -10 -16 -10 -16 -9 -15 -8 -14 -7 -14 -5 -14 -4 -14 0 0 0 0 0 0 0 0 0 0 0 0 0 0 0 0 0 0 0 0 0 0 -9 -18 -7 -19 -6 -19 -5 -20 -4 -21 -3 -22 -1 -22 -1 -23 1 -23 1 -23 1 -23 1 -23 0 -22 0 -22 1 -22 0 -23 0 -22 -1 -23 -1 -23 -2 -23 -3 -23 -3 -24 -4 -24 -5 -24 -6 -25 -6 -25]
,,,-80,0,0,0,0,0,0,0,0,0,0,-92,0,6,1726018786609,0,0,0,0,1726018786609,124,[18 -9 19 -9 17 -9 16 -10 16 -9 15 -10 14 -10 13 -10 11 -11 11 -12 13 10 -12 9 -12 13 10 -12 9 -12 9 -13 9 -12 9 -13 9 -12 9 -11 9 -11 9 -9 13 10 -8 13 10 -8 9 -7 9 -5 0 0 0 0 0 0 0 0 0 0 0 0 0 0 0 0 0 0 0 0 0 0 11 -13 13 -12 14 -11 15 -10 16 -9 17 -9 18 -7 18 -7 19 -5 19 -5 19 -5 19 -5 19 -5 19 -5 19 -5 19 -6 18 -6 18 -6 19 -7 19 -7 19 -7 19 -8 19 -9 19 -9]
,,,-80,0,0,0,0,0,0,0,0,0,0,-92,0,6,1726018786635,0,0,0,0,1726018786635,124,[14 14 15 14 13 12 14 12 14 13 10 14 13 10 13 8 13 8 13 7 14 5 14 5 14 4 15 4 14 4 15 3 15 3 15 4 13 4 13 4 13 4 12 5 12 5 11 6 13 10 6 8 6 0 0 0 0 0 0 0 0 0 0 0 0 0 0 0 0 0 0 0 0 0 0 14 6 14 8 13 9 14 11 13 12 13 14 12 14 12 15 13 10 16 11 16 13 10 16 13 10 16 13 10 16 13 10 16 13 10 16 13 10 16 11 16 11 15 12 16 12 15 13 15]
,,,-80,0,0,0,0,0,0,0,0,0,0,-92,0,6,1726018786655,0,0,0,0,1726018786655,124,[17 9 17 8 16 7 16 7 16 6 15 5 15 4 15 3 14 2 15 1 15 0 15 0 15 -1 14 -1 15 -2 15 -2 15 -2 15 -1 15 -1 14 0 14 0 14 1 13 1 12 2 11 4 0 0 0 0 0 0 0 0 0 0 0 0 0 0 0 0 0 0 0 0 0 0 16 3 16 5 16 6 16 8 15 9 15 11 15 12 14 12 14 13 13 13 13 14 13 13 13 13 13 13 13 13 13 13 13 12 13 12 14 12 15 11 16 11 16 11 16 13 10 17 13 10 17 13]
,,,-80,0,0,0,0,0,0,0,0,0,0,-92,0,6,1726018786670,0,0,0,0,1726018786670,124,[-28 0 -29 1 -26 2 -26 2 -25 3 -24 4 -22 5 -21 6 -18 7 -19 9 -19 9 -18 13 10 -18 11 -17 12 -18 13 -18 13 -18 13 -18 12 -18 12 -19 11 -19 8 -19 7 -19 6 -18 5 -18 3 0 0 0 0 0 0 0 0 0 0 0 0 0 0 0 0 0 0 0 0 0 0 -27 6 -29 4 -30 1 -31 -1 -30 -2 -31 -4 -30 -6 -31 -7 -29 -8 -30 -9 -30 -9 -28 -8 -28 -9 -27 -8 -28 -8 -27 -7 -28 -6 -27 -6 -29 -5 -28 -4 -29 -3 -29 -3 -29 -2 -31 -2 -30 0 -29]
,,,-80,0,0,0,0,0,0,0,0,0,0,-92,0,6,1726018786692,0,0,0,0,1726018786692,124,[14 -10 14 -10 13 -11 13 -11 12 -11 11 -10 13 10 -11 8 -11 7 -11 7 -12 6 -12 6 -12 6 -13 5 -13 5 -13 6 -13 5 -13 6 -12 6 -12 6 -11 7 -10 8 -9 8 -8 7 -7 7 -6 0 0 0 0 0 0 0 0 0 0 0 0 0 0 0 0 0 0 0 0 0 0 14 -13 15 -12 16 -10 17 -10 18 -9 19 -8 19 -7 19 -7 19 -5 19 -5 19 -5 19 -5 19 -5 18 -5 18 -5 17 -6 17 -6 16 -7 17 -7 17 -8 16 -9 17 -9 16 -9 17 -9 17 -10 16]
,,,-80,0,0,0,0,0,0,0,0,0,0,-92,0,6,1726018786712,0,0,0,0,1726018786712,124,[-3 20 -2 20 -2 19 -1 18 -1 18 0 17 1 16 2 15 3 15 4 15 5 14 5 14 6 14 6 14 7 14 6 14 6 14 6 14 5 14 4 14 2 13 2 12 1 12 0 11 -1 13 10 0 0 0 0 0 0 0 0 0 0 0 0 0 0 0 0 0 0 0 0 0 0 1 19 -2 19 -3 19 -4 19 -5 19 -7 20 -9 20 -9 19 -10 19 -10 18 -10 19 -10 18 -9 18 -9 17 -9 17 -9 18 -8 18 -7 19 -7 19 -6 19 -6 19 -5 20 -5 20 -4 21 -3 21 -3]
,,,-80,0,0,0,0,0,0,0,0,0,0,-92,0,6,1726018786729,0,0,0,0,1726018786729,124,[8 18 9 19 8 18 8 17 8 16 9 15 9 14 13 10 13 13 10 12 11 12 11 13 10 11 13 10 12 13 10 12 13 10 13 13 10 12 13 10 12 11 11 13 10 13 10 11 9 11 8 13 10 7 13 10 7 13 10 5 13 10 3 13 10 0 0 0 0 0 0 0 0 0 0 0 0 0 0 0 0 0 0 0 0 0 0 11 14 13 10 16 8 15 8 17 7 17 6 20 5 20 3 20 3 20 2 20 2 21 2 20 2 20 3 19 2 19 3 19 3 20 4 19]
,,,-80,0,0,0,0,0,0,0,0,0,0,-92,0,6,1726018786750,0,0,0,0,1726018786750,124,[20 1 21 1 18 0 19 0 18 0 17 -1 16 -2 15 -3 15 -4 14 -5 14 -5 14 -5 14 -6 13 -6 13 -7 14 -6 14 -6 13 -5 13 -4 12 -4 12 -2 11 -2 11 -1 13 10 -1 9 1 0 0 0 0 0 0 0 0 0 0 0 0 0 0 0 0 0 0 0 0 0 0 17 -3 18 -1 18 0 20 1 19 2 20 3 19 5 20 6 19 7 19 7 19 7 19 7 19 7 18 7 19 7 18 6 19 5 18 5 20 4 20 5 20 4 21 3 20 3 21 2 22 2 21]
,,,-80,0,0,0,0,0,0,0,0,0,0,-92,0,6,1726018786769,0,0,0,0,1726018786769,124,[-6 19 -5 19 -4 19 -4 18 -4 17 -2 16 -2 15 -1 15 0 15 1 14 1 13 2 13 2 13 3 14 3 14 3 13 3 14 2 13 2 12 1 12 0 13 10 -1 13 10 -1 9 -2 9 -3 8 0 0 0 0 0 0 0 0 0 0 0 0 0 0 0 0 0 0 0 0 0 0 -1 19 -4 20 -5 19 -6 20 -7 19 -9 20 -10 20 -11 20 -11 19 -12 18 -12 19 -12 18 -12 18 -11 18 -11 18 -11 18 -10 19 -10 19 -9 19 -9 19 -8 19 -7 20 -7 20 -7 21 -7 21]
,,,-80,0,0,0,0,0,0,0,0,0,0,-92,0,6,1726018786794,0,0,0,0,1726018786794,124,[19 -8 19 -9 17 -9 17 -9 16 -9 15 -9 13 -9 12 -9 13 10 -10 13 10 -11 13 10 -11 13 10 -11 9 -12 8 -11 8 -12 9 -11 8 -11 9 -10 8 -9 8 -9 9 -8 8 -7 9 -6 7 -5 7 -4 0 0 0 0 0 0 0 0 0 0 0 0 0 0 0 0 0 0 0 0 0 0 15 -12 17 -11 18 -10 20 -9 20 -8 21 -7 21 -6 22 -5 22 -4 22 -4 22 -4 22 -4 22 -3 21 -3 21 -4 21 -4 21 -4 20 -5 21 -5 21 -6 21 -7 21 -7 20 -7 21 -9]
,,,-80,0,0,0,0,0,0,0,0,0,0,-92,0,6,1726018786811,0,0,0,0,1726018786811,124,[6 19 7 20 7 18 7 18 8 17 8 15 8 14 9 13 8 12 9 12 9 11 9 13 10 11 13 10 13 10 9 11 13 10 13 10 9 11 13 10 9 13 10 9 9 8 13 10 7 9 6 8 5 9 3 8 2 8 0 0 0 0 0 0 0 0 0 0 0 0 0 0 0 0 0 0 0 0 0 0 9 16 9 18 7 18 7 20 5 19 5 22 4 22 3 23 2 23 1 21 0 23 0 22 0 22 0 22 1 22 1 21 2 22 2 21 4 22 5 21 5 21 6 21]
,,,-80,0,0,0,0,0,0,0,0,0,0,-92,0,6,1726018786831,0,0,0,0,1726018786831,124,[-20 9 -20 13 10 -17 9 -18 9 -17 13 10 -15 13 10 -14 13 10 -13 13 10 -11 13 10 -10 11 -10 11 -9 12 -10 12 -9 12 -9 13 -9 12 -9 12 -9 11 -9 13 10 -9 13 10 -9 8 -9 7 -9 7 -8 6 -9 4 0 0 0 0 0 0 0 0 0 0 0 0 0 0 0 0 0 0 0 0 0 0 -14 11 -16 11 -17 9 -19 9 -19 8 -20 7 -21 6 -21 5 -21 4 -22 4 -22 5 -22 4 -22 3 -21 4 -22 4 -21 4 -21 5 -20 5 -22 6 -21 7 -21 7 -21 8]
,,,-80,0,0,0,0,0,0,0,0,0,0,-92,0,6,1726018786849,0,0,0,0,1726018786849,124,[-24 1 -24 2 -21 2 -22 2 -20 3 -20 3 -19 4 -17 4 -16 5 -16 6 -16 7 -15 8 -15 8 -14 8 -14 9 -15 8 -14 8 -14 7 -14 6 -13 6 -14 4 -13 3 -13 2 -11 2 -11 0 0 0 0 0 0 0 0 0 0 0 0 0 0 0 0 0 0 0 0 0 0 0 -19 6 -20 5 -21 4 -22 3 -23 1 -24 0 -24 -2 -24 -3 -23 -4 -24 -4 -24 -5 -23 -5 -23 -5 -23 -5 -23 -5 -22 -4 -23 -4 -23 -3 -24 -2 -24 -1 -24 -1 -25 -1 -24 0 -25 1 -25 2 -25 1]
,,,-80,0,0,0,0,0,0,0,0,0,0,-92,0,6,1726018786870,0,0,0,0,1726018786870,124,[-20 -11 -20 -10 -19 -10 -19 -9 -18 -8 -18 -6 -17 -5 -16 -4 -16 -4 -16 -2 -16 -1 -16 -1 -16 0 -16 0 -16 0 -16 0 -16 0 -15 -1 -14 -1 -14 -1 -14 -2 -13 -2 -12 -4 -10 -4 -9 -5 0 0 0 0 0 0 0 0 0 0 0 0 0 0 0 0 0 0 0 0 0 0 -19 -6 -19 -8 -19 -10 -19 -11 -19 -12 -18 -14 -18 -15 -17 -16 -16 -16 -16 -17 -16 -17 -16 -17 -16 -16 -15 -16 -15 -16 -16 -16 -16 -15 -16 -15 -18 -14 -18 -14 -19 -13 -19 -13 -19 -13 -21 -12 -21 -12 -20 -12]
,,,-80,0,0,0,0,0,0,0,0,0,0,-92,0,6,1726018786889,0,0,0,0,1726018786889,124,[-19 -6 -20 -6 -18 -6 -18 -6 -18 -4 -17 -4 -16 -3 -16 -2 -15 -1 -15 0 -15 1 -15 1 -16 2 -14 2 -15 2 -15 2 -15 2 -14 1 -14 1 -13 0 -13 -1 -12 -1 -12 -2 -10 -3 -9 -4 0 0 0 0 0 0 0 0 0 0 0 0 0 0 0 0 0 0 0 0 0 0 -17 -2 -18 -3 -18 -4 -19 -6 -18 -7 -19 -9 -18 -10 -18 -11 -17 -11 -17 -12 -17 -12 -16 -12 -16 -12 -16 -11 -17 -11 -16 -11 -17 -11 -16 -10 -18 -10 -18 -9 -19 -9 -19 -8 -18 -8 -20 -8 -20 -7 -20 -7]
,,,-80,0,0,0,0,0,0,0,0,0,0,-92,0,6,1726018786914,0,0,0,0,1726018786914,124,[2 -21 2 -21 1 -20 1 -20 0 -19 0 -18 -1 -17 -2 -17 -3 -16 -4 -16 -4 -15 -5 -15 -5 -15 -6 -15 -6 -15 -5 -15 -5 -15 -5 -15 -4 -15 -4 -14 -2 -13 -2 -12 -1 -12 0 -12 1 -11 0 0 0 0 0 0 0 0 0 0 0 0 0 0 0 0 0 0 0 0 0 0 -3 -17 -2 -18 -1 -18 1 -19 2 -19 4 -20 4 -20 5 -20 7 -19 7 -18 8 -19 8 -18 7 -18 7 -18 7 -18 6 -18 6 -18 6 -18 5 -19 5 -19 4 -20 4 -20 3 -20 3 -21 3 -22 2 -22]
,,,-80,0,0,0,0,0,0,0,0,0,0,-92,0,6,1726018786930,0,0,0,0,1726018786930,124,[-17 12 -16 12 -15 12 -15 11 -14 11 -13 11 -12 11 -11 11 -9 12 -9 12 -9 12 -8 12 -8 13 -7 13 -7 13 -7 13 -7 13 -8 12 -7 11 -8 11 -8 9 -8 8 -9 8 -8 7 -8 5 0 0 0 0 0 0 0 0 0 0 0 0 0 0 0 0 0 0 0 0 0 0 -9 12 -11 12 -12 11 -14 13 10 -15 13 10 -16 13 10 -17 9 -17 8 -18 7 -18 6 -18 6 -18 6 -18 6 -17 6 -17 6 -17 7 -17 7 -17 8 -17 8 -17 9 -17 9 -17 13 10 -17 11 -17 11]
,,,-80,0,0,0,0,0,0,0,0,0,0,-92,0,6,1726018786949,0,0,0,0,1726018786949,124,[8 -19 8 -18 7 -18 7 -18 6 -17 5 -17 5 -16 3 -15 3 -16 2 -15 2 -15 1 -15 0 -15 -1 -15 -1 -15 0 -15 0 -15 0 -14 0 -14 1 -13 2 -12 3 -11 3 -10 3 -10 4 -9 0 0 0 0 0 0 0 0 0 0 0 0 0 0 0 0 0 0 0 0 0 0 3 -16 4 -16 6 -16 7 -16 8 -16 9 -16 11 -16 11 -15 12 -15 13 -14 13 -14 13 -13 13 -13 13 -13 12 -13 11 -15 11 -14 11 -15 11 -15 13 10 -16 11 -17 13 10 -17 13 10 -17 13 10 -18]
,,,-80,0,0,0,0,0,0,0,0,0,0,-92,0,6,1726018786969,0,0,0,0,1726018786969,124,[16 -17 15 -17 14 -17 14 -16 13 -16 12 -15 11 -15 9 -15 8 -15 7 -16 7 -15 6 -15 5 -15 5 -15 4 -16 5 -15 5 -15 5 -14 5 -13 5 -13 6 -11 6 -10 7 -9 6 -9 6 -7 0 0 0 0 0 0 0 0 0 0 0 0 0 0 0 0 0 0 0 0 0 0 13 10 -16 11 -16 13 -16 14 -15 15 -15 17 -14 18 -13 19 -12 19 -11 20 -11 20 -11 19 -11 19 -10 18 -11 18 -10 18 -11 17 -12 18 -12 18 -13 18 -13 17 -14 17 -15 17 -15 17 -16 17 -17 16]
,,,-80,0,0,0,0,0,0,0,0,0,0,-92,0,6,1726018786990,0,0,0,0,1726018786990,124,[7 21 7 20 8 19 7 18 8 17 8 16 8 14 9 13 9 13 13 10 11 9 11 9 13 10 9 13 10 11 13 10 13 10 9 13 10 9 13 10 9 9 9 8 9 7 8 5 8 5 8 3 8 3 8 2 7 0 0 0 0 0 0 0 0 0 0 0 0 0 0 0 0 0 0 0 0 0 0 9 16 8 17 7 18 6 19 5 21 4 22 3 22 2 23 1 22 1 22 0 23 1 21 1 21 1 21 1 21 2 21 3 20 3 21 4 21 5 21 5 21 6 20 6]
,,,-80,0,0,0,0,0,0,0,0,0,0,-92,0,6,1726018787009,0,0,0,0,1726018787009,124,[-6 18 -6 17 -5 17 -5 16 -4 15 -4 15 -3 14 -2 13 -1 13 -1 12 0 12 0 11 0 11 1 11 1 11 1 11 1 11 1 13 10 0 13 10 0 9 -1 8 -2 7 -2 7 -3 6 -3 5 0 0 0 0 0 0 0 0 0 0 0 0 0 0 0 0 0 0 0 0 0 0 -3 16 -5 17 -6 16 -8 16 -9 17 -10 17 -11 17 -12 17 -12 16 -13 15 -12 16 -12 15 -12 15 -12 14 -11 15 -11 15 -10 15 -10 16 -9 16 -9 17 -8 17 -8 17 -8 18 -7 18 -7 18]
,,,-80,0,0,0,0,0,0,0,0,0,0,-92,0,6,1726018787029,0,0,0,0,1726018787029,124,[-3 24 -3 24 -2 23 -2 22 -1 21 -1 19 1 18 1 18 2 17 3 16 3 15 3 14 4 14 4 14 5 14 4 13 4 13 3 13 2 12 1 12 0 13 10 0 9 -1 9 -3 8 -4 7 0 0 0 0 0 0 0 0 0 0 0 0 0 0 0 0 0 0 0 0 0 0 2 23 0 25 -2 24 -3 25 -5 25 -6 27 -8 26 -9 26 -10 25 -10 24 -11 25 -10 24 -10 24 -9 23 -9 24 -8 24 -8 24 -7 24 -6 25 -5 25 -5 25 -4 25 -4 26 -3 26 -3 26 -2]
,,,-80,0,0,0,0,0,0,0,0,0,0,-92,0,6,1726018787049,0,0,0,0,1726018787049,124,[7 -21 7 -20 7 -20 6 -19 5 -18 4 -17 4 -16 2 -16 1 -16 0 -15 0 -15 0 -13 -1 -14 -1 -14 -2 -13 -1 -13 -1 -12 -1 -12 -1 -11 0 -11 1 -10 2 -9 3 -8 3 -8 3 -7 0 0 0 0 0 0 0 0 0 0 0 0 0 0 0 0 0 0 0 0 0 0 6 -21 8 -21 9 -21 13 10 -21 12 -21 14 -21 14 -21 15 -20 15 -19 16 -18 16 -19 15 -18 15 -18 14 -18 14 -17 13 -19 12 -19 12 -19 11 -20 11 -20 13 10 -21 13 10 -21 9 -22 9 -22 9]
,,,-80,0,0,0,0,0,0,0,0,0,0,-92,0,6,1726018787072,0,0,0,0,1726018787072,124,[-13 -13 -13 -13 -12 -12 -12 -12 -12 -11 -11 -10 -11 -9 -11 -8 -10 -7 -11 -6 -11 -6 -10 -5 -10 -4 -10 -4 -10 -4 -10 -4 -9 -4 -9 -5 -8 -5 -8 -5 -7 -5 -7 -5 -6 -5 -4 -5 -3 -6 0 0 0 0 0 0 0 0 0 0 0 0 0 0 0 0 0 0 0 0 0 0 -14 -13 -13 -15 -12 -15 -12 -16 -11 -16 -10 -18 -10 -19 -9 -19 -8 -18 -8 -19 -8 -19 -8 -18 -8 -18 -8 -17 -8 -17 -9 -16 -9 -16 -10 -16 -11 -16 -11 -15 -11 -15 -12 -14 -12 -15 -13 -15 -13 -14 -13 -14]
,,,-80,0,0,0,0,0,0,0,0,0,0,-92,0,6,1726018787089,0,0,0,0,1726018787089,124,[-21 -4 -22 -3 -19 -2 -19 -3 -18 -1 -17 -1 -16 0 -15 0 -14 1 -14 2 -14 2 -13 3 -13 3 -12 4 -12 4 -12 4 -12 3 -11 3 -11 2 -10 1 -10 1 -10 0 -10 -1 -8 -1 -8 -2 0 0 0 0 0 0 0 0 0 0 0 0 0 0 0 0 0 0 0 0 0 0 -21 -2 -22 -4 -21 -5 -22 -6 -22 -7 -23 -9 -21 -11 -22 -11 -20 -11 -20 -12 -20 -11 -19 -11 -20 -11 -19 -10 -20 -10 -19 -8 -20 -9 -20 -8 -21 -7 -21 -7 -22 -6 -22 -5 -21 -4 -23 -5 -23 -4 -21 -3]
,,,-80,0,0,0,0,0,0,0,0,0,0,-92,0,6,1726018787110,0,0,0,0,1726018787110,124,[14 -13 15 -13 13 -13 13 -12 12 -12 12 -12 13 10 -11 9 -12 8 -12 7 -12 7 -12 6 -12 5 -11 5 -12 5 -12 4 -11 5 -11 5 -11 4 -10 5 -10 5 -8 6 -7 6 -7 6 -6 6 -5 0 0 0 0 0 0 0 0 0 0 0 0 0 0 0 0 0 0 0 0 0 0 11 -15 13 -15 14 -14 15 -13 16 -13 17 -12 18 -11 19 -10 18 -9 18 -9 19 -9 18 -9 18 -8 17 -8 17 -8 17 -9 16 -10 16 -10 16 -11 16 -11 16 -12 16 -12 15 -12 16 -13 16 -14 16]
,,,-80,0,0,0,0,0,0,0,0,0,0,-92,0,6,1726018787131,0,0,0,0,1726018787131,124,[20 5 20 4 19 4 18 4 18 3 17 2 16 2 15 1 15 0 14 -2 14 -2 13 -2 13 -3 13 -3 13 -3 13 -3 12 -3 12 -3 12 -2 11 -2 11 -1 11 -1 13 10 0 8 1 8 1 0 0 0 0 0 0 0 0 0 0 0 0 0 0 0 0 0 0 0 0 0 0 18 0 18 2 19 3 19 4 19 6 19 7 18 9 18 13 10 18 13 10 18 11 17 11 17 13 10 17 13 10 17 13 10 16 9 17 9 17 8 18 8 18 7 18 7 19 7 20 6 20 6]
,,,-80,0,0,0,0,0,0,0,0,0,0,-92,0,6,1726018787152,0,0,0,0,1726018787152,124,[-19 -13 -20 -13 -18 -12 -19 -12 -18 -11 -18 -10 -17 -8 -16 -8 -16 -6 -16 -5 -16 -4 -16 -4 -16 -3 -15 -3 -15 -3 -16 -2 -15 -3 -15 -3 -14 -3 -13 -3 -13 -4 -12 -5 -11 -5 -9 -5 -9 -6 0 0 0 0 0 0 0 0 0 0 0 0 0 0 0 0 0 0 0 0 0 0 -18 -6 -18 -8 -18 -9 -19 -11 -17 -12 -17 -14 -17 -15 -16 -16 -15 -17 -15 -17 -16 -17 -15 -17 -15 -17 -16 -16 -15 -16 -15 -16 -16 -16 -16 -15 -17 -15 -18 -14 -18 -14 -19 -14 -19 -14 -20 -13 -21 -14 -20 -14]
,,,-80,0,0,0,0,0,0,0,0,0,0,-92,0,6,1726018787171,0,0,0,0,1726018787171,124,[7 -20 7 -21 7 -20 6 -19 6 -18 5 -18 4 -17 3 -17 2 -16 1 -16 1 -16 0 -15 0 -16 0 -15 -1 -16 -1 -14 -1 -15 -1 -15 0 -13 0 -14 1 -12 1 -11 2 -11 2 -10 3 -9 0 0 0 0 0 0 0 0 0 0 0 0 0 0 0 0 0 0 0 0 0 0 0 -18 2 -19 3 -18 5 -19 6 -18 7 -19 9 -19 9 -19 13 10 -18 13 10 -18 11 -18 13 10 -18 13 10 -17 13 10 -17 11 -17 13 10 -17 13 10 -18 9 -18 9 -18 9 -19 8 -20 9 -20 8]
,,,-80,0,0,0,0,0,0,0,0,0,0,-92,0,6,1726018787190,0,0,0,0,1726018787190,124,[21 3 21 3 19 2 20 2 19 2 18 1 16 0 16 0 15 -1 15 -2 14 -3 14 -3 14 -4 13 -4 13 -4 13 -4 13 -4 13 -4 12 -3 11 -3 11 -2 11 -1 11 0 9 0 8 1 0 0 0 0 0 0 0 0 0 0 0 0 0 0 0 0 0 0 0 0 0 0 17 -2 18 -1 18 0 19 1 18 2 20 4 20 5 19 6 19 7 18 7 19 8 18 8 18 8 18 7 18 7 18 7 18 6 18 6 20 5 20 5 20 4 21 4 20 4 22 4 22 3 22 3]
,,,-80,0,0,0,0,0,0,0,0,0,0,-92,0,6,1726018787209,0,0,0,0,1726018787209,124,[0 -24 -1 -24 -1 -23 -1 -22 -1 -21 -1 -20 -2 -19 -3 -18 -4 -17 -5 -17 -5 -16 -6 -15 -6 -15 -7 -15 -6 -15 -6 -14 -6 -15 -6 -14 -5 -13 -5 -14 -4 -12 -3 -12 -3 -11 -1 -11 0 -11 0 0 0 0 0 0 0 0 0 0 0 0 0 0 0 0 0 0 0 0 0 0 -5 -20 -4 -21 -2 -21 -1 -22 0 -22 2 -24 3 -23 4 -23 5 -23 5 -22 5 -24 5 -22 5 -22 5 -22 5 -22 4 -22 3 -22 3 -23 2 -23 2 -23 2 -24 1 -24 1 -24 0 -25 0 -25 0 -26]
,,,-80,0,0,0,0,0,0,0,0,0,0,-92,0,6,1726018787230,0,0,0,0,1726018787230,124,[-9 20 -9 21 -8 19 -8 19 -7 18 -6 17 -5 17 -4 16 -3 16 -2 16 -2 15 -1 15 0 15 0 15 1 16 0 14 1 15 0 14 0 13 -1 14 -2 12 -2 11 -3 11 -3 13 10 -4 9 0 0 0 0 0 0 0 0 0 0 0 0 0 0 0 0 0 0 0 0 0 0 -3 18 -5 19 -6 18 -8 19 -9 18 -10 19 -12 18 -13 18 -13 17 -14 16 -14 17 -13 17 -13 16 -13 16 -13 16 -12 16 -12 18 -11 17 -11 18 -11 18 -11 19 -10 20 -9 20 -10 21 -9 22 -9]
,,,-80,0,0,0,0,0,0,0,0,0,0,-92,0,6,1726018787252,0,0,0,0,1726018787252,124,[17 -9 17 -9 16 -9 16 -9 15 -9 14 -9 13 -9 12 -9 11 -10 13 10 -10 13 10 -10 9 -10 9 -10 8 -11 8 -11 9 -11 8 -11 8 -11 8 -10 8 -9 8 -8 8 -8 9 -7 8 -6 8 -5 0 0 0 0 0 0 0 0 0 0 0 0 0 0 0 0 0 0 0 0 0 0 12 -10 13 -9 14 -8 15 -8 15 -7 17 -6 17 -5 17 -5 18 -4 18 -3 18 -3 17 -2 18 -2 17 -3 17 -3 17 -4 16 -4 16 -5 17 -6 17 -6 17 -7 18 -7 17 -8 18 -8 19 -8]
,,,-80,0,0,0,0,0,0,0,0,0,0,-92,0,6,1726018787271,0,0,0,0,1726018787271,124,[-21 -10 -22 -10 -20 -9 -20 -8 -19 -8 -19 -7 -18 -6 -17 -5 -17 -4 -17 -3 -17 -2 -17 -1 -17 -1 -16 0 -17 0 -16 0 -17 0 -16 -1 -15 -1 -15 -2 -15 -2 -13 -2 -14 -3 -11 -4 -10 -5 0 0 0 0 0 0 0 0 0 0 0 0 0 0 0 0 0 0 0 0 0 0 -18 -3 -18 -5 -18 -6 -19 -7 -18 -9 -18 -11 -18 -12 -17 -13 -17 -13 -16 -14 -17 -14 -16 -14 -16 -14 -16 -14 -16 -13 -16 -13 -17 -13 -16 -12 -18 -12 -19 -11 -19 -11 -20 -11 -19 -11 -22 -11 -22 -10 -22 -11]
,,,-80,0,0,0,0,0,0,0,0,0,0,-92,0,6,1726018787295,0,0,0,0,1726018787295,124,[-11 -18 -11 -17 -10 -17 -10 -16 -11 -15 -11 -14 -11 -13 -11 -12 -11 -12 -11 -11 -11 -10 -11 -9 -12 -9 -12 -9 -12 -8 -12 -8 -12 -8 -12 -8 -11 -8 -11 -8 -10 -8 -9 -8 -8 -9 -7 -9 -6 -9 0 0 0 0 0 0 0 0 0 0 0 0 0 0 0 0 0 0 0 0 0 0 -10 -12 -10 -13 -9 -14 -8 -15 -8 -15 -7 -17 -6 -18 -6 -17 -5 -18 -4 -18 -4 -19 -3 -18 -3 -18 -4 -17 -4 -17 -5 -18 -5 -17 -6 -18 -7 -18 -8 -17 -8 -17 -9 -18 -9 -18 -9 -19 -10 -18 -10 -19]
,,,-80,0,0,0,0,0,0,0,0,0,0,-92,0,6,1726018787309,0,0,0,0,1726018787309,124,[-23 -6 -23 -6 -22 -6 -21 -5 -21 -4 -20 -4 -19 -2 -18 -3 -18 -1 -18 0 -17 1 -17 1 -17 2 -16 2 -16 2 -17 3 -16 2 -16 2 -15 1 -15 0 -14 0 -14 0 -14 -2 -12 -3 -11 -3 0 0 0 0 0 0 0 0 0 0 0 0 0 0 0 0 0 0 0 0 0 0 -17 0 -18 -2 -18 -3 -19 -4 -19 -6 -19 -7 -19 -8 -19 -9 -18 -10 -19 -11 -18 -11 -17 -11 -18 -10 -18 -10 -17 -10 -18 -10 -18 -9 -19 -9 -20 -9 -21 -8 -21 -7 -21 -7 -22 -7 -23 -7 -23 -6 -23 -7]
,,,-80,0,0,0,0,0,0,0,0,0,0,-92,0,6,1726018787339,0,0,0,0,1726018787339,124,[1 23 1 23 2 22 2 21 2 21 3 20 3 18 4 18 5 17 6 17 6 16 7 15 7 15 8 16 8 15 8 15 7 16 7 15 6 15 5 15 4 13 3 13 2 13 1 13 0 12 0 0 0 0 0 0 0 0 0 0 0 0 0 0 0 0 0 0 0 0 0 0 6 16 4 17 3 17 2 18 1 19 -1 20 -2 20 -3 20 -4 20 -4 20 -5 21 -4 20 -4 19 -4 19 -4 19 -4 20 -3 20 -2 21 -2 21 -1 21 -1 22 0 22 0 23 1 23 1 24 1 24]
,,,-80,0,0,0,0,0,0,0,0,0,0,-92,0,6,1726018787351,0,0,0,0,1726018787351,124,[11 16 11 16 11 16 11 15 11 14 13 10 13 11 12 13 10 11 11 11 12 9 12 9 12 9 12 8 12 8 12 8 12 8 12 8 11 8 11 8 13 10 8 9 8 9 8 8 9 6 8 5 9 0 0 0 0 0 0 0 0 0 0 0 0 0 0 0 0 0 0 0 0 0 0 13 10 9 13 10 13 10 9 11 9 12 8 13 8 14 7 15 6 16 5 16 6 16 5 17 5 16 5 16 5 16 5 16 6 16 6 16 7 16 7 16 8 16 9 16 9 17 13 10]
,,,-80,0,0,0,0,0,0,0,0,0,0,-92,0,6,1726018787371,0,0,0,0,1726018787371,124,[-12 19 -12 19 -10 19 -11 18 -10 18 -9 17 -8 17 -7 17 -6 17 -5 17 -5 16 -4 16 -3 16 -3 17 -2 17 -3 17 -3 16 -3 16 -3 15 -4 15 -5 13 -6 13 -6 12 -7 11 -7 13 10 0 0 0 0 0 0 0 0 0 0 0 0 0 0 0 0 0 0 0 0 0 0 -3 15 -5 16 -6 15 -7 16 -9 16 -10 16 -11 16 -12 15 -13 15 -14 14 -14 15 -14 14 -14 13 -14 13 -13 13 -14 15 -13 15 -12 15 -13 16 -12 17 -12 17 -12 18 -12 19 -13 19 -13 20 -12]
,,,-80,0,0,0,0,0,0,0,0,0,0,-92,0,6,1726018787391,0,0,0,0,1726018787391,124,[20 11 20 11 19 13 10 19 9 19 13 10 18 8 17 7 16 6 17 5 16 4 17 3 17 2 17 2 16 1 16 1 17 1 16 1 16 2 15 2 14 3 14 3 13 4 12 5 13 10 5 9 6 0 0 0 0 0 0 0 0 0 0 0 0 0 0 0 0 0 0 0 0 0 0 15 4 15 6 15 7 15 8 15 9 15 11 14 12 13 13 13 14 13 14 13 14 13 14 13 14 13 14 13 14 14 14 14 13 15 14 16 13 17 13 17 12 18 12 17 12 19 12 20]
,,,-80,0,0,0,0,0,0,0,0,0,0,-92,0,6,1726018787409,0,0,0,0,1726018787409,124,[-16 -17 -16 -17 -15 -16 -15 -15 -16 -15 -15 -14 -15 -12 -15 -12 -15 -11 -16 -10 -16 -8 -16 -8 -16 -8 -16 -8 -16 -8 -16 -7 -16 -8 -15 -8 -14 -9 -13 -9 -13 -9 -12 -9 -11 -9 -9 -9 -7 -10 0 0 0 0 0 0 0 0 0 0 0 0 0 0 0 0 0 0 0 0 0 0 -14 -9 -14 -11 -14 -12 -14 -13 -13 -14 -12 -16 -11 -17 -11 -18 -10 -18 -10 -18 -10 -19 -9 -18 -10 -18 -10 -18 -10 -18 -11 -18 -11 -17 -11 -17 -12 -18 -13 -18 -14 -18 -14 -18 -15 -18 -16 -18 -16 -18 -16 -19]
,,,-80,0,0,0,0,0,0,0,0,0,0,-92,0,6,1726018787429,0,0,0,0,1726018787429,124,[2 -22 2 -22 1 -22 1 -21 0 -20 0 -19 -1 -19 -2 -18 -3 -18 -4 -18 -4 -17 -5 -16 -5 -16 -6 -16 -6 -17 -5 -16 -5 -17 -5 -16 -4 -16 -3 -15 -2 -14 -1 -14 -1 -13 1 -12 2 -11 0 0 0 0 0 0 0 0 0 0 0 0 0 0 0 0 0 0 0 0 0 0 -3 -17 -2 -18 -1 -18 0 -19 2 -19 3 -20 4 -20 6 -20 6 -20 7 -19 7 -20 7 -19 7 -19 7 -19 7 -19 6 -19 6 -20 5 -20 5 -21 5 -21 4 -22 4 -22 3 -22 3 -23 3 -23 3 -24]
,,,-80,0,0,0,0,0,0,0,0,0,0,-92,0,6,1726018787455,0,0,0,0,1726018787455,124,[-4 -25 -4 -25 -4 -24 -4 -23 -5 -22 -6 -21 -6 -19 -7 -19 -8 -19 -9 -18 -9 -17 -10 -16 -10 -16 -11 -16 -11 -16 -11 -16 -10 -16 -10 -16 -9 -16 -7 -16 -6 -14 -5 -14 -4 -13 -3 -14 -1 -13 0 0 0 0 0 0 0 0 0 0 0 0 0 0 0 0 0 0 0 0 0 0 -8 -20 -6 -21 -6 -21 -4 -22 -2 -23 -2 -25 0 -25 1 -25 2 -25 3 -25 4 -26 3 -25 3 -24 4 -25 3 -23 2 -25 2 -25 1 -25 1 -25 -1 -25 -1 -26 -2 -26 -2 -26 -2 -26 -3 -27 -3 -27]
,,,-80,0,0,0,0,0,0,0,0,0,0,-92,0,6,1726018787469,0,0,0,0,1726018787469,124,[0 20 0 21 0 20 0 18 1 18 1 17 2 16 3 16 3 15 5 15 5 14 5 13 6 13 6 13 6 14 6 13 6 13 5 13 4 13 4 13 3 11 2 11 1 13 10 0 13 10 -1 13 10 0 0 0 0 0 0 0 0 0 0 0 0 0 0 0 0 0 0 0 0 0 0 4 17 3 18 2 17 0 19 -1 18 -2 20 -3 20 -4 20 -5 20 -5 19 -5 21 -5 19 -5 19 -5 19 -5 19 -5 19 -5 20 -4 20 -3 20 -3 20 -3 21 -2 21 -2 21 -2 22 -1]
,,,-80,0,0,0,0,0,0,0,0,0,0,-92,0,6,1726018787489,0,0,0,0,1726018787489,124,[20 2 20 2 19 1 19 1 18 1 17 0 17 -1 15 -2 15 -2 15 -3 14 -4 14 -5 14 -5 13 -5 14 -5 14 -5 13 -4 13 -4 12 -3 12 -3 12 -2 11 -1 11 0 13 10 0 8 1 0 0 0 0 0 0 0 0 0 0 0 0 0 0 0 0 0 0 0 0 0 0 16 -3 18 -2 18 -1 19 0 19 1 20 3 19 4 19 5 19 6 19 6 19 7 19 7 19 7 19 7 19 6 19 6 19 6 19 5 20 5 20 4 20 4 21 3 21 3 22 3 22 3 22]
,,,-80,0,0,0,0,0,0,0,0,0,0,-92,0,6,1726018787510,0,0,0,0,1726018787510,124,[-25 -3 -25 -2 -23 -2 -23 -2 -23 0 -22 1 -20 1 -19 2 -18 3 -18 3 -18 4 -17 5 -17 6 -16 6 -17 6 -17 6 -16 5 -15 5 -15 4 -15 4 -15 3 -15 2 -14 1 -12 0 -12 -1 0 0 0 0 0 0 0 0 0 0 0 0 0 0 0 0 0 0 0 0 0 0 -21 1 -22 0 -22 -1 -23 -3 -23 -4 -24 -5 -24 -7 -24 -8 -23 -8 -23 -9 -24 -10 -23 -9 -23 -9 -23 -9 -23 -9 -23 -8 -23 -7 -23 -7 -24 -7 -25 -5 -25 -5 -26 -4 -25 -5 -27 -4 -27 -4 -27 -4]
,,,-80,0,0,0,0,0,0,0,0,0,0,-92,0,6,1726018787529,0,0,0,0,1726018787529,124,[-14 -17 -14 -17 -13 -17 -13 -16 -13 -14 -13 -13 -13 -12 -13 -11 -14 -11 -14 -10 -14 -9 -14 -8 -14 -7 -14 -8 -14 -7 -14 -7 -14 -7 -13 -8 -12 -7 -12 -8 -11 -7 -10 -7 -10 -8 -8 -9 -7 -9 0 0 0 0 0 0 0 0 0 0 0 0 0 0 0 0 0 0 0 0 0 0 -14 -13 -13 -14 -13 -15 -12 -16 -11 -17 -11 -19 -10 -19 -9 -20 -8 -20 -8 -20 -7 -21 -7 -20 -8 -20 -8 -20 -8 -19 -9 -19 -9 -19 -10 -19 -11 -19 -11 -19 -12 -19 -12 -19 -13 -19 -13 -19 -14 -19 -14 -19]
,,,-80,0,0,0,0,0,0,0,0,0,0,-92,0,6,1726018787549,0,0,0,0,1726018787549,124,[24 -8 24 -8 23 -8 22 -8 21 -8 20 -9 19 -9 17 -10 16 -11 15 -11 15 -11 14 -12 14 -12 14 -12 13 -13 14 -12 13 -12 13 -11 13 -10 12 -10 13 -9 13 -7 13 -6 11 -5 11 -4 0 0 0 0 0 0 0 0 0 0 0 0 0 0 0 0 0 0 0 0 0 0 16 -12 18 -11 19 -10 21 -9 21 -7 22 -7 23 -5 23 -4 23 -4 24 -3 24 -2 23 -2 24 -2 23 -2 23 -2 23 -3 23 -4 23 -4 24 -5 24 -5 24 -6 25 -7 25 -7 26 -8 26 -8 25 -9]
,,,-80,0,0,0,0,0,0,0,0,0,0,-92,0,6,1726018787569,0,0,0,0,1726018787569,124,[7 -21 7 -21 6 -20 6 -20 6 -19 5 -18 4 -18 3 -17 1 -17 0 -17 0 -17 -1 -16 -1 -16 -2 -16 -2 -17 -1 -16 -1 -16 -1 -15 0 -15 0 -14 1 -13 2 -12 2 -12 2 -11 4 -11 0 0 0 0 0 0 0 0 0 0 0 0 0 0 0 0 0 0 0 0 0 0 0 -18 2 -19 3 -18 4 -19 6 -18 7 -20 8 -19 9 -19 13 10 -18 13 10 -18 13 10 -18 13 10 -18 13 10 -17 13 10 -18 13 10 -17 13 10 -18 9 -18 9 -18 9 -20 9 -20 9 -20 9 -20]
,,,-80,0,0,0,0,0,0,0,0,0,0,-92,0,6,1726018787589,0,0,0,0,1726018787589,124,[13 10 19 9 19 13 10 18 13 10 17 9 16 13 10 15 13 10 14 13 10 13 13 10 12 11 11 11 13 10 11 9 11 9 12 13 10 12 9 11 9 11 9 13 10 13 10 13 10 9 9 13 10 8 9 7 9 7 9 5 9 4 9 0 0 0 0 0 0 0 0 0 0 0 0 0 0 0 0 0 0 0 0 0 0 12 11 11 13 13 10 13 13 10 14 9 15 9 17 7 18 6 19 6 19 5 19 5 20 5 19 5 19 5 19 5 19 6 19 6 19 7 19 7]
,,,-80,0,0,0,0,0,0,0,0,0,0,-92,0,6,1726018787618,0,0,0,0,1726018787618,124,[-22 -7 -22 -7 -21 -7 -20 -6 -20 -5 -19 -3 -18 -3 -17 -2 -17 -1 -17 0 -17 0 -16 1 -17 1 -16 2 -16 2 -16 2 -16 2 -15 1 -14 1 -14 0 -14 0 -13 -1 -13 -2 -11 -2 -10 -3 0 0 0 0 0 0 0 0 0 0 0 0 0 0 0 0 0 0 0 0 0 0 -18 -1 -18 -3 -19 -4 -19 -5 -19 -6 -20 -8 -20 -9 -19 -10 -19 -10 -19 -11 -19 -12 -18 -12 -19 -12 -18 -11 -19 -11 -19 -11 -19 -10 -19 -10 -20 -9 -21 -9 -22 -8 -22 -8 -22 -8 -23 -8 -23 -8 -23 -8]
,,,-80,0,0,0,0,0,0,0,0,0,0,-92,0,6,1726018787632,0,0,0,0,1726018787632,124,[2 -22 2 -22 1 -21 1 -21 0 -19 -1 -19 -1 -18 -2 -17 -3 -17 -4 -17 -4 -16 -4 -15 -6 -15 -6 -15 -6 -15 -6 -14 -6 -15 -5 -14 -5 -14 -5 -14 -3 -12 -2 -12 -2 -12 -1 -11 0 -10 0 0 0 0 0 0 0 0 0 0 0 0 0 0 0 0 0 0 0 0 0 0 -3 -18 -2 -19 0 -19 1 -20 2 -20 4 -22 4 -21 5 -21 6 -21 7 -20 7 -21 7 -21 7 -20 7 -20 7 -20 6 -21 6 -21 6 -21 5 -22 5 -22 4 -22 4 -23 3 -23 4 -24 3 -24 3 -24]
,,,-80,0,0,0,0,0,0,0,0,0,0,-92,0,6,1726018787671,0,0,0,0,1726018787671,124,[-17 -16 -16 -16 -16 -15 -16 -14 -16 -13 -15 -12 -15 -11 -14 -10 -15 -9 -15 -8 -15 -7 -16 -6 -16 -6 -15 -5 -15 -5 -15 -5 -15 -6 -14 -6 -14 -6 -13 -6 -12 -6 -11 -6 -11 -7 -9 -7 -7 -7 0 0 0 0 0 0 0 0 0 0 0 0 0 0 0 0 0 0 0 0 0 0 -17 -9 -16 -11 -16 -12 -16 -13 -15 -15 -15 -16 -15 -18 -13 -18 -13 -18 -13 -19 -13 -20 -12 -19 -12 -19 -12 -19 -12 -19 -13 -19 -13 -18 -13 -18 -15 -19 -15 -18 -16 -18 -16 -18 -16 -18 -17 -18 -17 -18 -17 -18]
,,,-80,0,0,0,0,0,0,0,0,0,0,-92,0,6,1726018787682,0,0,0,0,1726018787682,124,[16 -12 15 -11 14 -11 14 -11 13 -11 12 -11 11 -11 9 -11 8 -12 7 -12 7 -12 7 -12 6 -12 6 -13 5 -13 6 -12 5 -13 6 -12 6 -11 6 -11 6 -9 6 -9 6 -8 6 -7 6 -6 0 0 0 0 0 0 0 0 0 0 0 0 0 0 0 0 0 0 0 0 0 0 13 10 -12 11 -12 12 -11 13 -11 14 -10 15 -10 16 -9 17 -9 17 -8 17 -7 17 -8 17 -7 17 -7 17 -7 17 -8 17 -8 17 -8 17 -9 17 -9 17 -10 17 -11 17 -11 17 -11 17 -12 18 -12 17]
,,,-80,0,0,0,0,0,0,0,0,0,0,-92,0,6,1726018787694,0,0,0,0,1726018787694,124,[6 21 6 21 6 19 6 18 7 17 7 15 7 15 8 14 8 13 9 12 9 11 9 11 11 11 13 10 13 10 11 11 13 10 13 10 13 10 11 9 11 9 13 10 8 13 10 7 13 10 6 9 5 13 10 4 9 3 9 0 0 0 0 0 0 0 0 0 0 0 0 0 0 0 0 0 0 0 0 0 0 9 14 9 15 8 15 7 17 5 17 5 20 4 20 3 20 3 20 1 20 1 21 1 21 2 20 2 20 2 20 2 20 3 21 3 20 4 21 5 21 5 21 6]
,,,-80,0,0,0,0,0,0,0,0,0,0,-92,0,6,1726018787709,0,0,0,0,1726018787709,124,[16 14 16 14 15 13 15 12 15 11 14 13 10 14 8 13 8 13 7 14 6 14 4 14 4 15 4 14 4 15 4 14 3 14 4 13 5 13 4 12 5 11 5 11 5 13 10 6 8 6 7 6 0 0 0 0 0 0 0 0 0 0 0 0 0 0 0 0 0 0 0 0 0 0 15 6 15 7 14 7 14 9 14 11 14 13 14 13 13 13 12 15 12 15 12 16 12 15 12 15 12 15 13 15 13 15 13 15 13 15 15 15 15 14 16 14 16 15 16 14 16 15 18 16]
,,,-80,0,0,0,0,0,0,0,0,0,0,-92,0,6,1726018787734,0,0,0,0,1726018787734,124,[22 -2 21 -2 20 -3 19 -3 18 -3 18 -4 16 -5 15 -5 15 -6 14 -7 14 -7 13 -8 13 -8 12 -9 12 -9 13 -9 12 -8 12 -8 12 -7 12 -6 12 -6 12 -5 11 -4 13 10 -3 9 -2 0 0 0 0 0 0 0 0 0 0 0 0 0 0 0 0 0 0 0 0 0 0 14 -6 14 -5 16 -4 16 -3 17 -2 17 -1 18 0 18 1 18 2 19 3 18 3 18 2 19 3 19 3 19 2 19 1 19 1 20 1 20 0 21 -1 21 -1 22 -1 22 -1 23 -2 23 -2 23]
,,,-80,0,0,0,0,0,0,0,0,0,0,-92,0,6,1726018787762,0,0,0,0,1726018787762,124,[-22 -17 -22 -17 -19 -15 -20 -15 -20 -13 -19 -12 -18 -11 -18 -10 -17 -8 -19 -7 -19 -6 -19 -5 -19 -4 -18 -4 -19 -4 -18 -4 -19 -5 -18 -5 -17 -5 -17 -6 -16 -6 -14 -6 -13 -7 -11 -7 -10 -8 0 0 0 0 0 0 0 0 0 0 0 0 0 0 0 0 0 0 0 0 0 0 -16 -6 -17 -8 -17 -9 -18 -11 -16 -11 -17 -15 -16 -14 -16 -16 -15 -16 -15 -17 -16 -17 -15 -17 -16 -17 -16 -17 -17 -18 -16 -17 -17 -17 -17 -17 -19 -17 -20 -17 -21 -17 -21 -17 -20 -18 -23 -17 -22 -17 -23 -18]
,,,-80,0,0,0,0,0,0,0,0,0,0,-92,0,6,1726018787774,0,0,0,0,1726018787774,124,[20 13 10 20 13 10 19 13 10 19 9 18 8 18 7 17 6 16 5 16 3 16 2 16 2 16 1 17 1 16 1 17 0 16 1 16 1 15 1 15 2 14 2 14 3 13 3 12 4 13 10 4 9 5 0 0 0 0 0 0 0 0 0 0 0 0 0 0 0 0 0 0 0 0 0 0 15 0 15 2 16 3 16 4 16 6 16 7 16 8 16 9 16 13 10 17 11 16 11 16 13 10 17 11 16 11 17 11 17 11 17 11 18 13 10 19 11 19 13 10 20 11 21 11]
,,,-80,0,0,0,0,0,0,0,0,0,0,-92,0,6,1726018787789,0,0,0,0,1726018787789,124,[-9 -19 -9 -19 -9 -19 -9 -17 -9 -16 -9 -15 -9 -14 -10 -13 -10 -12 -11 -11 -11 -11 -11 -10 -12 -10 -12 -10 -13 -10 -12 -9 -12 -10 -11 -10 -10 -10 -10 -10 -9 -9 -8 -9 -7 -9 -6 -9 -5 -9 0 0 0 0 0 0 0 0 0 0 0 0 0 0 0 0 0 0 0 0 0 0 -10 -11 -9 -12 -9 -13 -8 -13 -8 -14 -7 -16 -6 -16 -5 -17 -5 -17 -5 -18 -5 -18 -4 -18 -5 -18 -5 -18 -5 -18 -6 -18 -6 -18 -7 -19 -7 -19 -8 -19 -8 -19 -9 -19 -9 -20 -9 -20 -9 -20 -9 -21]
,,,-80,0,0,0,0,0,0,0,0,0,0,-92,0,6,1726018787828,0,0,0,0,1726018787828,124,[17 -18 17 -16 17 -17 15 -16 14 -16 13 -16 12 -16 13 10 -16 9 -16 8 -16 8 -16 7 -16 6 -16 6 -17 6 -17 6 -16 6 -16 6 -16 6 -15 7 -15 7 -13 8 -12 8 -11 8 -10 8 -9 0 0 0 0 0 0 0 0 0 0 0 0 0 0 0 0 0 0 0 0 0 0 6 -16 8 -16 13 10 -16 11 -15 13 -15 14 -15 14 -15 15 -15 17 -14 17 -13 17 -13 17 -13 18 -12 17 -12 17 -12 18 -13 16 -14 17 -14 17 -15 17 -16 17 -16 18 -17 18 -18 18 -17 19 -19]
,,,-80,0,0,0,0,0,0,0,0,0,0,-92,0,6,1726018787844,0,0,0,0,1726018787844,124,[-15 -16 -15 -15 -14 -14 -15 -14 -14 -13 -14 -12 -14 -11 -14 -10 -14 -9 -14 -8 -14 -7 -14 -6 -15 -6 -14 -6 -15 -6 -14 -5 -14 -6 -14 -6 -13 -7 -12 -7 -12 -7 -11 -7 -10 -7 -8 -7 -7 -8 0 0 0 0 0 0 0 0 0 0 0 0 0 0 0 0 0 0 0 0 0 0 -13 -8 -13 -9 -13 -10 -13 -11 -13 -12 -12 -14 -12 -15 -11 -16 -10 -16 -10 -16 -10 -17 -10 -16 -11 -16 -10 -16 -11 -16 -11 -17 -12 -16 -12 -16 -13 -17 -13 -16 -14 -16 -14 -16 -14 -16 -16 -16 -16 -16 -16 -17]
,,,-80,0,0,0,0,0,0,0,0,0,0,-92,0,6,1726018787867,0,0,0,0,1726018787867,124,[-21 -13 -21 -13 -19 -11 -20 -11 -19 -10 -19 -9 -18 -9 -18 -7 -18 -7 -18 -5 -18 -4 -17 -3 -18 -3 -17 -3 -18 -3 -17 -2 -17 -3 -16 -3 -15 -4 -15 -4 -14 -5 -13 -5 -13 -5 -11 -6 -9 -7 0 0 0 0 0 0 0 0 0 0 0 0 0 0 0 0 0 0 0 0 0 0 -17 -5 -17 -7 -18 -7 -18 -9 -18 -10 -18 -13 -17 -13 -16 -14 -16 -15 -16 -16 -17 -16 -16 -15 -16 -16 -16 -15 -16 -15 -17 -15 -17 -14 -17 -14 -19 -15 -19 -14 -20 -14 -20 -13 -20 -14 -22 -14 -23 -14 -22 -14]
,,,-80,0,0,0,0,0,0,0,0,0,0,-92,0,6,1726018787878,0,0,0,0,1726018787878,124,[20 7 20 7 18 7 19 6 18 6 17 5 16 4 15 3 15 2 15 0 15 0 15 -1 16 0 14 0 14 0 14 0 14 -1 13 0 13 1 13 1 12 2 12 1 12 2 9 3 8 4 0 0 0 0 0 0 0 0 0 0 0 0 0 0 0 0 0 0 0 0 0 0 15 0 15 2 15 2 16 4 16 5 16 6 16 7 16 9 16 13 10 16 13 10 16 11 15 13 10 16 9 16 9 16 9 16 9 16 9 17 9 18 8 19 9 19 9 19 9 19 8 20 7 21]
,,,-80,0,0,0,0,0,0,0,0,0,0,-92,0,6,1726018787890,0,0,0,0,1726018787890,124,[-25 0 -25 1 -23 1 -23 1 -22 2 -22 2 -20 3 -19 4 -18 5 -18 5 -18 6 -17 7 -17 7 -16 7 -16 7 -17 7 -16 6 -15 6 -15 5 -15 4 -15 3 -14 2 -14 1 -12 0 -11 -1 0 0 0 0 0 0 0 0 0 0 0 0 0 0 0 0 0 0 0 0 0 0 -17 5 -18 3 -19 2 -21 1 -21 0 -21 -1 -22 -3 -22 -4 -22 -4 -22 -5 -22 -5 -22 -5 -22 -5 -22 -5 -22 -4 -22 -4 -23 -3 -22 -3 -24 -2 -24 -2 -25 -1 -25 -1 -25 -1 -26 0 -27 0 -26 1]
,,,-80,0,0,0,0,0,0,0,0,0,0,-92,0,6,1726018787917,0,0,0,0,1726018787917,124,[-7 -25 -6 -24 -7 -24 -6 -22 -7 -21 -7 -20 -7 -19 -8 -18 -9 -18 -10 -17 -10 -16 -11 -15 -10 -15 -11 -15 -11 -15 -11 -15 -10 -15 -9 -15 -8 -15 -7 -14 -6 -13 -5 -14 -5 -13 -3 -12 -2 -12 0 0 0 0 0 0 0 0 0 0 0 0 0 0 0 0 0 0 0 0 0 0 -10 -17 -8 -18 -8 -19 -6 -20 -6 -21 -4 -22 -3 -24 -2 -24 -1 -23 0 -24 0 -24 0 -24 0 -23 -1 -22 0 -22 -1 -23 -2 -23 -2 -24 -3 -23 -3 -24 -4 -24 -4 -24 -5 -25 -6 -25 -7 -25 -6 -26]
,,,-80,0,0,0,0,0,0,0,0,0,0,-92,0,6,1726018787930,0,0,0,0,1726018787930,124,[-20 16 -20 16 -18 16 -18 15 -17 15 -15 15 -14 15 -13 15 -11 15 -10 15 -11 15 -10 15 -9 16 -8 16 -8 16 -9 15 -9 15 -9 14 -9 13 -9 13 -10 11 -11 13 10 -10 9 -10 8 -10 6 0 0 0 0 0 0 0 0 0 0 0 0 0 0 0 0 0 0 0 0 0 0 -12 15 -14 14 -16 14 -17 13 -18 13 -20 12 -21 12 -21 11 -22 13 10 -23 9 -23 9 -23 9 -22 9 -22 8 -22 9 -21 11 -21 13 10 -21 11 -22 12 -21 13 -21 14 -21 14 -21 15 -22 15 -22]
,,,-80,0,0,0,0,0,0,0,0,0,0,-92,0,6,1726018787953,0,0,0,0,1726018787953,124,[6 -25 6 -24 5 -25 4 -23 4 -22 3 -22 2 -21 1 -21 0 -21 -1 -21 -1 -19 -2 -19 -3 -18 -3 -20 -3 -19 -3 -19 -2 -19 -1 -18 -1 -18 0 -17 1 -15 2 -14 3 -14 3 -13 5 -12 0 0 0 0 0 0 0 0 0 0 0 0 0 0 0 0 0 0 0 0 0 0 0 -22 2 -22 3 -22 4 -22 6 -23 8 -23 9 -24 11 -23 11 -23 12 -22 12 -23 12 -22 12 -22 12 -21 11 -21 11 -23 13 10 -23 13 10 -24 9 -23 9 -24 9 -24 8 -25 7 -26 8 -26 8 -26]
,,,-80,0,0,0,0,0,0,0,0,0,0,-92,0,6,1726018787969,0,0,0,0,1726018787969,124,[17 -12 17 -12 16 -12 15 -12 14 -12 14 -12 12 -12 11 -12 13 10 -12 9 -13 9 -13 8 -13 8 -13 8 -14 7 -14 8 -13 8 -13 8 -13 8 -12 8 -11 8 -10 9 -8 9 -8 8 -7 8 -5 0 0 0 0 0 0 0 0 0 0 0 0 0 0 0 0 0 0 0 0 0 0 12 -13 13 -12 14 -11 15 -11 16 -10 17 -10 19 -9 19 -8 19 -8 20 -7 20 -7 20 -6 20 -6 19 -7 18 -7 19 -8 18 -8 19 -9 19 -9 19 -10 19 -11 19 -11 18 -11 19 -12 19 -12 18]
,,,-80,0,0,0,0,0,0,0,0,0,0,-92,0,6,1726018787994,0,0,0,0,1726018787994,124,[16 -10 16 -10 15 -11 14 -11 13 -10 12 -10 12 -11 13 10 -11 9 -11 8 -12 8 -12 7 -12 7 -12 6 -12 7 -13 7 -12 7 -12 7 -11 7 -11 7 -10 8 -9 8 -8 8 -7 8 -6 8 -5 0 0 0 0 0 0 0 0 0 0 0 0 0 0 0 0 0 0 0 0 0 0 12 -11 14 -10 15 -10 16 -9 17 -8 18 -8 19 -7 18 -6 19 -5 19 -4 19 -5 18 -5 18 -5 18 -5 18 -5 18 -6 17 -6 17 -7 18 -7 18 -8 18 -8 18 -9 17 -9 18 -10 18 -10 17]
,,,-80,0,0,0,0,0,0,0,0,0,0,-92,0,6,1726018788018,0,0,0,0,1726018788018,124,[-20 -9 -20 -9 -18 -9 -18 -7 -18 -8 -17 -6 -16 -5 -16 -4 -15 -3 -16 -2 -16 -1 -16 0 -16 0 -15 0 -16 0 -16 0 -16 0 -15 -1 -14 -2 -14 -3 -14 -3 -13 -3 -13 -4 -10 -4 -9 -6 0 0 0 0 0 0 0 0 0 0 0 0 0 0 0 0 0 0 0 0 0 0 -18 -5 -18 -6 -19 -8 -19 -9 -18 -10 -19 -12 -18 -13 -17 -14 -16 -15 -17 -15 -16 -15 -16 -14 -16 -14 -16 -14 -16 -14 -16 -14 -16 -13 -16 -13 -18 -13 -18 -12 -19 -12 -19 -11 -19 -11 -21 -11 -20 -10 -20 -10]
,,,-80,0,0,0,0,0,0,0,0,0,0,-92,0,6,1726018788031,0,0,0,0,1726018788031,124,[-5 -20 -5 -20 -5 -19 -5 -18 -6 -17 -6 -17 -7 -15 -7 -15 -8 -14 -9 -13 -10 -12 -10 -12 -11 -12 -10 -12 -11 -12 -11 -11 -10 -12 -10 -12 -9 -12 -8 -12 -7 -11 -7 -11 -6 -11 -4 -11 -3 -11 0 0 0 0 0 0 0 0 0 0 0 0 0 0 0 0 0 0 0 0 0 0 -7 -17 -6 -19 -5 -19 -4 -20 -3 -20 -2 -22 0 -22 1 -22 2 -22 1 -21 2 -22 2 -21 2 -21 1 -20 1 -20 1 -21 0 -21 0 -21 -1 -21 -1 -21 -3 -21 -2 -21 -3 -22 -4 -22 -4 -22 -5 -22]
,,,-80,0,0,0,0,0,0,0,0,0,0,-92,0,6,1726018788078,0,0,0,0,1726018788078,124,[20 -5 19 -5 18 -5 17 -5 16 -6 15 -7 14 -7 13 -8 12 -9 12 -9 12 -10 11 -10 11 -10 11 -11 13 10 -11 11 -11 11 -10 13 10 -10 13 10 -9 13 10 -9 13 10 -7 13 10 -6 13 10 -5 9 -5 9 -4 0 0 0 0 0 0 0 0 0 0 0 0 0 0 0 0 0 0 0 0 0 0 14 -9 15 -8 16 -7 17 -6 18 -5 18 -4 19 -3 19 -2 20 -1 20 0 20 0 19 1 19 1 19 0 19 0 19 -1 19 -1 19 -2 19 -2 20 -3 20 -4 21 -4 20]
,,,-80,0,0,0,0,0,0,0,0,0,0,-92,0,6,1726018788090,0,0,0,0,1726018788090,124,[0 -21 0 -21 -1 -20 -1 -20 -1 -18 -2 -18 -3 -17 -4 -16 -5 -16 -7 -15 -7 -14 -7 -14 -8 -14 -8 -15 -9 -15 -8 -14 -8 -15 -7 -15 -6 -14 -6 -14 -4 -13 -4 -12 -3 -12 -2 -12 -1 -11 0 0 0 0 0 0 0 0 0 0 0 0 0 0 0 0 0 0 0 0 0 0 -6 -17 -4 -18 -3 -18 -2 -19 -1 -19 1 -21 2 -21 3 -21 4 -20 4 -21 5 -21 4 -20 4 -20 5 -19 5 -20 4 -20 4 -20 3 -20 3 -21 3 -21 2 -22 2 -22 1 -22 0 -23 0 -23 0 -23]
,,,-80,0,0,0,0,0,0,0,0,0,0,-92,0,6,1726018788101,0,0,0,0,1726018788101,124,[20 -1 21 -1 18 -2 19 -2 17 -3 17 -4 15 -4 14 -5 14 -6 14 -7 14 -7 13 -8 13 -9 12 -9 13 -9 13 -8 13 -8 12 -8 12 -7 12 -7 11 -5 11 -4 11 -3 13 10 -3 9 -2 0 0 0 0 0 0 0 0 0 0 0 0 0 0 0 0 0 0 0 0 0 0 15 -6 16 -5 16 -3 18 -2 18 -1 20 0 19 1 19 2 19 3 19 4 19 4 19 4 19 5 18 4 19 4 18 3 19 2 19 2 20 2 20 1 21 0 21 0 20 0 22 1 22 1 22]
,,,-80,0,0,0,0,0,0,0,0,0,0,-92,0,6,1726018788113,0,0,0,0,1726018788113,124,[19 2 18 2 18 2 18 1 16 1 16 0 15 -1 14 -1 14 -3 13 -4 13 -5 13 -5 13 -5 13 -6 13 -6 13 -5 13 -4 13 -4 12 -3 12 -3 11 -2 11 -1 11 -1 9 0 8 1 0 0 0 0 0 0 0 0 0 0 0 0 0 0 0 0 0 0 0 0 0 0 14 -3 15 -2 16 -1 16 0 17 1 17 3 17 4 17 5 16 6 17 6 17 6 17 6 17 6 16 6 16 6 17 6 17 5 17 5 18 4 18 5 18 4 19 4 19 4 20 2 20 2 20 3]
,,,-80,0,0,0,0,0,0,0,0,0,0,-92,0,6,1726018788137,0,0,0,0,1726018788137,124,[21 -7 21 -8 19 -7 19 -8 18 -8 16 -8 16 -9 14 -9 12 -10 12 -10 12 -11 11 -11 11 -12 11 -12 11 -12 11 -11 11 -11 11 -10 11 -9 13 10 -8 13 10 -7 13 10 -6 13 10 -5 9 -5 8 -3 0 0 0 0 0 0 0 0 0 0 0 0 0 0 0 0 0 0 0 0 0 0 14 -10 16 -9 17 -9 19 -8 19 -6 21 -6 21 -4 21 -3 21 -2 21 -1 21 -1 21 -2 21 -2 21 -1 21 -2 20 -3 21 -3 20 -4 21 -4 21 -4 22 -5 22 -6 21 -6 23 -7]
,,,-80,0,0,0,0,0,0,0,0,0,0,-92,0,6,1726018788163,0,0,0,0,1726018788163,124,[18 12 19 13 18 12 18 13 10 17 13 10 17 9 16 8 15 6 16 5 16 4 16 3 16 3 16 3 16 2 17 2 16 3 16 4 14 3 14 4 12 5 11 4 11 5 13 10 6 8 5 6 6 0 0 0 0 0 0 0 0 0 0 0 0 0 0 0 0 0 0 0 0 0 0 17 5 18 8 17 9 18 13 10 17 12 16 14 16 15 16 15 14 16 14 17 14 17 14 17 14 16 14 16 14 16 14 16 15 15 15 15 16 15 17 15 17 15 17 14 18 14 19 13]
,,,-80,0,0,0,0,0,0,0,0,0,0,-92,0,6,1726018788175,0,0,0,0,1726018788175,124,[-10 -20 -11 -20 -10 -19 -11 -18 -11 -17 -11 -16 -11 -14 -11 -14 -12 -12 -13 -11 -13 -11 -13 -10 -13 -10 -13 -10 -13 -10 -13 -10 -13 -10 -12 -11 -10 -10 -10 -10 -9 -10 -8 -9 -7 -9 -6 -9 -4 -9 0 0 0 0 0 0 0 0 0 0 0 0 0 0 0 0 0 0 0 0 0 0 -12 -15 -11 -17 -10 -17 -9 -19 -8 -19 -7 -21 -6 -21 -5 -22 -4 -21 -4 -22 -4 -22 -4 -22 -4 -21 -4 -21 -4 -21 -5 -21 -6 -21 -6 -21 -7 -22 -7 -21 -8 -21 -9 -21 -9 -21 -10 -22 -11 -21 -10 -22]
,,,-80,0,0,0,0,0,0,0,0,0,0,-92,0,6,1726018788191,0,0,0,0,1726018788191,124,[-14 -17 -14 -17 -13 -16 -13 -16 -13 -14 -13 -13 -12 -12 -13 -11 -13 -10 -14 -9 -14 -8 -14 -7 -15 -7 -14 -7 -15 -8 -14 -6 -14 -7 -13 -8 -11 -8 -11 -8 -10 -8 -9 -8 -8 -8 -7 -8 -5 -8 0 0 0 0 0 0 0 0 0 0 0 0 0 0 0 0 0 0 0 0 0 0 -15 -12 -14 -14 -13 -15 -13 -17 -12 -17 -11 -20 -10 -20 -9 -20 -8 -21 -8 -20 -8 -21 -8 -20 -8 -20 -8 -19 -8 -20 -9 -20 -9 -19 -9 -19 -10 -20 -11 -19 -11 -19 -12 -19 -12 -19 -13 -19 -14 -19 -14 -19]
,,,-80,0,0,0,0,0,0,0,0,0,0,-92,0,6,1726018788212,0,0,0,0,1726018788212,124,[-24 -5 -25 -4 -22 -4 -23 -3 -22 -3 -21 -1 -20 0 -18 1 -18 1 -18 2 -18 3 -18 4 -18 4 -16 4 -17 5 -17 4 -16 4 -16 3 -15 2 -15 2 -14 1 -13 -1 -13 -1 -11 -2 -11 -3 0 0 0 0 0 0 0 0 0 0 0 0 0 0 0 0 0 0 0 0 0 0 -20 0 -21 -2 -22 -2 -22 -4 -22 -6 -23 -7 -23 -8 -22 -9 -21 -11 -21 -11 -22 -12 -21 -12 -21 -12 -21 -12 -22 -11 -22 -10 -22 -10 -21 -9 -23 -9 -23 -8 -24 -8 -24 -7 -23 -7 -25 -7 -25 -6 -25 -6]
,,,-80,0,0,0,0,0,0,0,0,0,0,-92,0,6,1726018788230,0,0,0,0,1726018788230,124,[-20 -11 -20 -11 -18 -10 -19 -9 -18 -8 -18 -7 -17 -6 -17 -6 -16 -4 -16 -4 -17 -3 -16 -2 -16 -2 -16 -2 -16 -2 -16 -2 -15 -2 -15 -2 -14 -3 -13 -3 -13 -4 -12 -4 -11 -4 -10 -5 -8 -6 0 0 0 0 0 0 0 0 0 0 0 0 0 0 0 0 0 0 0 0 0 0 -17 -4 -17 -6 -17 -7 -18 -9 -18 -10 -17 -11 -17 -12 -17 -13 -16 -14 -16 -15 -16 -14 -16 -15 -16 -14 -15 -14 -16 -14 -16 -14 -16 -14 -16 -13 -18 -13 -18 -13 -19 -12 -19 -12 -19 -12 -20 -12 -21 -11 -20 -11]
,,,-80,0,0,0,0,0,0,0,0,0,0,-92,0,6,1726018788254,0,0,0,0,1726018788254,124,[11 18 11 18 11 17 11 16 11 15 11 14 11 13 11 13 12 11 12 11 12 13 10 12 9 12 9 12 13 10 12 9 12 9 11 9 11 9 13 10 9 9 9 7 8 7 8 6 8 5 8 4 8 0 0 0 0 0 0 0 0 0 0 0 0 0 0 0 0 0 0 0 0 0 0 13 11 12 13 11 14 11 14 13 10 16 9 18 8 19 8 19 6 19 6 19 6 20 6 19 6 19 6 19 6 19 6 19 7 18 8 19 8 18 9 19 9 18 9 19 11 19 11 19]
,,,-80,0,0,0,0,0,0,0,0,0,0,-92,0,6,1726018788274,0,0,0,0,1726018788274,124,[-18 13 -18 13 -16 13 -16 13 -15 13 -14 12 -13 12 -12 12 -10 12 -10 13 -9 13 -9 13 -9 13 -8 13 -8 13 -9 12 -8 12 -8 11 -8 13 10 -8 13 10 -8 8 -8 7 -9 6 -8 6 -8 4 0 0 0 0 0 0 0 0 0 0 0 0 0 0 0 0 0 0 0 0 0 0 -12 14 -14 13 -15 12 -16 12 -17 11 -19 11 -19 13 10 -19 13 10 -20 8 -20 8 -20 8 -20 8 -20 8 -19 8 -19 8 -19 8 -19 9 -19 9 -19 11 -19 11 -19 12 -19 12 -18 12 -19 13]
,,,-80,0,0,0,0,0,0,0,0,0,0,-92,0,6,1726018788295,0,0,0,0,1726018788295,124,[1 -22 1 -22 1 -22 0 -20 0 -19 -1 -19 -2 -18 -3 -18 -3 -17 -5 -17 -5 -16 -5 -15 -6 -15 -6 -16 -5 -16 -5 -15 -5 -15 -4 -15 -3 -14 -3 -14 -2 -12 -1 -12 0 -11 1 -11 2 -10 0 0 0 0 0 0 0 0 0 0 0 0 0 0 0 0 0 0 0 0 0 0 -3 -21 -1 -21 1 -21 2 -22 3 -21 4 -22 5 -22 6 -22 7 -22 7 -22 8 -22 7 -21 7 -21 7 -21 7 -21 6 -21 5 -21 5 -22 4 -22 4 -22 3 -23 3 -23 3 -24 2 -24 2 -24 2 -24]
,,,-80,0,0,0,0,0,0,0,0,0,0,-92,0,6,1726018788309,0,0,0,0,1726018788309,124,[3 22 3 23 3 21 3 21 4 20 5 18 5 17 6 17 7 15 7 15 8 14 8 14 8 14 8 14 9 14 8 13 9 15 7 14 7 13 6 13 5 12 4 12 2 12 1 12 0 11 0 0 0 0 0 0 0 0 0 0 0 0 0 0 0 0 0 0 0 0 0 0 7 19 6 21 4 20 3 22 2 21 0 24 -1 23 -1 23 -3 23 -3 22 -3 23 -3 23 -3 22 -3 22 -2 22 -2 22 -2 23 -1 22 0 23 1 23 1 23 1 23 2 23 2 24 2 24 4 25]
,,,-80,0,0,0,0,0,0,0,0,0,0,-92,0,6,1726018788331,0,0,0,0,1726018788331,124,[21 -7 21 -7 19 -7 20 -7 18 -8 17 -8 16 -8 15 -9 14 -10 13 -11 13 -11 12 -11 13 -12 12 -12 12 -13 12 -12 12 -12 12 -12 12 -11 12 -10 12 -9 12 -8 12 -7 12 -6 12 -4 0 0 0 0 0 0 0 0 0 0 0 0 0 0 0 0 0 0 0 0 0 0 13 -11 15 -10 16 -9 18 -8 18 -7 19 -6 20 -5 20 -4 20 -2 20 -2 20 -3 19 -2 20 -2 20 -2 20 -2 19 -3 19 -3 20 -3 21 -5 20 -4 21 -5 22 -5 20 -6 22 -6 23 -6 22 -7]
,,,-80,0,0,0,0,0,0,0,0,0,0,-92,0,6,1726018788355,0,0,0,0,1726018788355,124,[-15 17 -15 16 -14 16 -13 16 -13 16 -11 15 -10 15 -8 15 -8 15 -7 16 -7 15 -6 15 -6 16 -5 16 -4 16 -5 16 -5 16 -5 15 -5 14 -6 14 -6 12 -7 12 -8 11 -8 13 10 -8 8 0 0 0 0 0 0 0 0 0 0 0 0 0 0 0 0 0 0 0 0 0 0 -6 15 -8 15 -9 15 -11 15 -12 14 -13 15 -14 14 -15 13 -16 13 -17 12 -17 12 -17 11 -18 11 -17 11 -17 11 -17 12 -17 12 -16 12 -17 13 -16 14 -16 14 -16 15 -16 16 -16 16 -17 17 -16]
,,,-80,0,0,0,0,0,0,0,0,0,0,-92,0,6,1726018788370,0,0,0,0,1726018788370,124,[18 13 19 13 17 12 18 11 17 13 10 17 9 17 8 16 7 16 6 16 5 16 4 16 3 17 3 16 3 17 2 16 2 17 4 15 3 15 3 14 4 13 4 12 5 12 5 13 10 6 9 6 0 0 0 0 0 0 0 0 0 0 0 0 0 0 0 0 0 0 0 0 0 0 16 5 16 7 15 8 16 13 10 15 11 16 13 15 14 14 15 14 16 13 16 13 17 12 17 13 17 12 17 13 17 13 16 14 16 14 15 16 15 16 15 17 15 17 14 17 14 18 15 19]
,,,-80,0,0,0,0,0,0,0,0,0,0,-92,0,6,1726018788393,0,0,0,0,1726018788393,124,[-24 0 -23 0 -22 1 -21 0 -21 1 -19 2 -19 2 -17 3 -16 4 -16 5 -17 5 -16 6 -16 6 -15 6 -15 6 -15 6 -14 6 -14 5 -14 4 -14 3 -13 2 -13 1 -12 1 -11 0 -10 -1 0 0 0 0 0 0 0 0 0 0 0 0 0 0 0 0 0 0 0 0 0 0 -17 6 -19 4 -20 3 -20 2 -22 1 -22 0 -22 -2 -22 -3 -22 -4 -23 -4 -23 -4 -22 -4 -22 -4 -22 -4 -22 -4 -23 -4 -23 -4 -22 -3 -23 -3 -23 -3 -23 -2 -24 -2 -24 -1 -25 -1 -25 0 -24 1]
,,,-80,0,0,0,0,0,0,0,0,0,0,-92,0,6,1726018788417,0,0,0,0,1726018788417,124,[18 -5 17 -5 16 -5 16 -6 15 -6 14 -6 13 -7 12 -7 11 -8 11 -8 13 10 -8 13 10 -9 13 10 -9 9 -9 9 -9 13 10 -9 9 -9 9 -8 9 -7 8 -7 8 -6 9 -5 9 -4 7 -3 7 -2 0 0 0 0 0 0 0 0 0 0 0 0 0 0 0 0 0 0 0 0 0 0 16 -8 17 -6 17 -6 18 -5 19 -3 20 -3 19 -1 20 -1 20 1 20 1 20 1 19 0 19 0 19 0 19 0 18 0 18 0 18 -1 19 -2 19 -2 19 -3 19 -4 19 -4 19 -5]
,,,-80,0,0,0,0,0,0,0,0,0,0,-92,0,6,1726018788429,0,0,0,0,1726018788429,124,[-15 15 -14 15 -12 15 -12 14 -11 14 -10 13 -8 13 -7 13 -6 13 -5 14 -5 13 -5 14 -4 14 -3 14 -3 14 -4 14 -3 14 -4 14 -4 12 -4 12 -5 11 -5 13 10 -6 13 10 -6 9 -7 7 0 0 0 0 0 0 0 0 0 0 0 0 0 0 0 0 0 0 0 0 0 0 -11 17 -13 16 -15 16 -16 15 -17 15 -19 14 -20 14 -19 13 -20 12 -21 11 -20 11 -20 11 -20 11 -19 13 10 -19 11 -19 11 -18 11 -18 12 -18 13 -17 13 -17 14 -17 14 -16 15 -17 15 -16]
,,,-80,0,0,0,0,0,0,0,0,0,0,-92,0,6,1726018788451,0,0,0,0,1726018788451,124,[7 -19 7 -19 7 -19 6 -18 5 -17 4 -17 3 -16 1 -16 0 -16 -1 -16 -1 -16 -2 -16 -3 -16 -3 -16 -3 -16 -3 -15 -3 -16 -3 -16 -2 -15 -2 -15 0 -13 0 -13 1 -13 1 -12 2 -12 0 0 0 0 0 0 0 0 0 0 0 0 0 0 0 0 0 0 0 0 0 0 2 -20 4 -20 6 -20 7 -20 8 -19 13 10 -21 11 -19 12 -19 12 -18 13 -17 13 -18 13 -17 13 -17 12 -17 12 -17 12 -17 11 -18 13 10 -18 11 -19 11 -19 13 10 -19 9 -19 9 -20 13 10 -20]
,,,-80,0,0,0,0,0,0,0,0,0,0,-92,0,6,1726018788472,0,0,0,0,1726018788472,124,[-22 -28 -22 -27 -21 -27 -21 -25 -21 -23 -21 -20 -21 -19 -21 -18 -22 -15 -22 -14 -23 -13 -23 -11 -24 -10 -24 -10 -24 -11 -25 -10 -24 -10 -22 -11 -21 -11 -21 -12 -20 -11 -18 -11 -17 -13 -14 -12 -11 -12 0 0 0 0 0 0 0 0 0 0 0 0 0 0 0 0 0 0 0 0 0 0 -24 -16 -22 -19 -22 -21 -21 -22 -21 -24 -19 -26 -17 -28 -16 -28 -15 -28 -15 -30 -13 -30 -14 -29 -14 -29 -14 -29 -14 -29 -15 -30 -15 -29 -16 -29 -17 -29 -18 -29 -20 -29 -20 -29 -20 -30 -22 -29 -23 -29 -22 -29]
,,,-80,0,0,0,0,0,0,0,0,0,0,-92,0,6,1726018788492,0,0,0,0,1726018788492,124,[-22 -1 -23 -1 -20 0 -20 0 -20 1 -19 1 -18 2 -17 3 -16 3 -16 5 -16 5 -16 5 -16 6 -15 6 -15 7 -15 6 -15 6 -14 6 -14 4 -14 4 -14 2 -13 2 -13 1 -11 0 -11 0 0 0 0 0 0 0 0 0 0 0 0 0 0 0 0 0 0 0 0 0 0 0 -14 5 -15 4 -16 3 -17 2 -17 1 -17 0 -17 -2 -18 -2 -17 -3 -18 -3 -18 -3 -17 -4 -18 -4 -18 -3 -18 -4 -18 -4 -19 -3 -18 -3 -20 -3 -20 -2 -21 -2 -21 -1 -21 -1 -22 -1 -22 0 -22 -1]
,,,-80,0,0,0,0,0,0,0,0,0,0,-92,0,6,1726018788510,0,0,0,0,1726018788510,124,[16 -18 16 -18 14 -17 14 -18 13 -16 11 -17 11 -17 9 -17 8 -17 6 -18 7 -17 5 -18 6 -18 5 -18 5 -19 6 -17 6 -18 6 -17 6 -16 6 -16 7 -14 8 -12 8 -12 8 -11 9 -9 0 0 0 0 0 0 0 0 0 0 0 0 0 0 0 0 0 0 0 0 0 0 6 -15 8 -15 9 -14 11 -14 12 -13 13 -13 14 -12 14 -12 15 -11 15 -11 15 -11 15 -11 15 -10 15 -11 15 -11 15 -12 15 -13 15 -13 16 -14 16 -14 16 -15 16 -15 16 -16 16 -17 16 -18 16 -18]
,,,-80,0,0,0,0,0,0,0,0,0,0,-92,0,6,1726018788532,0,0,0,0,1726018788532,124,[-10 -21 -11 -22 -10 -21 -11 -21 -11 -19 -11 -18 -12 -17 -12 -16 -13 -15 -14 -15 -14 -14 -15 -13 -15 -13 -15 -14 -15 -14 -14 -13 -14 -14 -13 -14 -12 -14 -11 -14 -10 -13 -9 -13 -8 -13 -6 -13 -4 -13 0 0 0 0 0 0 0 0 0 0 0 0 0 0 0 0 0 0 0 0 0 0 -11 -13 -10 -15 -9 -15 -8 -17 -7 -17 -6 -19 -5 -19 -4 -19 -3 -19 -3 -19 -3 -19 -3 -19 -4 -19 -4 -19 -4 -19 -5 -20 -6 -20 -6 -20 -7 -21 -8 -21 -8 -21 -9 -22 -9 -22 -10 -23 -10 -22 -11 -23]
,,,-80,0,0,0,0,0,0,0,0,0,0,-92,0,6,1726018788557,0,0,0,0,1726018788557,124,[13 -17 13 -17 11 -17 12 -16 11 -16 13 10 -16 9 -16 7 -16 6 -16 5 -17 5 -16 5 -16 5 -17 5 -16 5 -17 5 -16 5 -16 6 -16 6 -14 6 -14 7 -12 7 -11 7 -10 7 -10 7 -9 0 0 0 0 0 0 0 0 0 0 0 0 0 0 0 0 0 0 0 0 0 0 4 -14 6 -14 8 -14 9 -14 13 10 -13 11 -14 12 -12 13 -12 13 -11 13 -11 13 -11 13 -11 13 -11 13 -11 13 -11 13 -13 12 -13 12 -14 13 -14 13 -14 12 -15 13 -16 13 -16 13 -17 13 -17]
,,,-80,0,0,0,0,0,0,0,0,0,0,-92,0,6,1726018788575,0,0,0,0,1726018788575,124,[0 -21 0 -22 0 -21 0 -20 -1 -19 -1 -19 -2 -18 -3 -17 -3 -17 -5 -17 -5 -16 -6 -16 -6 -16 -6 -16 -6 -16 -6 -15 -6 -16 -5 -16 -4 -15 -3 -14 -2 -14 -2 -13 -1 -12 0 -12 1 -11 0 0 0 0 0 0 0 0 0 0 0 0 0 0 0 0 0 0 0 0 0 0 -4 -15 -3 -16 -2 -16 0 -17 1 -17 2 -18 3 -18 4 -18 5 -17 5 -17 5 -18 5 -17 5 -17 5 -17 5 -17 4 -18 3 -18 3 -18 3 -19 3 -19 2 -20 2 -20 1 -21 1 -21 1 -22 1 -23]
,,,-80,0,0,0,0,0,0,0,0,0,0,-92,0,6,1726018788589,0,0,0,0,1726018788589,124,[18 -16 18 -16 17 -15 16 -15 15 -15 14 -15 13 -15 11 -15 13 10 -15 13 10 -16 9 -16 8 -16 8 -16 8 -17 7 -17 8 -16 8 -16 8 -15 8 -14 8 -14 9 -12 8 -11 9 -10 8 -9 8 -8 0 0 0 0 0 0 0 0 0 0 0 0 0 0 0 0 0 0 0 0 0 0 13 10 -15 11 -14 13 -13 14 -13 15 -12 16 -12 17 -11 18 -10 19 -9 19 -8 19 -9 18 -8 18 -8 18 -8 18 -9 18 -10 18 -10 18 -10 18 -11 18 -12 18 -13 18 -13 18 -14 19 -15 19]
,,,-80,0,0,0,0,0,0,0,0,0,0,-92,0,6,1726018788610,0,0,0,0,1726018788610,124,[16 -15 16 -15 15 -15 14 -15 13 -15 12 -14 11 -14 13 10 -15 8 -15 8 -15 7 -15 7 -15 7 -15 6 -15 6 -16 6 -14 6 -15 6 -14 6 -13 6 -12 6 -11 6 -10 6 -9 6 -8 6 -7 0 0 0 0 0 0 0 0 0 0 0 0 0 0 0 0 0 0 0 0 0 0 9 -15 11 -15 12 -14 14 -14 14 -13 16 -12 17 -12 17 -11 18 -10 18 -9 18 -9 18 -9 18 -9 18 -9 18 -9 18 -10 17 -11 17 -11 18 -12 18 -12 17 -13 17 -14 17 -14 18 -15 18 -15 17]
,,,-80,0,0,0,0,0,0,0,0,0,0,-92,0,6,1726018788638,0,0,0,0,1726018788638,124,[-20 1 -21 2 -18 2 -19 2 -17 3 -17 3 -16 3 -15 4 -14 5 -14 6 -14 6 -13 7 -14 7 -12 6 -13 6 -13 6 -12 5 -12 5 -11 4 -11 3 -11 2 -10 2 -9 1 -8 1 -7 0 0 0 0 0 0 0 0 0 0 0 0 0 0 0 0 0 0 0 0 0 0 0 -17 6 -18 4 -18 3 -20 2 -19 1 -21 0 -20 -1 -20 -2 -20 -3 -20 -3 -20 -3 -20 -3 -20 -3 -20 -3 -20 -3 -20 -3 -20 -2 -19 -2 -21 -2 -20 -1 -21 0 -21 0 -20 1 -22 2 -22 2 -22 2]
,,,-80,0,0,0,0,0,0,0,0,0,0,-92,0,6,1726018788663,0,0,0,0,1726018788663,124,[-13 12 -13 11 -12 13 10 -12 11 -10 11 -9 11 -8 11 -7 11 -7 11 -6 12 -5 11 -5 11 -5 11 -5 11 -5 12 -5 11 -4 13 10 -5 13 10 -5 9 -5 9 -6 7 -6 7 -6 6 -5 5 -6 4 0 0 0 0 0 0 0 0 0 0 0 0 0 0 0 0 0 0 0 0 0 0 -13 12 -14 12 -15 11 -15 13 10 -16 9 -17 9 -18 8 -18 8 -17 7 -18 7 -17 7 -18 7 -17 7 -17 7 -16 7 -16 7 -16 8 -16 9 -16 13 10 -15 13 10 -15 13 10 -15 11 -14]
,,,-80,0,0,0,0,0,0,0,0,0,0,-92,0,6,1726018788675,0,0,0,0,1726018788675,124,[-14 -15 -14 -14 -13 -14 -13 -12 -13 -11 -13 -11 -12 -9 -12 -9 -13 -8 -13 -7 -14 -6 -14 -6 -14 -5 -14 -6 -14 -6 -14 -5 -12 -6 -12 -7 -11 -7 -10 -7 -9 -7 -9 -6 -7 -7 -6 -7 -5 -7 0 0 0 0 0 0 0 0 0 0 0 0 0 0 0 0 0 0 0 0 0 0 -16 -13 -15 -15 -13 -15 -14 -16 -12 -17 -12 -19 -12 -19 -10 -20 -9 -19 -9 -19 -9 -19 -9 -18 -9 -18 -9 -18 -9 -18 -10 -18 -11 -17 -10 -17 -12 -18 -12 -16 -12 -16 -13 -16 -11 -17 -13 -16 -14 -15 -14 -16]
,,,-80,0,0,0,0,0,0,0,0,0,0,-92,0,6,1726018788695,0,0,0,0,1726018788695,124,[24 19 24 17 22 16 23 16 22 14 22 12 21 13 10 20 8 20 7 21 5 21 4 22 3 22 2 22 2 23 2 22 2 22 3 21 2 20 3 20 4 19 4 18 5 16 7 14 7 12 8 0 0 0 0 0 0 0 0 0 0 0 0 0 0 0 0 0 0 0 0 0 0 25 11 25 14 24 14 24 16 22 18 22 21 21 22 20 22 19 22 18 23 18 23 17 23 18 22 17 22 18 22 18 21 18 21 19 20 21 21 22 20 22 20 23 20 23 19 25 20 25 20 25]
,,,-80,0,0,0,0,0,0,0,0,0,0,-92,0,6,1726018788718,0,0,0,0,1726018788718,124,[-18 8 -17 8 -16 8 -16 8 -15 8 -14 8 -12 9 -11 9 -10 9 -9 13 10 -9 13 10 -9 11 -9 12 -8 11 -8 12 -8 11 -8 11 -8 11 -8 13 10 -8 13 10 -9 9 -9 8 -9 7 -8 7 -9 5 0 0 0 0 0 0 0 0 0 0 0 0 0 0 0 0 0 0 0 0 0 0 -9 13 10 -11 13 10 -12 9 -13 9 -14 8 -15 7 -15 7 -15 6 -16 5 -17 4 -16 5 -16 4 -16 4 -16 4 -17 4 -16 4 -16 5 -16 5 -17 6 -17 7 -17 7 -17 8 -17 8]
,,,-80,0,0,0,0,0,0,0,0,0,0,-92,0,6,1726018788729,0,0,0,0,1726018788729,124,[17 -13 17 -14 15 -13 15 -13 14 -13 13 -13 12 -13 13 10 -13 8 -13 8 -15 7 -15 6 -15 6 -16 5 -15 5 -16 6 -15 6 -16 6 -15 6 -14 6 -14 7 -13 7 -11 7 -11 7 -10 7 -9 0 0 0 0 0 0 0 0 0 0 0 0 0 0 0 0 0 0 0 0 0 0 8 -14 13 10 -14 13 10 -13 13 -13 13 -12 15 -12 15 -11 16 -10 17 -10 16 -9 17 -9 17 -9 17 -9 17 -9 18 -9 17 -9 17 -10 16 -10 18 -11 17 -11 17 -12 18 -13 17 -13 18 -14 18]
,,,-80,0,0,0,0,0,0,0,0,0,0,-92,0,6,1726018788749,0,0,0,0,1726018788749,124,[9 23 9 23 9 22 9 21 9 20 9 18 13 10 17 11 16 12 15 13 13 14 13 14 12 15 12 15 12 16 12 15 12 15 13 14 13 13 13 13 13 11 13 13 10 12 9 12 8 13 6 13 0 0 0 0 0 0 0 0 0 0 0 0 0 0 0 0 0 0 0 0 0 0 12 14 12 16 11 16 13 10 18 9 18 7 21 6 22 4 23 4 23 3 22 3 23 3 23 3 22 3 22 3 22 3 23 4 23 4 23 5 24 5 23 5 24 6 24 7 24 8 24 9]
,,,-80,0,0,0,0,0,0,0,0,0,0,-92,0,6,1726018788769,0,0,0,0,1726018788769,124,[-16 14 -16 14 -14 14 -14 14 -12 14 -12 14 -10 14 -9 14 -8 14 -7 15 -7 15 -6 15 -6 16 -5 16 -5 16 -5 16 -6 16 -6 16 -6 15 -6 14 -7 13 -8 12 -8 12 -8 13 10 -8 9 0 0 0 0 0 0 0 0 0 0 0 0 0 0 0 0 0 0 0 0 0 0 -8 13 -10 13 -11 13 -13 12 -14 12 -15 12 -16 11 -16 11 -17 13 10 -18 9 -18 9 -17 9 -18 9 -17 9 -17 9 -17 13 10 -17 13 10 -17 13 10 -18 11 -17 12 -17 12 -17 13 -17 13 -17]
,,,-80,0,0,0,0,0,0,0,0,0,0,-92,0,6,1726018788791,0,0,0,0,1726018788791,124,[20 -15 21 -16 18 -16 18 -15 17 -15 15 -16 15 -16 13 -16 11 -17 11 -18 11 -18 13 10 -18 13 10 -18 13 10 -18 9 -19 13 10 -18 13 10 -18 13 10 -17 13 10 -16 13 10 -15 11 -14 11 -13 11 -11 13 10 -10 13 10 -9 0 0 0 0 0 0 0 0 0 0 0 0 0 0 0 0 0 0 0 0 0 0 13 10 -16 12 -16 14 -15 16 -15 17 -14 18 -14 19 -12 20 -12 21 -11 22 -10 22 -10 21 -10 21 -10 21 -9 21 -9 21 -11 21 -11 21 -11 21 -12 21 -13 21]
,,,-80,0,0,0,0,0,0,0,0,0,0,-92,0,6,1726018788813,0,0,0,0,1726018788813,124,[1 20 1 21 2 19 2 19 2 18 3 17 4 16 5 16 6 15 7 15 7 15 7 14 8 15 8 15 9 16 8 15 8 15 7 15 6 15 5 14 4 13 3 13 2 12 1 12 0 12 0 0 0 0 0 0 0 0 0 0 0 0 0 0 0 0 0 0 0 0 0 0 5 15 4 16 3 16 2 17 1 17 0 19 -1 19 -2 19 -3 19 -4 19 -4 20 -4 19 -4 19 -4 19 -4 19 -4 19 -3 20 -3 19 -2 20 -2 20 -1 20 -1 21 -1 21 0 22 0 22 1 23]
,,,-80,0,0,0,0,0,0,0,0,0,0,-92,0,6,1726018788835,0,0,0,0,1726018788835,124,[28 4 27 4 26 2 26 1 25 0 23 0 23 -2 21 -3 21 -5 21 -6 21 -7 21 -8 21 -8 21 -9 21 -9 22 -8 20 -8 19 -7 19 -6 18 -5 18 -4 18 -3 17 -2 15 -1 13 0 0 0 0 0 0 0 0 0 0 0 0 0 0 0 0 0 0 0 0 0 0 0 22 -5 23 -3 25 -1 25 0 26 2 27 4 27 6 27 6 26 8 27 9 27 9 26 9 26 13 10 26 13 10 26 13 10 26 9 26 9 26 8 27 7 27 7 28 6 29 6 29 5 30 5 30]
,,,-80,0,0,0,0,0,0,0,0,0,0,-92,0,6,1726018788849,0,0,0,0,1726018788849,124,[-2 23 -1 23 0 22 0 21 1 20 2 19 4 18 4 17 5 17 7 16 7 16 8 16 8 16 9 16 9 16 8 16 8 17 7 17 6 15 5 15 4 14 4 13 3 13 1 12 0 11 0 0 0 0 0 0 0 0 0 0 0 0 0 0 0 0 0 0 0 0 0 0 6 19 4 20 3 20 2 21 0 22 -2 24 -3 24 -5 24 -6 24 -6 24 -7 24 -7 23 -7 23 -7 23 -6 22 -6 23 -6 23 -6 23 -5 24 -4 23 -4 24 -3 24 -3 25 -3 25 -2 25 -2 26]
,,,-80,0,0,0,0,0,0,0,0,0,0,-92,0,6,1726018788869,0,0,0,0,1726018788869,124,[-33 -2 -33 -1 -31 0 -30 0 -28 2 -27 4 -25 5 -23 6 -22 8 -22 13 10 -23 11 -21 12 -22 13 -21 13 -22 14 -22 13 -21 12 -21 11 -20 13 10 -19 13 10 -20 7 -19 5 -18 5 -16 5 -16 3 0 0 0 0 0 0 0 0 0 0 0 0 0 0 0 0 0 0 0 0 0 0 -29 8 -32 6 -32 3 -34 2 -34 0 -36 -3 -36 -4 -36 -6 -35 -8 -35 -10 -36 -10 -34 -9 -34 -10 -34 -11 -35 -10 -33 -9 -34 -9 -34 -9 -35 -8 -34 -7 -35 -6 -35 -5 -34 -4 -36 -4 -36]
,,,-80,0,0,0,0,0,0,0,0,0,0,-92,0,6,1726018788889,0,0,0,0,1726018788889,124,[-17 15 -16 15 -15 15 -14 14 -12 15 -11 15 -10 14 -8 14 -7 15 -5 15 -5 15 -4 16 -4 16 -3 17 -3 17 -4 17 -3 16 -4 16 -4 14 -5 14 -5 13 -6 12 -6 11 -5 13 10 -6 8 0 0 0 0 0 0 0 0 0 0 0 0 0 0 0 0 0 0 0 0 0 0 -11 18 -13 18 -15 17 -16 16 -18 16 -19 16 -21 15 -21 13 -21 13 -23 11 -22 12 -22 11 -22 11 -22 13 10 -22 11 -21 12 -21 11 -21 12 -21 13 -21 13 -20 13 -20 14 -19 14 -20 15 -19 15]
,,,-80,0,0,0,0,0,0,0,0,0,0,-92,0,6,1726018788909,0,0,0,0,1726018788909,124,[15 -15 14 -15 13 -15 12 -14 11 -14 13 10 -14 9 -14 7 -14 6 -15 4 -15 4 -15 3 -15 3 -15 2 -16 2 -16 2 -16 2 -16 3 -15 3 -14 3 -13 4 -12 4 -11 4 -10 4 -9 4 -8 0 0 0 0 0 0 0 0 0 0 0 0 0 0 0 0 0 0 0 0 0 0 13 10 -18 12 -17 14 -16 15 -16 16 -15 17 -15 19 -14 20 -13 20 -12 20 -11 21 -11 20 -11 20 -10 20 -11 20 -10 19 -12 19 -11 18 -12 19 -12 19 -13 18 -13 17 -13 17 -14 18 -15 17 -15]
,,,-80,0,0,0,0,0,0,0,0,0,0,-92,0,6,1726018788929,0,0,0,0,1726018788929,124,[17 -15 16 -15 15 -14 14 -14 13 -13 12 -14 11 -14 8 -14 7 -14 6 -15 6 -15 5 -15 5 -15 4 -15 4 -16 5 -15 5 -15 4 -14 5 -13 5 -13 5 -11 6 -10 6 -9 6 -8 5 -7 0 0 0 0 0 0 0 0 0 0 0 0 0 0 0 0 0 0 0 0 0 0 11 -17 13 -16 14 -16 16 -16 16 -15 18 -14 19 -14 20 -13 20 -12 21 -11 21 -11 21 -10 21 -10 20 -10 20 -10 20 -11 19 -11 19 -12 20 -12 19 -12 19 -13 19 -13 18 -14 19 -15 19 -15 18 -16]
,,,-80,0,0,0,0,0,0,0,0,0,0,-92,0,6,1726018788952,0,0,0,0,1726018788952,124,[-21 0 -20 0 -19 0 -19 1 -18 2 -16 2 -16 3 -14 3 -14 4 -14 5 -14 6 -13 6 -13 7 -12 7 -12 7 -14 7 -13 7 -12 6 -12 5 -11 5 -11 3 -11 3 -11 2 -9 1 -8 1 0 0 0 0 0 0 0 0 0 0 0 0 0 0 0 0 0 0 0 0 0 0 -17 5 -18 4 -19 3 -20 2 -20 0 -21 -1 -21 -1 -21 -3 -20 -3 -21 -5 -21 -4 -20 -5 -20 -5 -20 -5 -20 -5 -20 -4 -20 -4 -20 -3 -21 -3 -21 -2 -21 -2 -21 -1 -21 -1 -22 -1 -22 -1 -21 -1]
,,,-80,0,0,0,0,0,0,0,0,0,0,-92,0,6,1726018788969,0,0,0,0,1726018788969,124,[1 -20 1 -20 0 -19 0 -19 0 -18 -1 -17 -2 -16 -3 -15 -4 -15 -5 -15 -5 -14 -6 -13 -6 -13 -7 -14 -7 -14 -6 -13 -6 -14 -6 -13 -5 -13 -5 -13 -4 -11 -3 -11 -2 -10 -2 -10 -1 -9 0 0 0 0 0 0 0 0 0 0 0 0 0 0 0 0 0 0 0 0 0 0 -5 -18 -4 -18 -2 -19 -1 -19 0 -19 2 -21 3 -21 4 -20 4 -20 6 -19 6 -20 6 -19 6 -19 6 -19 6 -19 5 -20 5 -19 4 -19 4 -20 4 -20 3 -20 3 -20 3 -20 3 -21 2 -21 2 -22]
,,,-80,0,0,0,0,0,0,0,0,0,0,-92,0,6,1726018788991,0,0,0,0,1726018788991,124,[8 -20 8 -20 7 -19 7 -19 6 -18 5 -17 4 -17 2 -17 1 -17 0 -17 0 -16 -1 -16 -2 -16 -2 -16 -2 -17 -2 -16 -2 -16 -2 -16 -1 -15 -1 -14 0 -13 0 -12 1 -11 1 -11 2 -10 0 0 0 0 0 0 0 0 0 0 0 0 0 0 0 0 0 0 0 0 0 0 1 -18 3 -19 4 -19 6 -19 7 -19 9 -20 13 10 -19 11 -19 12 -18 12 -18 13 -19 13 -18 13 -17 12 -17 13 -17 12 -18 12 -18 11 -18 11 -19 11 -19 11 -19 13 10 -20 13 10 -20 13 10 -21]
,,,-80,0,0,0,0,0,0,0,0,0,0,-92,0,6,1726018789009,0,0,0,0,1726018789009,124,[-10 18 -10 18 -8 17 -8 17 -6 16 -6 15 -4 15 -3 15 -2 14 -1 15 -1 14 0 14 0 15 1 14 1 15 1 14 1 15 0 14 0 13 -1 13 -1 11 -2 13 10 -2 13 10 -2 9 -3 8 0 0 0 0 0 0 0 0 0 0 0 0 0 0 0 0 0 0 0 0 0 0 -2 17 -4 18 -6 17 -7 18 -8 18 -10 19 -11 18 -12 18 -13 17 -13 16 -13 17 -13 17 -13 16 -13 16 -14 16 -13 16 -13 17 -12 17 -12 18 -12 17 -12 18 -11 18 -11 18 -11 19 -11 20]
,,,-80,0,0,0,0,0,0,0,0,0,0,-92,0,6,1726018789030,0,0,0,0,1726018789030,124,[14 -15 13 -15 12 -15 12 -14 11 -13 9 -13 8 -13 6 -13 5 -13 4 -14 4 -14 3 -13 3 -14 2 -14 2 -14 3 -14 2 -13 3 -13 3 -12 3 -11 4 -10 4 -9 5 -8 4 -8 4 -7 0 0 0 0 0 0 0 0 0 0 0 0 0 0 0 0 0 0 0 0 0 0 13 10 -16 12 -16 13 -15 14 -15 15 -14 17 -14 18 -13 18 -12 19 -11 19 -11 19 -11 19 -10 19 -10 18 -11 18 -10 17 -11 17 -12 17 -12 17 -12 17 -13 16 -14 16 -15 15 -15 16 -16 16 -15 16]
,,,-80,0,0,0,0,0,0,0,0,0,0,-92,0,6,1726018789052,0,0,0,0,1726018789052,124,[9 -23 8 -22 7 -22 6 -20 5 -19 4 -19 3 -18 1 -17 -1 -17 -2 -17 -2 -16 -3 -15 -4 -16 -5 -16 -4 -17 -3 -16 -4 -16 -3 -16 -2 -15 -2 -15 0 -12 1 -12 2 -11 2 -11 3 -9 0 0 0 0 0 0 0 0 0 0 0 0 0 0 0 0 0 0 0 0 0 0 5 -25 7 -24 9 -24 13 10 -24 12 -23 14 -24 14 -23 15 -23 16 -22 16 -21 17 -22 15 -21 15 -20 15 -21 15 -20 14 -21 13 -21 13 -21 13 -22 12 -22 11 -23 11 -23 13 10 -23 11 -25 13 10]
,,,-80,0,0,0,0,0,0,0,0,0,0,-92,0,6,1726018789112,0,0,0,0,1726018789112,124,[16 18 16 17 15 17 15 16 15 14 15 13 15 12 14 13 10 15 13 10 15 8 16 7 16 6 16 6 16 6 16 6 16 6 15 6 14 6 14 6 13 7 12 6 13 10 7 9 7 7 7 5 7 0 0 0 0 0 0 0 0 0 0 0 0 0 0 0 0 0 0 0 0 0 0 16 7 16 9 15 13 10 15 12 15 13 14 16 13 17 12 18 12 19 11 19 11 20 13 10 20 13 10 19 11 19 11 19 11 19 12 19 12 19 13 19 14 20 14 19 15 19 14 19]
,,,-80,0,0,0,0,0,0,0,0,0,0,-92,0,6,1726018789123,0,0,0,0,1726018789123,124,[3 -22 3 -22 2 -21 2 -21 1 -19 1 -19 0 -18 -1 -17 -3 -17 -4 -17 -4 -16 -5 -15 -5 -16 -5 -16 -6 -16 -5 -15 -5 -16 -4 -15 -3 -14 -3 -14 -2 -13 -2 -12 -1 -11 0 -11 1 -10 0 0 0 0 0 0 0 0 0 0 0 0 0 0 0 0 0 0 0 0 0 0 -4 -16 -3 -17 -1 -18 0 -19 1 -19 2 -21 4 -20 5 -20 6 -20 7 -19 7 -20 7 -19 7 -19 7 -19 7 -19 7 -20 7 -20 6 -20 6 -21 5 -21 5 -21 5 -22 5 -22 4 -23 4 -23 4 -24]
,,,-80,0,0,0,0,0,0,0,0,0,0,-92,0,6,1726018789135,0,0,0,0,1726018789135,124,[29 2 29 3 27 2 27 1 26 1 24 0 23 -1 21 -2 20 -4 20 -6 20 -6 19 -7 19 -6 18 -7 18 -8 19 -7 18 -6 17 -5 16 -4 16 -3 15 -2 14 -1 13 0 11 0 13 10 1 0 0 0 0 0 0 0 0 0 0 0 0 0 0 0 0 0 0 0 0 0 0 21 -7 22 -5 24 -3 25 -1 26 0 27 2 27 5 28 6 27 7 27 8 28 8 27 8 27 8 27 8 27 9 27 7 27 7 27 7 29 6 29 7 29 6 29 5 29 4 32 3 31 3 31]
,,,-80,0,0,0,0,0,0,0,0,0,0,-92,0,6,1726018789149,0,0,0,0,1726018789149,124,[17 -2 18 -2 16 -2 16 -2 15 -2 14 -3 14 -4 12 -4 12 -5 12 -6 12 -6 11 -7 11 -7 13 10 -6 11 -7 11 -6 13 10 -6 9 -5 9 -5 9 -4 9 -3 8 -3 8 -2 6 -1 5 -1 0 0 0 0 0 0 0 0 0 0 0 0 0 0 0 0 0 0 0 0 0 0 15 -5 16 -4 16 -3 18 -2 17 -1 19 0 19 1 19 2 19 3 19 3 19 4 18 4 18 3 18 4 18 3 17 3 18 2 18 2 19 2 18 1 19 0 19 0 18 0 20 -1 19 -1]
,,,-80,0,0,0,0,0,0,0,0,0,0,-92,0,6,1726018789174,0,0,0,0,1726018789174,124,[-9 -26 -9 -26 -10 -24 -10 -23 -11 -22 -10 -20 -11 -18 -12 -18 -13 -16 -14 -16 -14 -15 -15 -13 -15 -14 -15 -14 -16 -15 -14 -13 -13 -14 -11 -14 -10 -14 -9 -14 -8 -12 -6 -11 -5 -11 -3 -11 -1 -10 0 0 0 0 0 0 0 0 0 0 0 0 0 0 0 0 0 0 0 0 0 0 -12 -27 -10 -30 -8 -30 -7 -32 -6 -32 -3 -35 -2 -34 0 -34 1 -33 1 -33 1 -33 1 -33 0 -32 0 -32 0 -32 -1 -31 -2 -31 -2 -30 -4 -31 -4 -30 -5 -30 -6 -30 -6 -29 -8 -29 -8 -29 -9 -30]
,,,-80,0,0,0,0,0,0,0,0,0,0,-92,0,6,1726018789189,0,0,0,0,1726018789189,124,[-22 -10 -21 -9 -20 -8 -20 -7 -20 -6 -19 -4 -18 -3 -17 -2 -18 -1 -17 0 -18 2 -17 2 -18 2 -17 2 -17 2 -18 2 -18 2 -17 0 -16 -1 -15 -1 -15 -2 -14 -3 -13 -4 -10 -4 -8 -5 0 0 0 0 0 0 0 0 0 0 0 0 0 0 0 0 0 0 0 0 0 0 -25 -10 -25 -13 -24 -14 -24 -16 -24 -17 -23 -19 -22 -20 -21 -20 -21 -21 -20 -21 -19 -21 -19 -20 -19 -20 -19 -20 -19 -19 -20 -18 -19 -17 -20 -16 -21 -16 -22 -15 -22 -14 -23 -13 -22 -13 -23 -13 -23 -12 -22 -12]
,,,-80,0,0,0,0,0,0,0,0,0,0,-92,0,6,1726018789209,0,0,0,0,1726018789209,124,[-6 22 -5 21 -4 21 -3 20 -2 19 -1 18 1 17 2 17 3 17 5 17 5 15 6 15 7 16 8 16 9 16 8 16 8 17 8 17 7 17 5 16 4 15 3 15 1 14 0 14 -2 13 0 0 0 0 0 0 0 0 0 0 0 0 0 0 0 0 0 0 0 0 0 0 -1 23 -3 23 -4 23 -6 23 -8 23 -9 24 -11 24 -12 23 -12 22 -13 21 -13 22 -13 21 -13 20 -12 20 -12 20 -12 20 -10 21 -11 22 -9 22 -9 22 -9 22 -8 23 -8 23 -8 24 -7 24 -6 25]
,,,-80,0,0,0,0,0,0,0,0,0,0,-92,0,6,1726018789229,0,0,0,0,1726018789229,124,[-14 -14 -15 -14 -13 -13 -13 -12 -14 -10 -14 -10 -13 -8 -13 -8 -13 -6 -14 -6 -14 -5 -15 -4 -15 -3 -15 -3 -15 -3 -15 -2 -15 -4 -15 -4 -14 -4 -14 -5 -13 -5 -12 -5 -12 -6 -10 -7 -9 -7 0 0 0 0 0 0 0 0 0 0 0 0 0 0 0 0 0 0 0 0 0 0 -15 -7 -14 -9 -14 -10 -14 -11 -13 -12 -13 -14 -12 -14 -12 -15 -11 -15 -10 -16 -10 -16 -10 -16 -10 -16 -10 -16 -10 -16 -10 -16 -11 -16 -11 -15 -12 -16 -12 -15 -13 -15 -13 -15 -13 -15 -14 -16 -15 -15 -15 -16]
,,,-80,0,0,0,0,0,0,0,0,0,0,-92,0,6,1726018789249,0,0,0,0,1726018789249,124,[16 -14 15 -14 14 -13 13 -13 12 -14 11 -13 13 10 -13 8 -14 7 -14 6 -15 6 -15 6 -15 5 -15 4 -15 4 -16 5 -15 5 -15 5 -15 5 -14 6 -13 6 -12 7 -10 7 -9 7 -9 7 -7 0 0 0 0 0 0 0 0 0 0 0 0 0 0 0 0 0 0 0 0 0 0 8 -15 13 10 -14 12 -14 13 -13 14 -12 15 -12 16 -11 17 -11 17 -10 18 -9 18 -9 18 -9 18 -8 18 -9 18 -9 17 -9 17 -9 17 -10 17 -10 17 -11 17 -12 18 -12 17 -13 18 -13 17 -14]
,,,-80,0,0,0,0,0,0,0,0,0,0,-92,0,6,1726018789269,0,0,0,0,1726018789269,124,[-11 14 -11 14 -9 14 -9 14 -8 13 -7 13 -6 13 -5 13 -4 13 -3 13 -2 12 -2 13 -2 13 -2 13 -1 13 -2 12 -2 13 -3 12 -3 11 -3 13 10 -4 9 -4 8 -5 7 -5 6 -5 5 0 0 0 0 0 0 0 0 0 0 0 0 0 0 0 0 0 0 0 0 0 0 -5 14 -7 15 -8 14 -10 14 -11 13 -12 14 -13 13 -13 13 -14 12 -14 11 -15 12 -14 12 -14 11 -14 11 -14 11 -14 11 -14 12 -13 12 -13 13 -13 13 -13 14 -13 14 -12 14 -13 15 -12 15 -11]
,,,-80,0,0,0,0,0,0,0,0,0,0,-92,0,6,1726018789292,0,0,0,0,1726018789292,124,[-18 15 -18 15 -15 15 -15 15 -13 15 -12 14 -10 15 -9 15 -7 15 -6 16 -6 15 -5 16 -5 16 -5 16 -5 17 -5 15 -5 16 -6 14 -6 13 -7 13 -8 13 10 -8 9 -8 8 -8 7 -8 5 0 0 0 0 0 0 0 0 0 0 0 0 0 0 0 0 0 0 0 0 0 0 -14 15 -16 16 -17 15 -19 14 -20 13 -21 13 -22 12 -22 12 -22 11 -23 13 10 -23 13 10 -22 13 10 -23 13 10 -22 9 -22 13 10 -22 11 -22 11 -21 11 -22 13 -21 13 -20 14 -20 14 -20 15]
,,,-80,0,0,0,0,0,0,0,0,0,0,-92,0,6,1726018789326,0,0,0,0,1726018789326,124,[9 -28 13 10 -28 8 -27 7 -25 6 -24 4 -23 3 -23 0 -23 -1 -22 -3 -23 -3 -21 -5 -21 -5 -22 -6 -22 -6 -23 -6 -22 -5 -23 -4 -23 -3 -22 -2 -22 -1 -20 1 -19 2 -18 4 -17 5 -15 0 0 0 0 0 0 0 0 0 0 0 0 0 0 0 0 0 0 0 0 0 0 4 -29 6 -29 8 -29 9 -29 12 -28 14 -29 15 -29 17 -28 17 -27 18 -27 18 -27 18 -26 17 -25 18 -26 17 -25 16 -27 15 -27 15 -28 14 -27 13 -27 13 -29 13 -29 13 -30 13 -30 12 -31 11]
,,,-80,0,0,0,0,0,0,0,0,0,0,-92,0,6,1726018789339,0,0,0,0,1726018789339,124,[-20 12 -19 12 -17 12 -17 12 -15 12 -14 12 -13 13 -11 13 -9 13 -8 14 -9 15 -8 15 -8 15 -6 16 -6 17 -7 16 -7 16 -7 15 -7 14 -7 14 -9 12 -9 11 -9 13 10 -8 9 -9 8 0 0 0 0 0 0 0 0 0 0 0 0 0 0 0 0 0 0 0 0 0 0 -15 14 -17 13 -18 12 -19 12 -20 11 -22 13 10 -22 13 10 -22 8 -23 8 -23 7 -23 7 -22 7 -23 6 -22 6 -22 6 -22 8 -22 8 -22 8 -22 9 -22 13 10 -22 13 10 -21 11 -21 11 -22]
,,,-80,0,0,0,0,0,0,0,0,0,0,-92,0,6,1726018789383,0,0,0,0,1726018789383,124,[-9 -20 -9 -20 -9 -19 -9 -18 -10 -17 -10 -16 -10 -15 -10 -14 -11 -13 -12 -12 -12 -11 -13 -11 -13 -10 -13 -10 -13 -10 -13 -10 -13 -11 -12 -11 -11 -10 -10 -10 -9 -9 -8 -9 -8 -9 -6 -9 -5 -9 0 0 0 0 0 0 0 0 0 0 0 0 0 0 0 0 0 0 0 0 0 0 -13 -13 -12 -14 -11 -15 -11 -16 -10 -17 -9 -19 -8 -19 -7 -20 -6 -20 -5 -20 -5 -21 -5 -21 -5 -20 -5 -20 -5 -20 -5 -21 -6 -21 -6 -21 -6 -21 -7 -21 -8 -21 -8 -21 -8 -21 -9 -22 -10 -21 -9 -22]
,,,-80,0,0,0,0,0,0,0,0,0,0,-92,0,6,1726018789396,0,0,0,0,1726018789396,124,[31 13 10 30 9 28 8 28 7 27 6 26 4 26 3 24 1 24 -1 24 -2 24 -2 23 -3 23 -4 23 -5 23 -4 23 -4 22 -4 21 -3 20 -2 19 -1 18 0 17 0 16 1 13 1 11 2 0 0 0 0 0 0 0 0 0 0 0 0 0 0 0 0 0 0 0 0 0 0 24 -1 25 1 26 3 27 4 27 7 28 9 28 11 28 12 27 13 27 14 27 15 27 14 27 15 26 15 27 15 27 14 27 14 28 13 29 13 30 12 30 12 31 11 31 11 33 11 33 13 10]
,,,-80,0,0,0,0,0,0,0,0,0,0,-92,0,6,1726018789422,0,0,0,0,1726018789422,124,[-22 -2 -21 -2 -20 -1 -20 -1 -19 0 -18 1 -18 2 -16 2 -16 3 -16 3 -16 4 -16 4 -16 5 -15 4 -15 4 -15 4 -14 3 -14 2 -13 2 -12 1 -12 0 -12 0 -11 -1 -9 -1 -8 -2 0 0 0 0 0 0 0 0 0 0 0 0 0 0 0 0 0 0 0 0 0 0 -17 3 -18 1 -18 1 -19 -1 -20 -2 -21 -3 -20 -4 -20 -5 -20 -6 -21 -6 -21 -7 -20 -7 -21 -7 -20 -6 -20 -6 -21 -6 -20 -6 -21 -6 -21 -5 -21 -4 -22 -3 -22 -3 -22 -3 -23 -3 -23 -2 -23 -2]
,,,-80,0,0,0,0,0,0,0,0,0,0,-92,0,6,1726018789434,0,0,0,0,1726018789434,124,[12 16 12 15 12 14 11 13 11 13 11 12 11 13 10 11 13 10 12 9 12 9 12 8 12 7 12 7 12 7 12 7 11 7 11 8 13 10 8 9 8 8 7 7 7 6 7 6 7 4 7 2 7 0 0 0 0 0 0 0 0 0 0 0 0 0 0 0 0 0 0 0 0 0 0 13 11 12 12 12 13 11 14 11 15 13 10 17 9 18 9 18 8 19 8 19 8 19 8 19 8 18 8 18 7 17 8 18 8 17 9 18 13 10 18 13 10 18 11 17 11 17 11 17]
,,,-80,0,0,0,0,0,0,0,0,0,0,-92,0,6,1726018789449,0,0,0,0,1726018789449,124,[-8 19 -8 19 -7 19 -6 18 -6 17 -5 16 -4 16 -3 16 -2 16 -1 15 -1 15 -1 14 -1 14 0 15 0 14 -1 14 -1 14 -1 13 -2 12 -3 11 -3 13 10 -4 9 -5 8 -5 7 -5 6 0 0 0 0 0 0 0 0 0 0 0 0 0 0 0 0 0 0 0 0 0 0 -5 19 -6 19 -8 19 -9 18 -10 19 -12 19 -13 19 -14 18 -14 18 -15 17 -15 18 -15 17 -14 17 -14 16 -13 16 -13 17 -12 17 -12 18 -11 18 -11 19 -11 19 -10 19 -10 20 -10 20 -10 20 -9]
,,,-80,0,0,0,0,0,0,0,0,0,0,-92,0,6,1726018789469,0,0,0,0,1726018789469,124,[-19 15 -19 15 -17 15 -16 14 -15 14 -13 13 -12 14 -11 14 -9 14 -9 14 -9 13 -8 14 -8 13 -7 14 -7 14 -8 12 -7 12 -7 11 -7 13 10 -7 13 10 -8 8 -8 6 -8 6 -8 5 -8 4 0 0 0 0 0 0 0 0 0 0 0 0 0 0 0 0 0 0 0 0 0 0 -17 17 -19 17 -21 15 -22 14 -23 14 -25 13 -25 12 -25 11 -26 13 10 -26 13 10 -26 13 10 -25 13 10 -24 9 -24 9 -23 9 -23 13 10 -23 11 -22 11 -22 13 -22 14 -21 14 -21 15 -21]
,,,-80,0,0,0,0,0,0,0,0,0,0,-92,0,6,1726018789498,0,0,0,0,1726018789498,124,[5 15 6 15 5 14 6 13 6 12 6 11 6 13 10 6 9 6 9 7 9 7 8 7 7 7 7 7 6 7 7 7 6 7 6 6 6 5 6 5 6 4 5 3 5 3 5 2 5 1 4 0 0 0 0 0 0 0 0 0 0 0 0 0 0 0 0 0 0 0 0 0 0 7 16 7 18 5 17 5 19 4 18 3 21 2 20 2 20 0 20 0 19 0 19 0 19 0 18 0 17 1 18 1 17 2 18 2 17 3 17 4 17 4 16 5 16 5 16 6 17 5 17 6]
,,,-80,0,0,0,0,0,0,0,0,0,0,-92,0,6,1726018789510,0,0,0,0,1726018789510,124,[-25 -16 -25 -15 -23 -14 -23 -13 -22 -12 -21 -10 -21 -8 -20 -8 -19 -6 -19 -5 -19 -4 -19 -2 -18 -3 -17 -2 -17 -2 -17 -1 -17 -2 -16 -2 -14 -3 -13 -3 -14 -3 -13 -3 -12 -4 -9 -5 -8 -4 0 0 0 0 0 0 0 0 0 0 0 0 0 0 0 0 0 0 0 0 0 0 -30 -15 -29 -19 -28 -19 -29 -21 -27 -23 -26 -26 -24 -27 -23 -27 -22 -28 -22 -28 -22 -28 -21 -26 -21 -25 -20 -25 -21 -25 -22 -24 -22 -22 -22 -22 -24 -22 -24 -21 -24 -20 -25 -20 -25 -19 -27 -18 -26 -18 -25 -18]
,,,-80,0,0,0,0,0,0,0,0,0,0,-92,0,6,1726018789529,0,0,0,0,1726018789529,124,[-5 -18 -5 -18 -5 -17 -5 -16 -5 -15 -6 -14 -6 -13 -6 -13 -7 -12 -8 -11 -8 -10 -8 -10 -8 -10 -8 -10 -9 -10 -8 -8 -8 -9 -7 -9 -7 -8 -6 -9 -6 -8 -5 -7 -5 -7 -3 -7 -3 -7 0 0 0 0 0 0 0 0 0 0 0 0 0 0 0 0 0 0 0 0 0 0 -7 -20 -5 -21 -4 -21 -3 -22 -2 -22 -1 -23 0 -23 1 -23 2 -22 1 -22 2 -22 2 -21 1 -21 1 -21 2 -21 1 -20 0 -20 -1 -20 -1 -20 -2 -20 -3 -20 -3 -20 -3 -20 -4 -20 -4 -20 -5 -21]
,,,-80,0,0,0,0,0,0,0,0,0,0,-92,0,6,1726018789549,0,0,0,0,1726018789549,124,[-11 -20 -11 -19 -11 -18 -11 -17 -11 -15 -11 -14 -11 -13 -11 -13 -11 -12 -12 -11 -12 -10 -13 -9 -13 -8 -12 -9 -13 -9 -12 -7 -12 -8 -12 -8 -11 -8 -10 -8 -9 -7 -8 -7 -8 -8 -6 -8 -5 -7 0 0 0 0 0 0 0 0 0 0 0 0 0 0 0 0 0 0 0 0 0 0 -15 -19 -13 -21 -12 -21 -12 -23 -10 -22 -9 -25 -8 -24 -7 -25 -7 -25 -6 -25 -5 -25 -5 -25 -5 -24 -5 -24 -6 -24 -7 -23 -7 -23 -8 -22 -8 -23 -9 -22 -10 -22 -10 -21 -10 -22 -11 -22 -11 -22 -11 -23]
,,,-80,0,0,0,0,0,0,0,0,0,0,-92,0,6,1726018789569,0,0,0,0,1726018789569,124,[-13 -16 -12 -15 -11 -15 -11 -13 -11 -12 -11 -11 -11 -10 -11 -9 -12 -9 -11 -8 -12 -7 -12 -7 -12 -6 -12 -6 -12 -6 -13 -5 -11 -6 -11 -6 -10 -5 -9 -6 -9 -5 -9 -6 -8 -5 -6 -6 -5 -6 0 0 0 0 0 0 0 0 0 0 0 0 0 0 0 0 0 0 0 0 0 0 -15 -13 -14 -15 -14 -15 -13 -16 -12 -17 -11 -18 -11 -19 -10 -19 -9 -19 -9 -20 -8 -20 -8 -19 -8 -19 -8 -19 -8 -18 -9 -19 -9 -17 -9 -18 -10 -17 -11 -17 -11 -17 -12 -17 -12 -18 -12 -17 -12 -17 -12 -17]
,,,-80,0,0,0,0,0,0,0,0,0,0,-92,0,6,1726018789589,0,0,0,0,1726018789589,124,[-21 -12 -21 -12 -20 -11 -20 -10 -19 -9 -18 -8 -17 -6 -17 -6 -17 -4 -17 -4 -17 -2 -17 -2 -18 -1 -16 -1 -18 -1 -17 0 -17 -1 -16 -2 -15 -2 -14 -2 -14 -2 -13 -2 -13 -3 -11 -3 -10 -4 0 0 0 0 0 0 0 0 0 0 0 0 0 0 0 0 0 0 0 0 0 0 -21 -7 -21 -10 -21 -10 -21 -12 -20 -13 -20 -15 -19 -15 -18 -16 -17 -16 -17 -17 -17 -18 -17 -16 -17 -16 -17 -16 -17 -17 -17 -16 -18 -15 -17 -15 -18 -15 -19 -14 -20 -14 -20 -14 -20 -14 -22 -13 -22 -13 -22 -13]
,,,-80,0,0,0,0,0,0,0,0,0,0,-92,0,6,1726018789609,0,0,0,0,1726018789609,124,[14 21 14 21 13 20 14 19 14 17 14 16 14 14 14 13 15 12 16 11 15 13 10 17 9 17 9 17 9 17 8 17 8 17 9 16 9 15 9 14 9 13 8 12 8 11 8 13 10 9 8 9 0 0 0 0 0 0 0 0 0 0 0 0 0 0 0 0 0 0 0 0 0 0 17 14 16 16 15 16 14 18 12 19 12 21 13 10 22 9 22 8 23 8 22 7 23 7 22 7 22 7 22 7 22 7 21 8 22 8 21 9 21 13 10 21 11 21 12 21 12 22 13 22]
,,,-80,0,0,0,0,0,0,0,0,0,0,-92,0,6,1726018789638,0,0,0,0,1726018789638,124,[-22 14 -21 14 -20 14 -20 14 -18 14 -18 14 -16 14 -14 14 -13 14 -13 15 -13 15 -11 15 -11 16 -9 16 -9 16 -10 16 -9 16 -9 15 -9 14 -9 14 -9 12 -10 11 -10 11 -9 13 10 -10 8 0 0 0 0 0 0 0 0 0 0 0 0 0 0 0 0 0 0 0 0 0 0 -11 16 -13 16 -15 15 -16 14 -17 13 -19 13 -19 12 -19 11 -20 9 -21 9 -22 8 -21 8 -21 7 -20 7 -20 8 -20 8 -20 8 -20 9 -21 13 10 -20 11 -21 12 -21 13 -21 13 -23 13 -23 14]
,,,-80,0,0,0,0,0,0,0,0,0,0,-92,0,6,1726018789660,0,0,0,0,1726018789660,124,[7 18 7 18 7 18 7 17 8 16 7 15 8 15 8 13 9 12 9 12 9 11 9 11 13 10 13 10 13 10 13 10 13 10 13 10 13 10 13 10 13 10 13 10 9 13 10 8 9 8 9 7 8 6 8 5 8 4 8 3 8 0 0 0 0 0 0 0 0 0 0 0 0 0 0 0 0 0 0 0 0 0 0 13 10 12 9 13 7 14 7 14 6 15 5 16 4 17 3 17 3 17 2 17 1 17 2 17 1 16 1 16 2 16 2 16 2 16 3 16 4 16 4 17]
,,,-80,0,0,0,0,0,0,0,0,0,0,-92,0,6,1726018789673,0,0,0,0,1726018789673,124,[-20 8 -19 9 -18 9 -17 9 -17 9 -16 9 -15 9 -14 13 10 -13 13 10 -12 13 10 -12 13 10 -11 13 10 -11 11 -10 11 -10 11 -10 11 -9 13 10 -9 13 10 -9 9 -9 9 -9 7 -9 6 -9 6 -8 5 -8 4 0 0 0 0 0 0 0 0 0 0 0 0 0 0 0 0 0 0 0 0 0 0 -12 11 -13 11 -15 13 10 -16 9 -16 8 -17 7 -17 7 -18 6 -18 5 -18 4 -18 4 -18 4 -18 3 -18 3 -17 4 -18 4 -17 5 -18 5 -18 5 -18 7 -18 7 -19 7]
,,,-80,0,0,0,0,0,0,0,0,0,0,-92,0,6,1726018789690,0,0,0,0,1726018789690,124,[-12 -16 -13 -16 -12 -16 -12 -15 -12 -14 -12 -13 -11 -12 -12 -11 -12 -10 -12 -9 -13 -9 -13 -7 -13 -7 -13 -7 -13 -7 -13 -6 -13 -7 -12 -7 -11 -7 -11 -7 -10 -7 -10 -7 -9 -6 -8 -6 -6 -7 0 0 0 0 0 0 0 0 0 0 0 0 0 0 0 0 0 0 0 0 0 0 -14 -9 -14 -11 -13 -12 -13 -13 -12 -14 -11 -16 -10 -16 -9 -17 -9 -17 -8 -17 -8 -17 -8 -17 -8 -16 -8 -17 -8 -17 -9 -17 -9 -16 -9 -17 -10 -17 -10 -16 -11 -16 -11 -17 -11 -17 -12 -17 -13 -17 -13 -18]
,,,-80,0,0,0,0,0,0,0,0,0,0,-92,0,6,1726018789709,0,0,0,0,1726018789709,124,[19 -8 19 -8 17 -8 17 -8 16 -8 15 -8 14 -8 12 -9 11 -10 11 -10 13 10 -11 9 -10 9 -11 8 -11 8 -11 8 -11 8 -11 8 -11 7 -10 7 -10 7 -9 7 -8 7 -7 7 -7 7 -6 0 0 0 0 0 0 0 0 0 0 0 0 0 0 0 0 0 0 0 0 0 0 11 -12 13 -11 14 -10 15 -9 16 -8 17 -7 17 -6 17 -5 17 -4 18 -3 18 -3 17 -3 17 -3 17 -3 17 -3 17 -4 17 -4 17 -4 18 -5 18 -5 18 -6 19 -6 18 -7 19 -8 20 -8 20]
,,,-80,0,0,0,0,0,0,0,0,0,0,-92,0,6,1726018789729,0,0,0,0,1726018789729,124,[5 22 5 22 6 22 5 21 5 20 6 18 7 17 7 16 8 15 9 15 9 13 9 12 13 10 13 13 10 12 11 12 13 10 12 13 10 12 13 10 12 9 11 8 11 8 13 10 7 13 10 6 9 4 9 3 9 0 0 0 0 0 0 0 0 0 0 0 0 0 0 0 0 0 0 0 0 0 0 13 10 13 9 14 8 15 6 16 5 17 4 19 2 19 1 20 0 19 -1 19 -1 20 -1 19 -1 18 -2 18 -1 18 -1 18 0 19 1 19 1 19 2 20 3 20 4 20]
,,,-80,0,0,0,0,0,0,0,0,0,0,-92,0,6,1726018789749,0,0,0,0,1726018789749,124,[7 -23 6 -22 5 -22 5 -22 5 -21 3 -21 3 -20 1 -20 0 -20 -1 -20 -1 -19 -2 -18 -2 -18 -3 -19 -3 -19 -2 -18 -2 -18 -2 -17 -2 -16 -1 -16 0 -14 0 -13 0 -13 1 -12 2 -11 0 0 0 0 0 0 0 0 0 0 0 0 0 0 0 0 0 0 0 0 0 0 -2 -17 0 -18 1 -18 3 -18 4 -18 6 -18 8 -17 8 -17 9 -17 13 10 -16 13 10 -16 13 10 -15 13 10 -15 9 -15 9 -15 9 -16 9 -16 8 -17 8 -18 8 -18 7 -19 7 -20 7 -21 7 -22]
,,,-80,0,0,0,0,0,0,0,0,0,0,-92,0,6,1726018789769,0,0,0,0,1726018789769,124,[-18 -10 -18 -10 -17 -9 -17 -8 -17 -8 -17 -8 -16 -6 -16 -5 -16 -5 -16 -4 -17 -3 -16 -3 -16 -2 -16 -2 -16 -2 -16 -2 -15 -2 -14 -3 -13 -3 -13 -3 -12 -4 -12 -4 -11 -4 -9 -4 -9 -5 0 0 0 0 0 0 0 0 0 0 0 0 0 0 0 0 0 0 0 0 0 0 -14 -1 -15 -3 -15 -4 -15 -5 -15 -7 -14 -8 -14 -9 -14 -10 -13 -10 -13 -11 -13 -11 -12 -11 -12 -11 -12 -11 -12 -11 -13 -11 -13 -10 -14 -10 -14 -10 -15 -10 -16 -10 -16 -10 -16 -10 -18 -10 -18 -10 -18 -10]
,,,-80,0,0,0,0,0,0,0,0,0,0,-92,0,6,1726018789795,0,0,0,0,1726018789795,124,[-26 5 -26 5 -24 5 -24 5 -23 5 -22 6 -21 7 -19 7 -18 8 -18 9 -18 9 -18 13 10 -17 11 -16 11 -16 11 -17 13 10 -16 13 10 -15 13 10 -15 9 -15 9 -15 7 -15 6 -14 5 -13 5 -13 4 0 0 0 0 0 0 0 0 0 0 0 0 0 0 0 0 0 0 0 0 0 0 -14 11 -16 13 10 -17 9 -19 8 -20 7 -21 6 -22 4 -22 3 -22 2 -23 1 -23 1 -22 0 -23 0 -23 0 -23 0 -23 0 -23 1 -23 1 -24 2 -24 2 -25 3 -25 3 -25 4 -27]
,,,-80,0,0,0,0,0,0,0,0,0,0,-92,0,6,1726018789833,0,0,0,0,1726018789833,124,[-2 24 -2 25 -1 24 -1 23 -1 23 0 21 1 21 3 20 4 20 6 19 5 20 5 18 6 18 7 18 8 20 7 18 6 18 5 17 5 17 4 16 2 14 2 14 1 12 0 13 -2 12 0 0 0 0 0 0 0 0 0 0 0 0 0 0 0 0 0 0 0 0 0 0 6 12 5 14 3 15 2 15 1 16 0 18 -1 18 -4 18 -5 19 -6 19 -7 18 -7 19 -7 19 -6 19 -6 18 -6 20 -5 20 -5 21 -5 20 -4 21 -4 22 -2 23 -4 24 -3 25 -2 25 -1 26]
,,,-80,0,0,0,0,0,0,0,0,0,0,-92,0,6,1726018789844,0,0,0,0,1726018789844,124,[17 -32 17 -34 15 -32 15 -32 13 -31 11 -30 13 10 -30 8 -30 5 -30 4 -30 4 -29 2 -29 3 -30 2 -29 2 -30 3 -28 3 -30 4 -27 5 -26 5 -26 7 -22 6 -20 7 -20 8 -19 8 -16 0 0 0 0 0 0 0 0 0 0 0 0 0 0 0 0 0 0 0 0 0 0 -2 -21 1 -23 3 -22 6 -23 8 -23 11 -25 13 -24 15 -24 16 -23 17 -22 18 -23 17 -23 18 -21 18 -22 18 -22 18 -23 17 -24 16 -25 17 -26 17 -27 17 -29 17 -30 15 -31 17 -33 17 -34 16]
,,,-80,0,0,0,0,0,0,0,0,0,0,-92,0,6,1726018789862,0,0,0,0,1726018789862,124,[-16 -17 -16 -17 -15 -15 -15 -15 -15 -14 -15 -13 -15 -12 -15 -12 -15 -10 -16 -10 -16 -9 -16 -8 -17 -8 -16 -8 -17 -9 -16 -8 -16 -9 -15 -9 -13 -9 -13 -9 -11 -9 -11 -9 -10 -9 -8 -9 -7 -9 0 0 0 0 0 0 0 0 0 0 0 0 0 0 0 0 0 0 0 0 0 0 -12 -4 -12 -6 -12 -7 -12 -8 -11 -9 -11 -11 -10 -12 -10 -13 -9 -13 -9 -13 -9 -14 -9 -14 -9 -14 -9 -14 -9 -14 -10 -15 -10 -15 -11 -14 -12 -15 -12 -15 -13 -15 -14 -15 -15 -16 -16 -16 -16 -16 -17 -17]
,,,-80,0,0,0,0,0,0,0,0,0,0,-92,0,6,1726018789873,0,0,0,0,1726018789873,124,[25 20 25 19 23 18 24 17 24 16 24 14 23 13 22 12 23 13 10 24 9 23 9 24 8 24 7 23 7 24 7 23 7 22 9 21 8 20 8 19 9 18 9 16 9 15 13 10 12 9 11 13 10 0 0 0 0 0 0 0 0 0 0 0 0 0 0 0 0 0 0 0 0 0 0 17 3 18 5 18 6 18 8 18 13 10 18 12 18 14 17 15 16 16 16 17 15 18 16 18 16 18 16 18 16 18 17 19 18 18 19 18 20 18 21 18 22 18 23 19 23 19 25 20]
,,,-80,0,0,0,0,0,0,0,0,0,0,-92,0,6,1726018789891,0,0,0,0,1726018789891,124,[21 -2 21 -3 20 -3 20 -3 19 -3 18 -4 17 -5 16 -5 15 -6 15 -8 15 -8 14 -8 14 -8 14 -9 14 -9 14 -8 13 -8 13 -8 12 -7 12 -6 12 -5 11 -5 11 -4 9 -3 9 -3 0 0 0 0 0 0 0 0 0 0 0 0 0 0 0 0 0 0 0 0 0 0 13 10 -7 11 -6 13 -6 14 -5 15 -4 16 -3 16 -2 16 -1 16 0 17 1 18 1 17 2 18 2 18 2 17 2 18 1 18 1 18 1 20 0 20 0 20 0 21 -1 20 -1 22 -1 22 -2 22]
,,,-80,0,0,0,0,0,0,0,0,0,0,-92,0,6,1726018789911,0,0,0,0,1726018789911,124,[23 -6 23 -6 22 -6 22 -6 20 -6 20 -7 19 -8 17 -9 16 -10 16 -11 16 -11 15 -11 15 -11 14 -11 15 -12 15 -11 14 -11 13 -10 13 -9 13 -9 13 -8 12 -6 12 -6 11 -5 13 10 -4 0 0 0 0 0 0 0 0 0 0 0 0 0 0 0 0 0 0 0 0 0 0 11 -11 12 -10 14 -9 15 -8 16 -7 17 -6 18 -4 18 -3 19 -2 20 -1 20 -1 20 -1 20 0 20 0 20 0 20 -1 20 -1 20 -1 21 -2 21 -3 22 -3 23 -4 22 -4 24 -5 24 -5 24]
,,,-80,0,0,0,0,0,0,0,0,0,0,-92,0,6,1726018789931,0,0,0,0,1726018789931,124,[17 -19 17 -18 16 -18 16 -18 14 -17 13 -18 13 -18 11 -18 13 10 -19 9 -19 9 -18 8 -18 8 -19 7 -19 7 -20 8 -18 8 -19 8 -17 8 -16 8 -16 8 -14 9 -13 8 -12 8 -11 9 -10 0 0 0 0 0 0 0 0 0 0 0 0 0 0 0 0 0 0 0 0 0 0 4 -16 7 -16 8 -15 9 -15 11 -15 13 -15 14 -14 15 -13 16 -12 17 -12 17 -12 17 -11 17 -11 16 -10 17 -11 17 -12 16 -13 16 -13 16 -13 16 -14 17 -15 17 -16 17 -17 17 -18 18 -18 18]
,,,-80,0,0,0,0,0,0,0,0,0,0,-92,0,6,1726018789949,0,0,0,0,1726018789949,124,[-26 -22 -26 -22 -24 -21 -25 -20 -25 -19 -25 -17 -24 -15 -24 -15 -24 -13 -25 -12 -25 -11 -25 -9 -26 -9 -25 -10 -26 -10 -25 -8 -25 -10 -23 -10 -21 -10 -21 -11 -19 -11 -18 -10 -17 -11 -15 -11 -13 -12 0 0 0 0 0 0 0 0 0 0 0 0 0 0 0 0 0 0 0 0 0 0 -21 -7 -21 -10 -21 -12 -21 -14 -20 -15 -20 -19 -19 -19 -18 -21 -17 -21 -16 -22 -16 -23 -16 -22 -16 -23 -16 -22 -16 -22 -16 -23 -16 -22 -17 -21 -19 -22 -20 -21 -21 -21 -22 -21 -23 -21 -25 -21 -26 -22 -26 -23]
,,,-80,0,0,0,0,0,0,0,0,0,0,-92,0,6,1726018789969,0,0,0,0,1726018789969,124,[-18 -15 -18 -15 -17 -14 -18 -14 -17 -13 -17 -13 -16 -11 -16 -10 -16 -9 -17 -7 -18 -7 -17 -6 -18 -6 -17 -6 -17 -6 -17 -6 -17 -6 -16 -7 -15 -7 -14 -7 -13 -8 -13 -7 -12 -7 -10 -7 -9 -7 0 0 0 0 0 0 0 0 0 0 0 0 0 0 0 0 0 0 0 0 0 0 -14 -5 -15 -7 -14 -8 -15 -9 -14 -10 -14 -13 -13 -14 -13 -15 -12 -15 -12 -16 -13 -17 -12 -16 -12 -16 -12 -17 -12 -17 -11 -17 -12 -16 -12 -16 -13 -17 -13 -16 -15 -16 -15 -16 -15 -15 -17 -15 -18 -15 -18 -16]
,,,-80,0,0,0,0,0,0,0,0,0,0,-92,0,6,1726018789993,0,0,0,0,1726018789993,124,[-10 -19 -11 -18 -10 -17 -10 -17 -11 -16 -11 -15 -11 -14 -11 -13 -12 -12 -13 -12 -13 -11 -13 -10 -13 -9 -12 -10 -13 -10 -13 -9 -12 -10 -12 -10 -11 -9 -10 -9 -10 -9 -9 -9 -8 -9 -7 -8 -6 -8 0 0 0 0 0 0 0 0 0 0 0 0 0 0 0 0 0 0 0 0 0 0 -12 -10 -11 -12 -10 -13 -10 -14 -9 -15 -8 -17 -7 -18 -6 -18 -5 -18 -5 -19 -5 -20 -4 -19 -4 -19 -4 -19 -5 -19 -4 -19 -5 -19 -5 -19 -6 -19 -7 -19 -7 -19 -8 -19 -8 -19 -10 -19 -10 -19 -10 -20]
,,,-80,0,0,0,0,0,0,0,0,0,0,-92,0,6,1726018790012,0,0,0,0,1726018790012,124,[-3 20 -3 19 -2 19 -2 18 -1 17 0 16 1 16 1 16 2 15 3 14 3 14 4 14 4 13 5 14 5 13 5 14 5 13 4 13 4 12 3 12 2 11 2 13 10 1 13 10 0 13 10 -1 9 0 0 0 0 0 0 0 0 0 0 0 0 0 0 0 0 0 0 0 0 0 0 4 15 3 15 1 16 0 17 -1 17 -2 18 -4 19 -5 18 -6 19 -7 19 -8 19 -8 18 -8 18 -8 17 -7 17 -8 18 -7 18 -7 18 -6 18 -6 19 -5 19 -4 19 -4 20 -4 21 -4]
,,,-80,0,0,0,0,0,0,0,0,0,0,-92,0,6,1726018790030,0,0,0,0,1726018790030,124,[12 -17 12 -18 11 -17 11 -16 13 10 -16 8 -16 8 -16 6 -16 5 -16 4 -16 4 -16 3 -16 3 -16 2 -16 2 -17 2 -15 2 -16 2 -16 3 -15 3 -14 4 -13 4 -11 4 -11 4 -11 5 -9 0 0 0 0 0 0 0 0 0 0 0 0 0 0 0 0 0 0 0 0 0 0 3 -16 4 -17 6 -16 8 -16 9 -16 11 -17 12 -16 13 -15 14 -14 14 -14 15 -14 14 -13 15 -13 15 -13 15 -13 14 -13 14 -14 13 -14 14 -15 13 -15 13 -16 13 -17 12 -17 13 -17 13 -18 13]
,,,-80,0,0,0,0,0,0,0,0,0,0,-92,0,6,1726018790057,0,0,0,0,1726018790057,124,[-14 -17 -15 -18 -14 -16 -14 -16 -14 -14 -14 -13 -14 -12 -14 -12 -14 -10 -15 -10 -15 -9 -15 -9 -16 -8 -15 -8 -16 -8 -15 -8 -15 -9 -14 -9 -13 -9 -12 -9 -11 -9 -10 -8 -9 -8 -8 -8 -6 -8 0 0 0 0 0 0 0 0 0 0 0 0 0 0 0 0 0 0 0 0 0 0 -14 -7 -14 -10 -13 -10 -14 -12 -13 -13 -12 -16 -11 -16 -11 -17 -10 -18 -9 -18 -9 -19 -8 -19 -9 -18 -9 -18 -9 -18 -9 -18 -10 -18 -10 -17 -11 -18 -12 -17 -13 -18 -13 -17 -13 -18 -14 -18 -15 -19 -15 -19]
,,,-80,0,0,0,0,0,0,0,0,0,0,-92,0,6,1726018790073,0,0,0,0,1726018790073,124,[2 24 3 24 3 23 3 21 4 21 4 20 5 19 6 18 7 18 8 17 8 16 9 16 9 16 9 16 9 16 9 15 8 16 7 15 6 15 5 14 4 13 4 12 3 11 2 11 1 13 10 0 0 0 0 0 0 0 0 0 0 0 0 0 0 0 0 0 0 0 0 0 0 8 14 7 15 5 16 4 17 3 19 1 21 0 21 -1 21 -3 21 -3 21 -3 22 -3 21 -4 21 -4 21 -3 21 -4 21 -3 22 -2 22 -1 22 -1 22 0 22 1 23 1 24 2 25 2 25 3]
,,,-80,0,0,0,0,0,0,0,0,0,0,-92,0,6,1726018790092,0,0,0,0,1726018790092,124,[-24 11 -24 12 -22 12 -21 12 -20 11 -19 12 -18 12 -16 13 -15 14 -13 15 -14 14 -13 15 -13 15 -12 16 -13 16 -13 15 -12 15 -13 13 -12 12 -12 12 -12 13 10 -12 8 -11 8 -10 7 -10 5 0 0 0 0 0 0 0 0 0 0 0 0 0 0 0 0 0 0 0 0 0 0 -12 14 -15 14 -16 13 -18 12 -19 11 -21 11 -23 9 -24 8 -24 6 -25 5 -25 6 -25 5 -24 4 -24 4 -24 4 -24 5 -24 5 -24 6 -25 7 -24 7 -24 9 -25 9 -25 13 10 -25 11 -25 12]
,,,-80,0,0,0,0,0,0,0,0,0,0,-92,0,6,1726018790112,0,0,0,0,1726018790112,124,[12 17 12 16 12 16 12 14 12 14 12 12 13 11 12 13 10 13 9 13 8 13 8 13 7 14 7 13 7 14 6 13 6 13 7 12 7 11 7 11 7 13 10 6 9 6 8 7 6 7 5 6 0 0 0 0 0 0 0 0 0 0 0 0 0 0 0 0 0 0 0 0 0 0 13 9 13 11 12 12 12 14 11 15 11 17 13 10 18 9 19 8 19 8 19 7 20 7 20 7 20 6 19 6 19 6 19 7 19 8 19 8 19 9 19 13 10 18 11 18 11 19 12 18]
,,,-80,0,0,0,0,0,0,0,0,0,0,-92,0,6,1726018790133,0,0,0,0,1726018790133,124,[5 -23 5 -23 4 -23 3 -22 2 -20 1 -20 0 -19 -1 -19 -2 -19 -4 -19 -3 -18 -5 -17 -4 -17 -6 -17 -6 -18 -5 -17 -6 -17 -5 -17 -4 -16 -4 -15 -3 -14 -2 -13 -1 -13 -1 -12 0 -12 0 0 0 0 0 0 0 0 0 0 0 0 0 0 0 0 0 0 0 0 0 0 -1 -20 1 -21 2 -21 3 -22 5 -22 8 -23 9 -23 13 10 -23 11 -22 12 -22 12 -23 12 -22 12 -21 12 -21 12 -21 11 -21 11 -21 13 10 -22 13 10 -22 9 -22 8 -23 8 -23 7 -24 8 -24 7]
,,,-80,0,0,0,0,0,0,0,0,0,0,-92,0,6,1726018790149,0,0,0,0,1726018790149,124,[15 -12 15 -13 14 -13 13 -13 12 -13 11 -13 13 10 -13 9 -13 8 -13 7 -14 7 -14 6 -14 6 -14 5 -14 5 -15 5 -14 5 -15 5 -14 5 -13 5 -13 6 -11 6 -10 6 -10 6 -9 6 -8 0 0 0 0 0 0 0 0 0 0 0 0 0 0 0 0 0 0 0 0 0 0 9 -14 11 -13 12 -13 14 -12 15 -11 16 -11 17 -10 17 -9 18 -8 18 -7 19 -8 18 -7 19 -7 18 -7 18 -7 17 -8 17 -8 17 -8 17 -10 17 -10 17 -11 17 -11 16 -11 17 -12 17 -12 16]
,,,-80,0,0,0,0,0,0,0,0,0,0,-92,0,6,1726018790169,0,0,0,0,1726018790169,124,[-3 -24 -3 -24 -4 -24 -4 -23 -4 -22 -5 -21 -5 -20 -7 -19 -7 -19 -8 -19 -8 -17 -9 -17 -10 -17 -10 -17 -10 -17 -9 -17 -9 -17 -8 -16 -7 -16 -6 -16 -5 -14 -4 -14 -4 -13 -3 -13 -2 -12 0 0 0 0 0 0 0 0 0 0 0 0 0 0 0 0 0 0 0 0 0 0 -8 -17 -7 -19 -6 -20 -5 -21 -3 -22 -2 -23 0 -23 1 -24 2 -24 3 -24 4 -24 4 -24 4 -23 4 -23 4 -23 3 -23 3 -23 2 -23 2 -23 1 -24 0 -24 0 -24 -1 -25 -1 -26 -2 -26 -2 -26]
,,,-80,0,0,0,0,0,0,0,0,0,0,-92,0,6,1726018790189,0,0,0,0,1726018790189,124,[25 -1 25 -1 23 -2 23 -2 22 -3 20 -3 20 -4 19 -5 18 -6 18 -7 17 -8 17 -8 16 -8 16 -9 17 -9 17 -9 16 -8 15 -7 15 -6 15 -5 14 -4 14 -3 13 -3 11 -2 13 10 -1 0 0 0 0 0 0 0 0 0 0 0 0 0 0 0 0 0 0 0 0 0 0 16 -8 17 -6 19 -5 20 -4 21 -3 22 -1 22 1 22 2 22 3 23 4 23 4 22 5 22 5 22 5 22 5 22 5 22 4 23 4 23 3 24 2 24 2 24 1 24 1 26 0 26 0 26]
,,,-80,0,0,0,0,0,0,0,0,0,0,-92,0,6,1726018790211,0,0,0,0,1726018790211,124,[-2 -25 -3 -24 -3 -24 -4 -23 -4 -21 -5 -21 -6 -20 -7 -19 -8 -19 -9 -19 -9 -18 -10 -17 -11 -18 -10 -18 -10 -18 -10 -18 -9 -17 -9 -17 -8 -17 -7 -17 -6 -15 -5 -14 -4 -14 -2 -14 -1 -13 0 0 0 0 0 0 0 0 0 0 0 0 0 0 0 0 0 0 0 0 0 0 -7 -18 -5 -19 -4 -20 -3 -21 -2 -21 0 -23 2 -23 3 -24 4 -24 4 -24 6 -24 6 -23 6 -23 5 -23 6 -22 5 -23 4 -22 4 -23 3 -23 2 -23 1 -24 1 -24 0 -25 -1 -26 -1 -26 -2 -26]
,,,-80,0,0,0,0,0,0,0,0,0,0,-92,0,6,1726018790229,0,0,0,0,1726018790229,124,[7 -18 7 -19 6 -18 6 -18 4 -17 3 -17 3 -17 1 -17 1 -17 0 -17 0 -17 -1 -17 -1 -17 -2 -17 -2 -17 -1 -16 -1 -17 -1 -16 -1 -15 0 -15 1 -14 2 -12 2 -12 2 -12 3 -11 0 0 0 0 0 0 0 0 0 0 0 0 0 0 0 0 0 0 0 0 0 0 1 -16 3 -16 4 -16 6 -16 7 -16 9 -17 13 10 -16 13 10 -16 12 -15 12 -14 12 -15 12 -14 13 -13 12 -14 12 -14 11 -14 11 -15 13 10 -15 13 10 -16 13 10 -16 9 -16 9 -17 8 -17 9]
,,,-80,0,0,0,0,0,0,0,0,0,0,-92,0,6,1726018790251,0,0,0,0,1726018790251,124,[-6 -23 -6 -23 -6 -22 -6 -21 -7 -20 -8 -21 -9 -19 -9 -19 -10 -18 -10 -18 -11 -17 -11 -16 -12 -16 -12 -16 -12 -17 -11 -15 -11 -17 -10 -16 -9 -16 -9 -16 -7 -15 -6 -14 -6 -14 -4 -14 -3 -13 0 0 0 0 0 0 0 0 0 0 0 0 0 0 0 0 0 0 0 0 0 0 -10 -15 -9 -17 -8 -17 -7 -19 -6 -19 -4 -22 -3 -22 -2 -23 -1 -22 0 -22 1 -23 1 -22 1 -22 1 -21 1 -21 1 -22 0 -22 0 -22 -2 -22 -2 -21 -3 -22 -4 -22 -4 -23 -5 -23 -5 -24 -5 -25]
,,,-80,0,0,0,0,0,0,0,0,0,0,-92,0,6,1726018790269,0,0,0,0,1726018790269,124,[21 -5 21 -5 19 -5 19 -6 18 -6 17 -7 17 -7 15 -8 15 -9 15 -10 14 -10 14 -10 14 -11 13 -10 13 -11 14 -10 13 -10 13 -9 13 -9 12 -8 13 -7 12 -6 12 -5 11 -5 13 10 -4 0 0 0 0 0 0 0 0 0 0 0 0 0 0 0 0 0 0 0 0 0 0 13 -8 14 -7 15 -6 17 -5 17 -4 18 -3 18 -2 19 -1 19 0 20 1 20 1 19 1 20 2 19 2 19 2 19 1 19 1 18 0 19 -1 20 -1 20 -2 21 -2 20 -3 21 -4 21 -4 21]
,,,-80,0,0,0,0,0,0,0,0,0,0,-92,0,6,1726018790297,0,0,0,0,1726018790297,124,[1 -26 0 -26 0 -26 0 -24 -1 -24 -2 -23 -2 -22 -4 -22 -5 -21 -6 -21 -6 -20 -6 -20 -7 -20 -7 -20 -8 -20 -7 -19 -7 -19 -6 -19 -5 -18 -5 -18 -3 -17 -3 -16 -2 -15 -2 -15 0 -14 0 0 0 0 0 0 0 0 0 0 0 0 0 0 0 0 0 0 0 0 0 0 -6 -16 -4 -18 -3 -18 -2 -19 0 -20 1 -22 3 -22 4 -22 6 -22 6 -22 6 -23 7 -23 7 -22 7 -22 7 -22 6 -23 5 -23 5 -23 5 -23 4 -23 4 -25 4 -25 2 -26 2 -26 2 -27 1 -28]
,,,-80,0,0,0,0,0,0,0,0,0,0,-92,0,6,1726018790315,0,0,0,0,1726018790315,124,[26 -15 27 -15 25 -16 25 -15 25 -15 23 -15 21 -16 20 -16 18 -18 18 -19 18 -19 17 -19 17 -19 16 -19 17 -20 17 -17 17 -18 17 -16 17 -15 16 -14 16 -12 16 -11 16 -10 15 -9 15 -7 0 0 0 0 0 0 0 0 0 0 0 0 0 0 0 0 0 0 0 0 0 0 13 10 -16 13 -16 15 -14 17 -14 18 -13 21 -13 22 -11 23 -11 23 -9 25 -8 25 -9 25 -8 25 -8 24 -8 25 -7 25 -8 24 -9 24 -9 26 -10 26 -11 26 -12 26 -12 25 -14 27 -15 27 -16 27]
,,,-80,0,0,0,0,0,0,0,0,0,0,-92,0,6,1726018790335,0,0,0,0,1726018790335,124,[-22 -4 -22 -3 -20 -3 -21 -3 -20 -2 -20 -1 -19 -1 -19 0 -18 1 -19 2 -19 2 -19 3 -19 3 -18 3 -18 3 -18 2 -18 2 -17 1 -16 1 -16 0 -15 -1 -15 -1 -14 -2 -13 -2 -12 -3 0 0 0 0 0 0 0 0 0 0 0 0 0 0 0 0 0 0 0 0 0 0 -14 3 -15 1 -16 0 -17 -1 -17 -2 -18 -4 -18 -5 -17 -7 -17 -7 -17 -8 -18 -8 -17 -8 -17 -8 -17 -8 -17 -9 -17 -8 -17 -7 -17 -7 -19 -7 -19 -6 -19 -6 -20 -6 -20 -5 -22 -5 -22 -4 -22 -5]
,,,-80,0,0,0,0,0,0,0,0,0,0,-92,0,6,1726018790352,0,0,0,0,1726018790352,124,[12 17 12 17 11 16 12 15 12 14 12 13 13 12 13 12 13 11 14 13 10 15 9 15 9 15 9 14 9 15 9 15 9 14 9 13 13 10 12 9 12 13 10 11 9 13 10 9 13 10 9 8 9 7 9 0 0 0 0 0 0 0 0 0 0 0 0 0 0 0 0 0 0 0 0 0 0 12 8 11 13 10 11 11 13 10 13 13 10 14 9 15 7 17 7 17 6 18 6 18 6 18 5 18 6 18 5 17 5 18 5 18 6 18 6 17 7 18 8 17 9 17 9 18]
,,,-80,0,0,0,0,0,0,0,0,0,0,-92,0,6,1726018790371,0,0,0,0,1726018790371,124,[-12 -21 -12 -21 -12 -20 -12 -19 -12 -18 -13 -17 -12 -16 -13 -15 -14 -15 -14 -14 -15 -13 -15 -12 -15 -12 -15 -12 -16 -11 -15 -12 -14 -12 -14 -12 -13 -12 -12 -12 -11 -11 -10 -11 -9 -11 -7 -11 -6 -11 0 0 0 0 0 0 0 0 0 0 0 0 0 0 0 0 0 0 0 0 0 0 -13 -12 -12 -14 -12 -14 -11 -16 -10 -17 -9 -19 -8 -20 -7 -21 -6 -21 -6 -22 -5 -22 -5 -22 -5 -21 -5 -21 -5 -21 -6 -21 -6 -21 -7 -21 -8 -22 -8 -21 -9 -21 -9 -22 -10 -22 -11 -22 -11 -22 -11 -23]
,,,-80,0,0,0,0,0,0,0,0,0,0,-92,0,6,1726018790389,0,0,0,0,1726018790389,124,[6 20 6 20 6 19 6 19 7 18 7 17 7 16 8 16 8 15 9 15 9 14 9 13 9 13 13 10 13 13 10 14 9 13 9 13 8 13 8 13 6 13 5 12 4 11 4 11 2 13 10 1 13 10 0 0 0 0 0 0 0 0 0 0 0 0 0 0 0 0 0 0 0 0 0 0 9 11 8 12 7 13 6 14 5 15 5 17 4 17 3 18 2 18 2 18 1 19 1 19 1 19 1 18 1 18 1 18 1 19 2 18 3 19 3 19 3 19 4 19 5 20 6 20]
,,,-80,0,0,0,0,0,0,0,0,0,0,-92,0,6,1726018790410,0,0,0,0,1726018790410,124,[-20 6 -21 7 -19 7 -19 6 -18 7 -17 7 -17 8 -16 8 -15 9 -15 9 -15 9 -15 9 -15 13 10 -14 13 10 -14 13 10 -14 9 -13 8 -13 8 -13 7 -13 7 -13 5 -12 5 -12 4 -11 3 -11 2 0 0 0 0 0 0 0 0 0 0 0 0 0 0 0 0 0 0 0 0 0 0 -10 7 -12 7 -13 6 -14 6 -15 5 -16 4 -16 4 -17 3 -17 1 -18 2 -18 1 -18 1 -18 1 -18 1 -18 1 -18 1 -18 1 -17 2 -18 3 -18 3 -18 4 -19 4 -19 5 -20 6 -20]
,,,-80,0,0,0,0,0,0,0,0,0,0,-92,0,6,1726018790430,0,0,0,0,1726018790430,124,[17 -14 17 -14 16 -14 16 -14 15 -14 14 -14 13 -15 12 -15 11 -15 13 10 -16 13 10 -16 13 10 -16 13 10 -16 8 -15 9 -16 13 10 -15 9 -15 9 -14 9 -14 8 -13 9 -11 8 -10 9 -9 8 -9 8 -8 0 0 0 0 0 0 0 0 0 0 0 0 0 0 0 0 0 0 0 0 0 0 9 -13 11 -13 12 -12 14 -12 14 -11 17 -11 17 -9 18 -9 19 -8 19 -7 19 -7 19 -7 19 -6 18 -6 19 -6 18 -7 18 -7 17 -8 18 -9 18 -9 18 -10 18 -11 16 -11 18]
,,,-80,0,0,0,0,0,0,0,0,0,0,-92,0,6,1726018790449,0,0,0,0,1726018790449,124,[-22 4 -22 4 -19 4 -20 5 -19 5 -19 5 -18 6 -17 6 -15 7 -16 8 -15 8 -15 9 -15 8 -14 8 -14 9 -14 9 -14 8 -14 7 -13 7 -12 6 -12 5 -12 4 -12 4 -10 4 -10 3 0 0 0 0 0 0 0 0 0 0 0 0 0 0 0 0 0 0 0 0 0 0 -15 8 -16 7 -17 6 -18 5 -19 4 -20 3 -20 1 -21 0 -21 -1 -22 -1 -22 -1 -21 -2 -21 -2 -21 -2 -21 -2 -20 -2 -20 -1 -20 -1 -21 0 -21 0 -21 1 -21 1 -21 2 -22 3 -22 4 -22 4]
,,,-80,0,0,0,0,0,0,0,0,0,0,-92,0,6,1726018790469,0,0,0,0,1726018790469,124,[-21 11 -21 11 -19 11 -20 11 -18 11 -18 11 -16 11 -15 11 -14 11 -13 12 -13 12 -12 12 -12 12 -11 13 -11 13 -11 12 -11 12 -10 11 -10 13 10 -10 13 10 -10 8 -10 7 -10 7 -9 6 -9 5 0 0 0 0 0 0 0 0 0 0 0 0 0 0 0 0 0 0 0 0 0 0 -12 11 -14 11 -15 13 10 -17 13 10 -17 9 -19 9 -20 8 -20 7 -21 6 -22 5 -22 5 -22 5 -21 5 -21 5 -22 5 -21 6 -21 6 -21 6 -22 7 -21 8 -21 8 -21 9 -21 9 -22 13]
,,,-80,0,0,0,0,0,0,0,0,0,0,-92,0,6,1726018790490,0,0,0,0,1726018790490,124,[-22 -5 -23 -5 -21 -4 -21 -4 -20 -4 -20 -3 -19 -2 -18 -2 -17 -1 -18 0 -17 0 -17 1 -17 1 -16 1 -16 1 -17 1 -15 1 -15 1 -14 0 -14 -1 -13 -1 -13 -2 -12 -3 -10 -3 -10 -3 0 0 0 0 0 0 0 0 0 0 0 0 0 0 0 0 0 0 0 0 0 0 -16 1 -16 0 -17 -1 -18 -2 -18 -4 -18 -4 -19 -6 -18 -7 -18 -7 -19 -8 -18 -9 -18 -9 -18 -9 -18 -9 -18 -8 -19 -8 -19 -8 -19 -7 -20 -7 -20 -7 -21 -6 -21 -6 -21 -5 -22 -5 -23 -5 -23 -5]
,,,-80,0,0,0,0,0,0,0,0,0,0,-92,0,6,1726018790510,0,0,0,0,1726018790510,124,[12 16 12 16 12 15 12 14 12 13 12 12 12 11 12 11 12 13 10 13 9 13 9 12 8 12 8 13 8 13 8 12 8 12 8 13 10 8 13 10 8 9 8 8 7 7 7 6 7 5 7 4 7 0 0 0 0 0 0 0 0 0 0 0 0 0 0 0 0 0 0 0 0 0 0 13 9 12 11 12 12 12 13 11 14 11 16 13 10 17 9 17 8 18 8 18 8 19 7 18 7 18 7 18 7 17 7 18 8 17 8 17 9 17 9 16 13 10 16 11 16 11 16 12]
,,,-80,0,0,0,0,0,0,0,0,0,0,-92,0,6,1726018790529,0,0,0,0,1726018790529,124,[-22 0 -23 0 -20 1 -21 1 -20 2 -19 2 -19 2 -17 3 -16 3 -17 5 -17 5 -16 5 -16 6 -15 5 -16 6 -15 5 -15 4 -14 4 -13 3 -12 2 -12 2 -11 1 -11 1 -9 1 -9 0 0 0 0 0 0 0 0 0 0 0 0 0 0 0 0 0 0 0 0 0 0 0 -17 5 -19 3 -19 2 -21 1 -21 0 -23 -1 -22 -3 -22 -4 -22 -4 -22 -5 -23 -5 -23 -6 -23 -6 -22 -6 -22 -6 -21 -5 -22 -5 -21 -4 -23 -4 -22 -3 -23 -3 -22 -2 -22 -2 -24 -1 -24 0 -24 0]
,,,-80,0,0,0,0,0,0,0,0,0,0,-92,0,6,1726018790553,0,0,0,0,1726018790553,124,[11 15 13 10 15 13 10 15 13 10 14 13 10 13 13 10 13 13 10 12 13 10 11 13 10 11 11 13 10 13 10 9 13 10 9 13 10 9 13 10 9 13 10 9 13 10 9 9 9 8 9 7 9 6 8 6 8 5 8 5 7 3 7 2 6 0 0 0 0 0 0 0 0 0 0 0 0 0 0 0 0 0 0 0 0 0 0 11 8 13 10 9 13 10 13 10 13 10 11 13 10 12 9 13 9 14 8 15 8 16 7 16 7 16 7 16 7 16 7 16 7 16 7 16]
,,,-80,0,0,0,0,0,0,0,0,0,0,-92,0,6,1726018790569,0,0,0,0,1726018790569,124,[13 10 20 11 20 13 10 20 13 10 19 13 10 18 13 10 17 11 16 11 15 11 14 12 14 12 13 12 12 12 12 11 13 11 12 11 12 13 10 13 9 12 8 12 7 12 6 13 10 5 13 10 5 13 10 3 9 2 9 0 0 0 0 0 0 0 0 0 0 0 0 0 0 0 0 0 0 0 0 0 0 13 10 13 13 10 14 9 15 9 16 8 17 8 19 6 20 6 21 5 21 5 21 4 22 4 21 4 21 4 20 4 21 4 21 5 21 5 20 7 21 7 21 8]
,,,-80,0,0,0,0,0,0,0,0,0,0,-92,0,6,1726018790591,0,0,0,0,1726018790591,124,[3 -21 3 -21 2 -21 2 -20 1 -19 0 -18 0 -18 -2 -17 -2 -17 -3 -17 -3 -16 -3 -16 -3 -16 -4 -16 -4 -16 -3 -15 -3 -15 -2 -14 -1 -14 -1 -13 0 -11 0 -10 0 -10 1 -9 1 -8 0 0 0 0 0 0 0 0 0 0 0 0 0 0 0 0 0 0 0 0 0 0 -1 -18 0 -19 2 -19 3 -20 4 -20 5 -21 7 -21 7 -21 8 -21 9 -20 13 10 -21 13 10 -20 13 10 -20 13 10 -19 9 -19 9 -19 8 -19 8 -19 7 -20 6 -20 6 -20 5 -20 4 -21 4 -22]
,,,-80,0,0,0,0,0,0,0,0,0,0,-92,0,6,1726018790609,0,0,0,0,1726018790609,124,[-14 17 -13 16 -13 16 -12 15 -11 15 -10 15 -9 14 -8 15 -6 15 -5 15 -5 15 -5 15 -5 14 -5 15 -5 15 -5 14 -5 13 -5 13 -5 11 -6 11 -6 9 -6 8 -6 7 -6 7 -5 6 0 0 0 0 0 0 0 0 0 0 0 0 0 0 0 0 0 0 0 0 0 0 -8 16 -9 16 -11 16 -12 16 -14 16 -15 16 -16 15 -18 15 -18 14 -19 14 -19 14 -18 13 -19 13 -19 13 -18 13 -18 13 -17 13 -17 14 -17 14 -17 14 -16 15 -15 15 -15 17 -15 17 -15 17 -14 18]
,,,-80,0,0,0,0,0,0,0,0,0,0,-92,0,6,1726018790629,0,0,0,0,1726018790629,124,[14 -18 13 -18 13 -18 12 -18 11 -17 13 10 -16 9 -16 7 -16 7 -16 6 -17 6 -16 5 -16 5 -16 4 -16 4 -17 5 -15 5 -16 5 -15 5 -14 5 -13 6 -11 6 -10 6 -9 6 -8 6 -7 0 0 0 0 0 0 0 0 0 0 0 0 0 0 0 0 0 0 0 0 0 0 7 -17 9 -18 13 10 -17 12 -17 13 -17 15 -17 16 -16 16 -16 17 -15 18 -14 18 -15 18 -14 19 -14 18 -14 18 -14 18 -15 17 -15 16 -15 17 -16 16 -16 16 -17 16 -17 15 -17 16 -18 15 -19]
,,,-80,0,0,0,0,0,0,0,0,0,0,-92,0,6,1726018790657,0,0,0,0,1726018790657,124,[-20 -8 -19 -8 -18 -7 -18 -6 -18 -5 -17 -5 -16 -4 -16 -3 -15 -3 -15 -2 -15 -2 -15 -1 -15 0 -14 0 -15 0 -14 0 -14 -1 -13 -1 -12 -2 -12 -2 -11 -3 -10 -3 -9 -4 -8 -4 -7 -4 0 0 0 0 0 0 0 0 0 0 0 0 0 0 0 0 0 0 0 0 0 0 -16 -3 -17 -5 -17 -6 -17 -7 -17 -8 -17 -10 -17 -11 -17 -12 -17 -12 -16 -13 -16 -14 -16 -13 -16 -14 -15 -13 -16 -13 -16 -12 -16 -11 -16 -11 -17 -11 -18 -10 -18 -9 -18 -9 -18 -9 -20 -9 -20 -8 -20 -9]
,,,-80,0,0,0,0,0,0,0,0,0,0,-92,0,6,1726018790669,0,0,0,0,1726018790669,124,[4 18 4 17 5 16 4 15 5 14 5 13 6 13 6 12 7 11 7 11 7 13 10 8 9 8 9 8 13 10 8 9 7 9 7 9 6 9 6 8 5 8 4 7 3 7 2 7 1 7 0 6 0 0 0 0 0 0 0 0 0 0 0 0 0 0 0 0 0 0 0 0 0 0 7 15 6 16 5 16 4 17 3 18 2 19 0 20 0 20 -1 21 -2 20 -2 21 -2 20 -2 20 -2 19 -2 19 -2 19 -1 19 -1 19 0 18 1 18 1 18 2 18 3 19 3 19 4 19]
,,,-80,0,0,0,0,0,0,0,0,0,0,-92,0,6,1726018790689,0,0,0,0,1726018790689,124,[13 12 13 12 12 11 12 13 10 12 9 12 8 12 7 11 6 12 5 12 4 12 4 12 3 12 3 11 3 12 3 11 3 11 3 13 10 3 9 4 8 4 8 3 7 4 6 4 4 4 3 4 0 0 0 0 0 0 0 0 0 0 0 0 0 0 0 0 0 0 0 0 0 0 14 13 10 14 11 13 12 13 14 13 15 13 17 12 17 11 18 13 10 19 13 10 19 13 10 19 9 19 9 19 9 18 9 18 9 18 9 18 13 10 17 11 17 11 16 12 16 12 15 12]
,,,-80,0,0,0,0,0,0,0,0,0,0,-92,0,6,1726018790710,0,0,0,0,1726018790710,124,[21 3 20 2 18 1 18 1 18 0 17 0 16 -2 15 -2 15 -3 14 -3 14 -4 14 -4 14 -4 13 -5 13 -5 14 -4 12 -4 12 -3 12 -3 11 -2 13 10 -1 13 10 0 13 10 0 8 1 7 1 0 0 0 0 0 0 0 0 0 0 0 0 0 0 0 0 0 0 0 0 0 0 18 -2 18 -1 19 1 20 1 19 2 21 4 20 5 21 5 20 7 21 7 21 7 20 7 21 8 20 7 20 7 20 7 20 6 20 6 21 6 21 5 21 4 21 4 21 4 22 4 22]
,,,-80,0,0,0,0,0,0,0,0,0,0,-92,0,6,1726018790729,0,0,0,0,1726018790729,124,[20 5 20 5 18 4 18 4 17 3 17 2 16 1 15 1 15 0 15 -1 14 -2 14 -2 14 -2 13 -2 14 -3 13 -2 13 -2 12 -1 12 -1 12 0 11 0 13 10 1 13 10 2 8 2 7 3 0 0 0 0 0 0 0 0 0 0 0 0 0 0 0 0 0 0 0 0 0 0 17 1 18 3 18 3 19 4 19 5 19 7 19 8 19 9 18 13 10 18 13 10 19 11 18 13 10 18 13 10 18 13 10 18 13 10 18 13 10 18 9 18 9 19 8 20 8 20 7 21]
,,,-80,0,0,0,0,0,0,0,0,0,0,-92,0,6,1726018790749,0,0,0,0,1726018790749,124,[-22 6 -22 7 -20 6 -20 6 -18 6 -17 7 -16 7 -14 7 -13 8 -13 9 -13 9 -12 13 10 -12 13 10 -11 9 -10 13 10 -11 9 -11 9 -11 8 -10 7 -10 7 -11 5 -10 4 -10 3 -8 2 -8 1 0 0 0 0 0 0 0 0 0 0 0 0 0 0 0 0 0 0 0 0 0 0 -18 13 10 -20 9 -21 8 -23 7 -24 6 -25 5 -25 3 -25 2 -26 1 -26 1 -26 1 -26 1 -26 1 -25 1 -25 0 -24 1 -24 2 -24 2 -25 3 -24 4 -24 4 -24 5 -24 5 -24 6]
,,,-80,0,0,0,0,0,0,0,0,0,0,-92,0,6,1726018790772,0,0,0,0,1726018790772,124,[-8 18 -8 18 -7 17 -6 16 -5 16 -5 15 -3 14 -3 14 -2 14 -1 14 -1 13 0 13 0 12 1 13 1 13 0 12 0 12 0 12 -1 11 -1 13 10 -2 9 -2 8 -2 7 -3 7 -3 6 0 0 0 0 0 0 0 0 0 0 0 0 0 0 0 0 0 0 0 0 0 0 -4 19 -6 19 -7 19 -9 19 -10 19 -12 20 -13 20 -14 19 -14 19 -15 18 -15 19 -15 18 -15 17 -14 17 -14 16 -14 17 -14 18 -13 17 -13 18 -12 18 -11 18 -10 18 -10 19 -10 20 -10 19 -9]
,,,-80,0,0,0,0,0,0,0,0,0,0,-92,0,6,1726018790789,0,0,0,0,1726018790789,124,[-15 15 -14 15 -12 15 -12 14 -10 14 -10 14 -8 13 -7 14 -6 13 -5 13 -5 13 -4 13 -3 13 -3 13 -3 13 -3 12 -3 12 -4 11 -3 13 10 -4 13 10 -5 8 -5 7 -5 6 -4 6 -5 5 0 0 0 0 0 0 0 0 0 0 0 0 0 0 0 0 0 0 0 0 0 0 -12 19 -14 18 -15 18 -17 17 -19 17 -20 17 -21 16 -22 16 -22 15 -23 14 -23 14 -22 14 -22 14 -22 13 -21 13 -21 14 -20 14 -20 14 -20 14 -18 15 -18 16 -18 16 -17 17 -17 17 -17 17]
,,,-80,0,0,0,0,0,0,0,0,0,0,-92,0,6,1726018790813,0,0,0,0,1726018790813,124,[-2 -20 -2 -20 -3 -19 -3 -18 -3 -16 -4 -15 -4 -15 -5 -14 -6 -14 -7 -13 -6 -12 -7 -12 -7 -11 -7 -11 -8 -11 -7 -10 -7 -10 -7 -10 -6 -10 -5 -10 -5 -9 -4 -8 -3 -8 -2 -8 -1 -8 0 0 0 0 0 0 0 0 0 0 0 0 0 0 0 0 0 0 0 0 0 0 -5 -21 -3 -22 -2 -22 -1 -23 0 -23 2 -25 3 -25 4 -25 5 -25 5 -25 5 -25 6 -24 5 -24 5 -23 4 -23 4 -23 4 -23 3 -22 2 -23 2 -22 1 -23 0 -22 0 -23 0 -22 -1 -22 -2 -23]
,,,-80,0,0,0,0,0,0,0,0,0,0,-92,0,6,1726018790830,0,0,0,0,1726018790830,124,[-3 19 -3 20 -2 18 -2 18 -1 16 -1 15 0 15 0 15 2 14 3 13 3 12 3 12 4 12 4 12 4 12 3 11 4 12 3 11 3 11 2 13 10 1 9 0 8 0 8 -1 8 -2 7 0 0 0 0 0 0 0 0 0 0 0 0 0 0 0 0 0 0 0 0 0 0 1 20 0 21 -2 20 -3 22 -4 21 -5 24 -7 23 -8 23 -9 23 -9 21 -9 22 -9 22 -9 21 -9 21 -9 21 -8 20 -8 21 -7 20 -7 22 -6 21 -5 21 -5 21 -4 21 -4 22 -4 21 -3]
,,,-80,0,0,0,0,0,0,0,0,0,0,-92,0,6,1726018790849,0,0,0,0,1726018790849,124,[-21 9 -20 9 -19 9 -18 9 -16 9 -15 9 -13 9 -12 13 10 -11 13 10 -10 13 10 -10 13 10 -9 11 -9 11 -8 11 -8 11 -8 11 -7 11 -8 13 10 -7 9 -8 9 -8 7 -8 6 -8 5 -7 4 -7 3 0 0 0 0 0 0 0 0 0 0 0 0 0 0 0 0 0 0 0 0 0 0 -18 12 -20 12 -21 11 -22 13 10 -23 9 -25 9 -25 8 -26 7 -27 6 -27 5 -27 5 -26 4 -26 4 -25 4 -25 5 -25 5 -24 6 -24 6 -25 7 -24 8 -24 8 -24 9 -23 9]
,,,-80,0,0,0,0,0,0,0,0,0,0,-92,0,6,1726018790869,0,0,0,0,1726018790869,124,[0 -23 0 -22 0 -21 0 -20 -1 -18 -2 -17 -3 -16 -4 -16 -5 -15 -6 -14 -6 -13 -6 -12 -7 -13 -8 -12 -8 -12 -7 -12 -7 -12 -6 -12 -5 -11 -5 -11 -4 -10 -3 -8 -2 -8 -1 -8 0 -7 0 0 0 0 0 0 0 0 0 0 0 0 0 0 0 0 0 0 0 0 0 0 -3 -23 -1 -24 0 -24 1 -25 2 -25 4 -26 5 -26 6 -26 7 -26 8 -26 8 -26 8 -26 8 -25 8 -25 8 -25 7 -25 6 -25 6 -25 5 -26 4 -25 4 -26 3 -26 3 -25 3 -26 3 -26 2 -26]
,,,-80,0,0,0,0,0,0,0,0,0,0,-92,0,6,1726018790890,0,0,0,0,1726018790890,124,[-7 -22 -8 -22 -7 -20 -8 -20 -7 -17 -7 -17 -8 -15 -9 -14 -9 -13 -11 -13 -11 -11 -11 -10 -12 -10 -11 -10 -11 -11 -10 -9 -10 -10 -9 -10 -8 -9 -8 -10 -6 -8 -6 -7 -5 -7 -3 -7 -2 -6 0 0 0 0 0 0 0 0 0 0 0 0 0 0 0 0 0 0 0 0 0 0 -12 -20 -10 -22 -9 -22 -9 -24 -7 -24 -6 -26 -5 -26 -4 -27 -3 -27 -2 -27 -2 -27 -2 -26 -2 -27 -3 -27 -2 -27 -3 -26 -3 -26 -4 -26 -5 -27 -5 -26 -6 -26 -6 -26 -6 -26 -7 -26 -7 -25 -8 -26]
,,,-80,0,0,0,0,0,0,0,0,0,0,-92,0,6,1726018790915,0,0,0,0,1726018790915,124,[-20 9 -18 9 -17 9 -16 9 -15 9 -14 13 10 -13 9 -12 13 10 -11 13 10 -11 11 -11 13 10 -10 13 10 -9 11 -9 11 -8 11 -9 13 10 -8 13 10 -8 9 -8 8 -8 8 -8 6 -8 5 -8 4 -7 4 -7 3 0 0 0 0 0 0 0 0 0 0 0 0 0 0 0 0 0 0 0 0 0 0 -15 12 -16 12 -18 11 -19 9 -20 9 -21 9 -22 8 -22 7 -23 6 -24 5 -24 4 -23 4 -23 3 -22 4 -22 4 -22 5 -22 5 -22 6 -22 6 -21 7 -22 8 -21 8 -22]
,,,-80,0,0,0,0,0,0,0,0,0,0,-92,0,6,1726018790929,0,0,0,0,1726018790929,124,[-13 16 -12 17 -11 17 -10 16 -9 15 -8 15 -7 15 -6 15 -5 14 -4 15 -4 15 -4 14 -3 14 -3 14 -3 14 -3 13 -2 13 -3 12 -3 11 -4 11 -4 9 -5 8 -5 8 -4 7 -5 6 0 0 0 0 0 0 0 0 0 0 0 0 0 0 0 0 0 0 0 0 0 0 -7 18 -9 18 -11 17 -12 18 -13 17 -15 18 -16 17 -17 16 -18 15 -18 14 -19 15 -18 14 -18 14 -17 14 -17 13 -17 14 -17 15 -16 14 -16 15 -16 16 -15 16 -15 16 -14 17 -15 18 -14 18 -14 18]
,,,-80,0,0,0,0,0,0,0,0,0,0,-92,0,6,1726018790951,0,0,0,0,1726018790951,124,[-3 20 -2 20 -2 19 -1 18 -1 17 0 17 1 16 2 15 2 14 3 14 3 14 3 13 4 13 4 13 4 13 3 12 3 13 3 12 3 11 2 13 10 1 9 0 8 0 8 -1 7 -1 6 0 0 0 0 0 0 0 0 0 0 0 0 0 0 0 0 0 0 0 0 0 0 2 17 0 18 -1 18 -2 19 -3 19 -5 21 -6 21 -7 20 -8 20 -8 19 -9 20 -9 19 -9 19 -9 19 -8 19 -8 19 -7 19 -7 19 -6 20 -5 20 -5 20 -5 20 -4 20 -4 22 -3 21 -3]
,,,-80,0,0,0,0,0,0,0,0,0,0,-92,0,6,1726018790969,0,0,0,0,1726018790969,124,[4 -22 5 -21 4 -21 3 -20 3 -19 2 -19 1 -18 0 -17 -2 -17 -3 -16 -3 -16 -3 -15 -3 -15 -4 -15 -4 -15 -3 -13 -3 -14 -3 -13 -2 -13 -2 -12 -1 -10 0 -9 0 -8 0 -8 1 -6 0 0 0 0 0 0 0 0 0 0 0 0 0 0 0 0 0 0 0 0 0 0 -1 -19 1 -20 2 -20 3 -21 5 -21 6 -21 8 -21 9 -21 13 10 -21 11 -20 11 -21 11 -20 11 -20 13 10 -20 13 10 -19 13 10 -20 9 -20 9 -20 8 -21 8 -21 8 -21 7 -22 6 -22 6 -23]
,,,-80,0,0,0,0,0,0,0,0,0,0,-92,0,6,1726018790990,0,0,0,0,1726018790990,124,[15 -10 15 -9 14 -10 13 -9 13 -9 11 -9 13 10 -9 9 -10 8 -10 8 -10 8 -10 7 -10 6 -10 6 -10 6 -10 6 -10 6 -9 5 -9 5 -8 5 -7 5 -6 5 -5 5 -4 4 -4 3 -3 0 0 0 0 0 0 0 0 0 0 0 0 0 0 0 0 0 0 0 0 0 0 9 -12 13 10 -11 12 -11 12 -10 14 -10 15 -9 16 -9 17 -8 17 -7 18 -6 18 -5 18 -5 18 -5 17 -4 16 -5 17 -6 16 -6 17 -7 16 -7 17 -8 16 -8 17 -9 17 -9 17 -9 17 -9]
,,,-80,0,0,0,0,0,0,0,0,0,0,-92,0,6,1726018791009,0,0,0,0,1726018791009,124,[-19 5 -19 5 -17 5 -17 5 -16 6 -15 6 -14 6 -12 6 -12 7 -11 8 -11 8 -11 8 -10 8 -10 8 -9 8 -10 8 -9 7 -8 7 -8 6 -8 6 -8 4 -8 3 -7 3 -6 2 -6 1 0 0 0 0 0 0 0 0 0 0 0 0 0 0 0 0 0 0 0 0 0 0 -12 8 -14 8 -15 7 -16 6 -17 6 -18 5 -19 4 -19 3 -19 2 -20 1 -20 1 -20 0 -19 0 -19 0 -19 0 -19 1 -19 1 -19 1 -20 2 -19 3 -19 3 -19 4 -19 4 -20 4 -20 5 -20 5]
,,,-80,0,0,0,0,0,0,0,0,0,0,-92,0,6,1726018791029,0,0,0,0,1726018791029,124,[-22 -5 -22 -5 -21 -4 -20 -4 -19 -3 -19 -2 -18 -1 -17 0 -16 1 -16 2 -17 2 -16 2 -15 3 -15 4 -14 4 -15 4 -14 3 -13 3 -13 2 -12 1 -12 1 -11 0 -10 -1 -9 -1 -8 -2 0 0 0 0 0 0 0 0 0 0 0 0 0 0 0 0 0 0 0 0 0 0 -19 0 -19 -2 -20 -4 -20 -5 -20 -6 -21 -8 -21 -9 -21 -10 -20 -11 -20 -12 -20 -13 -20 -13 -19 -12 -19 -12 -19 -12 -20 -11 -19 -11 -20 -10 -21 -10 -21 -9 -21 -9 -22 -8 -22 -8 -23 -8 -23 -7 -23 -7]
,,,-80,0,0,0,0,0,0,0,0,0,0,-92,0,6,1726018791058,0,0,0,0,1726018791058,124,[-4 -21 -4 -21 -4 -20 -5 -19 -5 -17 -6 -17 -6 -16 -7 -15 -7 -14 -8 -14 -8 -13 -9 -12 -10 -12 -9 -12 -9 -12 -9 -11 -8 -11 -8 -11 -7 -11 -7 -10 -6 -9 -5 -9 -4 -8 -3 -8 -2 -8 0 0 0 0 0 0 0 0 0 0 0 0 0 0 0 0 0 0 0 0 0 0 -7 -19 -6 -20 -5 -21 -4 -22 -3 -22 -1 -24 0 -23 1 -24 3 -23 3 -23 4 -23 4 -23 4 -22 3 -22 3 -22 2 -22 2 -22 1 -22 1 -22 0 -22 -1 -22 -1 -22 -2 -22 -2 -23 -3 -23 -3 -23]
,,,-80,0,0,0,0,0,0,0,0,0,0,-92,0,6,1726018791069,0,0,0,0,1726018791069,124,[-13 -13 -14 -13 -12 -12 -13 -11 -13 -10 -13 -9 -12 -8 -12 -8 -12 -7 -13 -6 -12 -5 -12 -5 -12 -4 -12 -4 -12 -4 -12 -4 -12 -4 -11 -4 -10 -4 -10 -5 -9 -4 -8 -4 -7 -4 -6 -5 -5 -4 0 0 0 0 0 0 0 0 0 0 0 0 0 0 0 0 0 0 0 0 0 0 -15 -10 -15 -12 -14 -12 -14 -14 -13 -14 -13 -16 -12 -17 -11 -17 -10 -18 -10 -18 -9 -18 -9 -18 -9 -17 -9 -17 -9 -17 -9 -17 -10 -16 -10 -16 -11 -16 -11 -15 -12 -15 -13 -15 -12 -15 -13 -15 -14 -15 -14 -15]
,,,-80,0,0,0,0,0,0,0,0,0,0,-92,0,6,1726018791089,0,0,0,0,1726018791089,124,[4 -22 4 -22 3 -21 3 -21 2 -19 1 -19 0 -18 -1 -18 -2 -17 -3 -18 -3 -17 -3 -16 -4 -16 -4 -16 -4 -16 -3 -15 -4 -16 -3 -15 -2 -14 -2 -13 0 -11 0 -10 1 -9 0 -9 1 -8 0 0 0 0 0 0 0 0 0 0 0 0 0 0 0 0 0 0 0 0 0 0 0 -22 3 -23 4 -22 5 -23 6 -23 8 -24 13 10 -23 13 10 -23 11 -22 12 -21 12 -22 12 -20 11 -20 11 -20 11 -20 9 -20 9 -21 8 -21 9 -21 8 -22 7 -22 7 -23 6 -22 6 -24 6 -23]
,,,-80,0,0,0,0,0,0,0,0,0,0,-92,0,6,1726018791111,0,0,0,0,1726018791111,124,[17 2 17 2 16 1 16 1 15 0 14 0 14 -1 13 -2 13 -3 13 -3 13 -4 12 -4 12 -4 11 -4 11 -4 12 -3 11 -3 13 10 -3 13 10 -2 9 -1 8 -1 8 0 7 0 5 0 4 1 0 0 0 0 0 0 0 0 0 0 0 0 0 0 0 0 0 0 0 0 0 0 17 0 18 1 18 2 18 3 18 5 19 6 18 7 18 7 17 8 17 9 17 9 16 8 17 8 16 8 16 7 16 7 16 6 16 6 17 6 17 5 17 4 18 4 17 4 19 3 19 3]
,,,-80,0,0,0,0,0,0,0,0,0,0,-92,0,6,1726018791129,0,0,0,0,1726018791129,124,[0 18 0 19 1 17 1 17 2 16 2 15 3 14 4 14 4 13 5 13 4 12 5 12 5 12 5 11 6 12 5 11 5 12 4 11 3 13 10 2 13 10 1 8 1 6 0 6 -1 6 -2 5 0 0 0 0 0 0 0 0 0 0 0 0 0 0 0 0 0 0 0 0 0 0 2 19 1 21 0 20 -1 22 -2 20 -4 23 -5 22 -6 22 -7 21 -7 20 -8 21 -7 20 -7 20 -6 19 -6 20 -6 19 -5 20 -5 19 -4 20 -3 20 -3 20 -2 19 -2 19 -1 20 -1 20]
,,,-80,0,0,0,0,0,0,0,0,0,0,-92,0,6,1726018791150,0,0,0,0,1726018791150,124,[-23 -20 -23 -19 -22 -18 -22 -17 -21 -15 -21 -13 -21 -11 -19 -10 -19 -9 -20 -8 -20 -7 -19 -6 -19 -5 -18 -6 -18 -5 -18 -4 -17 -6 -15 -6 -14 -6 -13 -7 -12 -6 -10 -6 -9 -7 -6 -6 -4 -5 0 0 0 0 0 0 0 0 0 0 0 0 0 0 0 0 0 0 0 0 0 0 -30 -18 -29 -21 -28 -23 -27 -24 -27 -26 -25 -28 -24 -29 -23 -30 -22 -31 -21 -32 -21 -31 -20 -31 -20 -30 -20 -30 -21 -29 -21 -29 -20 -27 -21 -27 -22 -27 -23 -26 -23 -25 -24 -23 -24 -24 -25 -24 -25 -23 -24 -23]
,,,-80,0,0,0,0,0,0,0,0,0,0,-92,0,6,1726018791175,0,0,0,0,1726018791175,124,[-11 15 -11 15 -10 15 -9 14 -8 14 -7 13 -6 13 -5 12 -4 12 -3 12 -4 12 -3 11 -3 11 -2 12 -2 11 -2 11 -2 11 -2 13 10 -2 9 -2 8 -3 7 -3 6 -3 5 -3 5 -3 3 0 0 0 0 0 0 0 0 0 0 0 0 0 0 0 0 0 0 0 0 0 0 -8 18 -10 18 -11 17 -12 18 -14 17 -15 17 -16 17 -17 16 -17 15 -18 15 -18 15 -17 14 -17 14 -16 13 -16 14 -16 15 -15 14 -15 15 -15 14 -14 15 -14 16 -13 16 -13 16 -13 17 -13 17 -12]
,,,-80,0,0,0,0,0,0,0,0,0,0,-92,0,6,1726018791190,0,0,0,0,1726018791190,124,[0 -22 0 -22 0 -22 -1 -21 -2 -19 -3 -19 -3 -18 -4 -18 -4 -17 -5 -17 -5 -16 -5 -15 -5 -15 -5 -15 -6 -15 -5 -14 -5 -14 -4 -13 -3 -13 -3 -12 -2 -10 -1 -9 -1 -9 0 -8 1 -7 0 0 0 0 0 0 0 0 0 0 0 0 0 0 0 0 0 0 0 0 0 0 -3 -24 -1 -25 0 -24 1 -25 3 -25 4 -26 5 -26 6 -26 7 -25 7 -25 8 -25 8 -24 7 -23 7 -23 7 -23 6 -23 5 -23 5 -24 4 -24 3 -23 3 -24 2 -24 2 -24 2 -24 1 -25 1 -25]
,,,-80,0,0,0,0,0,0,0,0,0,0,-92,0,6,1726018791209,0,0,0,0,1726018791209,124,[-11 18 -11 17 -10 17 -9 16 -9 16 -8 16 -7 15 -6 15 -5 15 -4 15 -4 15 -4 14 -4 14 -3 15 -3 14 -4 14 -3 13 -4 12 -4 11 -5 11 -5 8 -5 8 -5 6 -5 6 -5 5 0 0 0 0 0 0 0 0 0 0 0 0 0 0 0 0 0 0 0 0 0 0 -10 18 -11 18 -13 17 -13 16 -15 16 -15 16 -17 16 -17 15 -18 15 -19 13 -18 13 -17 13 -17 12 -16 13 -16 12 -15 14 -15 14 -14 14 -14 15 -14 16 -13 16 -13 17 -13 17 -13 18 -12 19 -12 19]
,,,-80,0,0,0,0,0,0,0,0,0,0,-92,0,6,1726018791229,0,0,0,0,1726018791229,124,[-24 -24 -23 -24 -22 -23 -23 -21 -23 -19 -22 -18 -21 -15 -21 -15 -21 -13 -22 -13 -22 -12 -22 -11 -23 -10 -21 -10 -21 -11 -20 -10 -20 -12 -18 -12 -16 -12 -14 -13 -13 -12 -11 -11 -9 -11 -6 -11 -3 -11 0 0 0 0 0 0 0 0 0 0 0 0 0 0 0 0 0 0 0 0 0 0 -24 -21 -23 -24 -22 -24 -22 -27 -20 -27 -19 -31 -18 -31 -17 -32 -15 -32 -15 -32 -14 -32 -14 -30 -14 -30 -14 -30 -15 -30 -16 -29 -16 -28 -17 -28 -19 -28 -20 -27 -21 -27 -22 -27 -22 -26 -23 -26 -24 -26 -24 -27]
,,,-80,0,0,0,0,0,0,0,0,0,0,-92,0,6,1726018791249,0,0,0,0,1726018791249,124,[-19 -7 -20 -7 -17 -6 -18 -5 -17 -4 -16 -3 -16 -2 -14 -2 -14 -1 -14 0 -14 1 -14 1 -14 1 -13 1 -13 1 -13 1 -12 0 -12 0 -11 -1 -10 -1 -9 -2 -9 -2 -8 -3 -6 -3 -5 -4 0 0 0 0 0 0 0 0 0 0 0 0 0 0 0 0 0 0 0 0 0 0 -17 -3 -18 -5 -18 -6 -19 -7 -18 -8 -19 -9 -18 -10 -18 -11 -17 -12 -17 -12 -17 -12 -17 -12 -17 -12 -17 -11 -18 -11 -17 -11 -18 -10 -17 -10 -19 -10 -19 -9 -20 -8 -20 -8 -19 -8 -21 -8 -21 -7 -21 -7]
,,,-80,0,0,0,0,0,0,0,0,0,0,-92,0,6,1726018791270,0,0,0,0,1726018791270,124,[-19 11 -18 11 -16 11 -16 11 -14 11 -14 13 10 -12 11 -11 11 -10 11 -9 12 -9 11 -8 11 -8 11 -7 12 -7 12 -7 11 -7 11 -7 13 10 -7 9 -7 8 -7 7 -7 6 -7 5 -6 5 -6 3 0 0 0 0 0 0 0 0 0 0 0 0 0 0 0 0 0 0 0 0 0 0 -11 13 -13 12 -14 11 -16 11 -16 11 -18 11 -19 13 10 -19 9 -20 8 -20 7 -20 8 -20 7 -20 7 -19 7 -20 8 -20 8 -20 8 -20 9 -20 9 -20 13 10 -20 13 10 -20 11 -19 11 -20]
,,,-80,0,0,0,0,0,0,0,0,0,0,-92,0,6,1726018791289,0,0,0,0,1726018791289,124,[-17 21 -17 22 -15 19 -15 20 -13 19 -12 19 -10 18 -9 18 -7 18 -5 19 -6 18 -5 18 -4 19 -3 18 -3 19 -4 17 -3 17 -3 16 -4 15 -4 14 -5 13 -5 11 -6 13 10 -5 13 10 -6 8 0 0 0 0 0 0 0 0 0 0 0 0 0 0 0 0 0 0 0 0 0 0 -7 19 -10 21 -11 19 -13 20 -14 19 -16 19 -17 18 -18 18 -19 17 -19 16 -19 17 -19 16 -19 16 -19 16 -20 17 -19 18 -19 18 -18 18 -19 19 -19 19 -18 20 -19 21 -18 21 -18 22 -18 22]
,,,-80,0,0,0,0,0,0,0,0,0,0,-92,0,6,1726018791309,0,0,0,0,1726018791309,124,[-15 -13 -15 -13 -14 -12 -14 -11 -14 -10 -14 -9 -14 -8 -14 -8 -14 -6 -14 -5 -15 -5 -15 -4 -15 -4 -15 -4 -15 -4 -15 -3 -14 -4 -14 -4 -13 -4 -12 -5 -12 -5 -10 -5 -9 -5 -8 -5 -6 -5 0 0 0 0 0 0 0 0 0 0 0 0 0 0 0 0 0 0 0 0 0 0 -16 -9 -15 -10 -15 -11 -15 -12 -14 -13 -14 -14 -13 -15 -12 -15 -11 -16 -11 -15 -11 -15 -10 -15 -12 -15 -11 -15 -11 -15 -11 -15 -11 -15 -12 -15 -13 -14 -13 -14 -14 -14 -14 -14 -14 -14 -15 -14 -15 -14 -15 -14]
,,,-80,0,0,0,0,0,0,0,0,0,0,-92,0,6,1726018791329,0,0,0,0,1726018791329,124,[-13 13 -12 13 -11 13 -10 12 -9 12 -8 12 -7 12 -6 12 -4 12 -3 12 -4 13 -3 13 -2 13 -2 14 -2 13 -3 13 -3 13 -3 12 -3 11 -4 11 -5 9 -5 8 -5 7 -5 6 -5 5 0 0 0 0 0 0 0 0 0 0 0 0 0 0 0 0 0 0 0 0 0 0 -11 17 -13 16 -14 15 -15 15 -16 14 -16 14 -17 13 -17 12 -17 11 -17 13 10 -16 11 -16 13 10 -16 13 10 -15 11 -15 11 -15 11 -15 11 -14 12 -14 12 -14 13 -14 13 -13 13 -13 14 -14 15 -14]
,,,-80,0,0,0,0,0,0,0,0,0,0,-92,0,6,1726018791349,0,0,0,0,1726018791349,124,[14 -10 13 -9 13 -9 12 -9 11 -9 13 10 -9 9 -9 7 -9 6 -10 5 -10 5 -11 4 -11 4 -11 4 -12 4 -12 4 -11 4 -11 4 -11 4 -10 5 -9 5 -8 5 -7 5 -7 5 -6 5 -5 0 0 0 0 0 0 0 0 0 0 0 0 0 0 0 0 0 0 0 0 0 0 16 -12 17 -10 18 -10 18 -9 19 -8 19 -7 19 -6 19 -6 19 -5 19 -5 19 -5 17 -5 18 -5 17 -5 16 -6 17 -7 16 -7 16 -7 16 -8 16 -8 16 -9 16 -9 15 -10 16 -10 15 -10 16]
,,,-80,0,0,0,0,0,0,0,0,0,0,-92,0,6,1726018791369,0,0,0,0,1726018791369,124,[-15 19 -15 19 -13 18 -13 17 -11 16 -10 15 -8 14 -6 14 -4 14 -3 14 -3 13 -2 13 -2 13 -1 14 0 14 -1 13 0 14 -1 13 -1 12 -2 12 -4 13 10 -4 9 -5 8 -5 8 -5 6 0 0 0 0 0 0 0 0 0 0 0 0 0 0 0 0 0 0 0 0 0 0 -16 26 -18 26 -19 24 -21 24 -22 22 -24 23 -25 21 -25 20 -25 19 -24 18 -24 19 -23 18 -22 18 -22 17 -21 18 -21 18 -20 19 -19 18 -19 19 -18 20 -18 20 -17 20 -16 21 -16 22 -16 22 -15]
,,,-80,0,0,0,0,0,0,0,0,0,0,-92,0,6,1726018791389,0,0,0,0,1726018791389,124,[0 -19 0 -18 -1 -17 0 -16 0 -14 -1 -13 -2 -12 -3 -11 -4 -10 -6 -10 -6 -9 -6 -8 -7 -9 -7 -9 -8 -9 -7 -8 -7 -9 -7 -9 -6 -9 -5 -8 -4 -8 -4 -7 -3 -7 -3 -6 -2 -6 0 0 0 0 0 0 0 0 0 0 0 0 0 0 0 0 0 0 0 0 0 0 -3 -23 -2 -23 0 -23 1 -23 2 -23 4 -24 5 -23 6 -23 6 -22 7 -22 6 -22 5 -21 5 -21 5 -20 4 -20 5 -20 3 -20 3 -20 3 -21 2 -20 1 -20 1 -20 0 -21 0 -21 -1 -21 0 -21]
,,,-80,0,0,0,0,0,0,0,0,0,0,-92,0,6,1726018791409,0,0,0,0,1726018791409,124,[19 -3 19 -2 16 -3 16 -3 15 -4 13 -4 12 -5 11 -6 13 10 -7 9 -8 9 -8 9 -8 9 -9 9 -10 9 -10 13 10 -9 9 -9 9 -8 9 -8 8 -7 9 -6 8 -5 8 -4 7 -4 6 -3 0 0 0 0 0 0 0 0 0 0 0 0 0 0 0 0 0 0 0 0 0 0 19 -8 20 -6 20 -5 21 -4 21 -3 21 -2 21 0 21 0 21 1 21 1 21 1 20 1 20 0 20 0 19 1 20 0 20 0 19 -1 20 -2 19 -1 20 -2 21 -3 19 -4 20 -4 21 -4]
,,,-80,0,0,0,0,0,0,0,0,0,0,-92,0,6,1726018791431,0,0,0,0,1726018791431,124,[4 19 4 19 5 18 5 17 5 16 5 15 6 14 6 13 7 12 8 11 8 13 10 9 13 10 13 10 13 10 13 10 11 13 10 11 9 13 10 9 11 8 13 10 7 13 10 7 13 10 6 9 5 9 4 8 3 8 2 7 0 0 0 0 0 0 0 0 0 0 0 0 0 0 0 0 0 0 0 0 0 0 8 17 6 19 5 19 4 20 3 20 2 21 1 21 0 21 -1 21 -1 20 -1 21 -1 20 0 20 0 19 0 20 1 20 1 20 1 20 2 20 2 20 3 20]
,,,-80,0,0,0,0,0,0,0,0,0,0,-92,0,6,1726018791455,0,0,0,0,1726018791455,124,[18 15 17 15 16 14 17 13 16 12 16 11 16 9 15 8 15 7 16 6 16 5 16 4 17 5 16 4 17 5 16 4 16 5 14 5 13 5 13 6 12 6 11 5 13 10 6 8 6 7 5 0 0 0 0 0 0 0 0 0 0 0 0 0 0 0 0 0 0 0 0 0 0 19 8 19 13 10 18 11 18 13 17 14 17 16 16 17 15 18 14 18 14 18 14 19 14 18 15 18 15 18 15 18 15 18 15 18 15 17 17 18 16 17 17 17 18 17 17 16 19 16 19 16]
,,,-80,0,0,0,0,0,0,0,0,0,0,-92,0,6,1726018791469,0,0,0,0,1726018791469,124,[13 10 -17 9 -17 8 -16 8 -16 7 -15 6 -15 5 -15 3 -15 2 -15 2 -15 2 -15 1 -15 1 -15 1 -15 1 -15 2 -15 2 -15 1 -14 2 -13 2 -12 3 -11 3 -10 3 -9 3 -8 3 -8 0 0 0 0 0 0 0 0 0 0 0 0 0 0 0 0 0 0 0 0 0 0 4 -17 5 -17 7 -17 8 -17 9 -16 13 10 -16 11 -16 11 -15 12 -15 13 -14 13 -14 12 -14 13 -14 13 -14 12 -14 11 -15 12 -15 11 -16 11 -16 11 -16 11 -17 11 -17 11 -17 11 -18 11 -18]
,,,-80,0,0,0,0,0,0,0,0,0,0,-92,0,6,1726018791493,0,0,0,0,1726018791493,124,[9 -20 8 -19 7 -18 7 -18 5 -17 4 -17 3 -17 2 -16 0 -17 0 -17 -1 -17 -1 -17 -1 -17 -2 -17 -2 -18 -1 -16 -1 -16 0 -15 0 -14 0 -14 2 -13 2 -11 2 -11 1 -10 1 -9 0 0 0 0 0 0 0 0 0 0 0 0 0 0 0 0 0 0 0 0 0 0 2 -18 4 -19 5 -18 7 -18 8 -18 9 -19 13 10 -17 13 10 -18 12 -17 12 -17 11 -17 11 -17 11 -17 11 -17 11 -17 11 -18 11 -17 13 10 -18 13 10 -19 13 10 -18 13 10 -19 13 10 -20 9]
,,,-80,0,0,0,0,0,0,0,0,0,0,-92,0,6,1726018791509,0,0,0,0,1726018791509,124,[-23 6 -22 6 -20 6 -19 7 -18 8 -17 8 -16 9 -15 9 -13 11 -13 12 -14 12 -14 13 -14 13 -13 13 -13 13 -13 12 -13 12 -12 11 -12 13 10 -12 13 10 -12 8 -11 7 -11 7 -9 6 -9 5 0 0 0 0 0 0 0 0 0 0 0 0 0 0 0 0 0 0 0 0 0 0 -18 13 10 -19 9 -20 8 -21 7 -22 5 -23 4 -23 3 -23 3 -24 2 -24 1 -24 1 -23 1 -23 1 -23 1 -24 1 -24 2 -24 2 -23 2 -25 3 -24 4 -24 4 -25 4 -24 5 -25 5 -25]
,,,-80,0,0,0,0,0,0,0,0,0,0,-92,0,6,1726018791536,0,0,0,0,1726018791536,124,[-20 -2 -20 -1 -18 -1 -17 0 -16 1 -16 2 -15 3 -14 4 -13 5 -13 6 -13 7 -13 7 -13 8 -13 8 -13 8 -14 8 -13 7 -13 7 -12 6 -12 6 -12 5 -12 4 -11 3 -10 3 -9 2 0 0 0 0 0 0 0 0 0 0 0 0 0 0 0 0 0 0 0 0 0 0 -17 4 -18 2 -19 1 -19 0 -20 -1 -20 -2 -21 -3 -20 -4 -20 -5 -21 -6 -20 -6 -20 -6 -20 -6 -20 -6 -20 -6 -20 -6 -20 -5 -20 -5 -21 -5 -21 -4 -21 -4 -21 -4 -21 -3 -22 -3 -21 -2 -21 -2]
,,,-80,0,0,0,0,0,0,0,0,0,0,-92,0,6,1726018791554,0,0,0,0,1726018791554,124,[9 28 9 27 9 26 13 10 24 13 10 22 11 20 12 18 13 17 15 15 16 14 17 13 18 12 19 12 19 12 20 12 20 13 20 13 18 14 17 13 16 13 15 12 13 12 12 12 9 12 8 11 0 0 0 0 0 0 0 0 0 0 0 0 0 0 0 0 0 0 0 0 0 0 17 22 15 24 14 25 13 26 12 28 9 31 8 31 6 32 5 32 4 32 4 33 4 32 4 31 4 31 4 31 4 32 5 31 4 31 6 32 6 31 7 32 8 31 8 31 9 31 13 10]
,,,-80,0,0,0,0,0,0,0,0,0,0,-92,0,6,1726018791571,0,0,0,0,1726018791571,124,[13 11 13 11 13 13 10 13 9 12 8 12 7 12 6 12 4 12 4 12 3 12 2 13 1 13 1 13 1 14 1 14 1 14 1 13 1 12 1 11 2 11 2 13 10 3 13 10 3 8 3 7 3 0 0 0 0 0 0 0 0 0 0 0 0 0 0 0 0 0 0 0 0 0 0 15 5 15 6 15 7 15 9 15 9 15 11 14 12 14 13 13 14 12 14 12 15 11 14 12 14 12 14 12 14 12 14 12 14 12 14 13 14 13 13 13 13 14 13 14 13 15 13 14]
,,,-80,0,0,0,0,0,0,0,0,0,0,-92,0,6,1726018791591,0,0,0,0,1726018791591,124,[22 8 21 8 20 7 19 6 19 4 18 3 17 1 16 0 16 -1 16 -2 16 -2 16 -4 16 -4 16 -5 16 -5 17 -5 16 -4 15 -4 15 -4 14 -3 14 -3 14 -2 12 -1 11 -1 13 10 0 0 0 0 0 0 0 0 0 0 0 0 0 0 0 0 0 0 0 0 0 0 0 21 -1 22 1 23 2 22 4 23 6 23 7 23 8 23 9 22 13 10 22 12 22 13 21 12 21 12 21 12 21 11 22 12 21 11 21 11 22 11 23 13 10 23 9 24 9 23 13 10 24 13]
,,,-80,0,0,0,0,0,0,0,0,0,0,-92,0,6,1726018791618,0,0,0,0,1726018791618,124,[-19 9 -18 9 -16 8 -16 8 -14 9 -13 8 -12 9 -10 9 -9 13 10 -8 13 10 -8 13 10 -7 11 -7 12 -6 12 -6 12 -7 12 -6 12 -6 11 -6 13 10 -6 13 10 -6 8 -6 8 -6 7 -5 7 -5 6 0 0 0 0 0 0 0 0 0 0 0 0 0 0 0 0 0 0 0 0 0 0 -13 13 -15 13 -16 11 -17 11 -18 13 10 -19 13 10 -20 9 -20 8 -20 7 -21 6 -21 6 -21 6 -21 6 -21 6 -20 6 -21 6 -20 7 -20 6 -20 7 -20 8 -20 8 -20 8 -19]
,,,-80,0,0,0,0,0,0,0,0,0,0,-92,0,6,1726018791632,0,0,0,0,1726018791632,124,[-18 -26 -19 -26 -16 -25 -18 -23 -17 -21 -17 -19 -17 -17 -17 -16 -18 -13 -19 -11 -21 -10 -21 -9 -22 -9 -20 -9 -21 -9 -21 -8 -20 -10 -19 -10 -17 -9 -16 -9 -16 -8 -15 -9 -14 -8 -12 -7 -10 -7 0 0 0 0 0 0 0 0 0 0 0 0 0 0 0 0 0 0 0 0 0 0 -25 -20 -24 -25 -23 -25 -22 -28 -20 -28 -19 -32 -17 -32 -16 -33 -14 -33 -14 -34 -14 -34 -14 -33 -15 -33 -13 -33 -13 -33 -13 -32 -14 -33 -14 -31 -15 -33 -15 -32 -15 -31 -16 -31 -17 -30 -19 -30 -20 -29 -19 -30]
,,,-80,0,0,0,0,0,0,0,0,0,0,-92,0,6,1726018791649,0,0,0,0,1726018791649,124,[7 16 7 16 7 16 7 14 7 13 8 12 8 11 8 13 10 9 9 9 9 13 10 8 13 10 7 11 7 13 10 7 11 7 11 7 11 8 9 7 9 7 8 7 7 6 7 6 6 6 5 6 4 5 0 0 0 0 0 0 0 0 0 0 0 0 0 0 0 0 0 0 0 0 0 0 11 14 13 10 16 9 16 8 17 7 18 6 20 5 20 4 20 4 20 3 20 2 21 2 20 2 20 2 19 3 20 2 20 3 19 3 19 4 19 5 19 5 19 6 19 5 18 6]
,,,-80,0,0,0,0,0,0,0,0,0,0,-92,0,6,1726018791679,0,0,0,0,1726018791679,124,[0 -23 -1 -23 -2 -22 -2 -21 -2 -19 -3 -18 -5 -17 -5 -17 -7 -16 -8 -16 -8 -15 -9 -14 -9 -15 -9 -15 -10 -15 -9 -14 -9 -15 -8 -14 -7 -13 -6 -13 -5 -11 -5 -10 -4 -10 -3 -9 -3 -9 0 0 0 0 0 0 0 0 0 0 0 0 0 0 0 0 0 0 0 0 0 0 -7 -23 -5 -25 -4 -25 -2 -26 -1 -26 1 -27 2 -28 3 -28 5 -27 5 -26 5 -27 5 -26 5 -26 5 -26 5 -26 5 -25 4 -26 4 -26 3 -26 3 -25 2 -26 3 -26 1 -26 1 -25 1 -26 0 -27]
,,,-80,0,0,0,0,0,0,0,0,0,0,-92,0,6,1726018791693,0,0,0,0,1726018791693,124,[-19 7 -18 8 -16 7 -16 8 -14 8 -13 8 -12 9 -11 13 10 -10 13 10 -9 13 10 -9 11 -9 11 -9 12 -8 12 -8 12 -9 11 -8 11 -8 13 10 -8 9 -7 8 -8 7 -7 7 -7 6 -5 5 -5 5 0 0 0 0 0 0 0 0 0 0 0 0 0 0 0 0 0 0 0 0 0 0 -16 11 -18 13 10 -19 9 -20 9 -21 7 -22 6 -22 6 -22 5 -22 4 -23 3 -23 3 -22 3 -23 3 -23 3 -22 3 -22 4 -22 4 -22 4 -22 5 -21 5 -21 5 -21 6 -21 6 -22]
,,,-80,0,0,0,0,0,0,0,0,0,0,-92,0,6,1726018791709,0,0,0,0,1726018791709,124,[19 -9 19 -10 18 -10 17 -10 16 -11 14 -11 14 -12 12 -12 11 -14 11 -14 11 -14 13 10 -14 13 10 -15 13 10 -14 13 10 -15 11 -14 13 10 -14 13 10 -13 9 -12 9 -11 9 -9 9 -8 8 -8 7 -7 6 -7 0 0 0 0 0 0 0 0 0 0 0 0 0 0 0 0 0 0 0 0 0 0 14 -15 16 -14 18 -13 19 -12 20 -11 22 -11 22 -9 22 -8 23 -7 23 -6 23 -6 23 -7 23 -6 23 -6 24 -6 23 -7 23 -7 23 -7 24 -8 23 -8 23 -8 23 -9 22 -9]
,,,-80,0,0,0,0,0,0,0,0,0,0,-92,0,6,1726018791729,0,0,0,0,1726018791729,124,[-12 16 -11 16 -10 15 -9 15 -8 15 -7 15 -6 14 -4 15 -3 15 -2 16 -2 15 -2 16 -2 16 -1 16 -1 16 -2 15 -2 16 -2 15 -2 14 -2 13 -3 12 -3 11 -3 11 -3 13 10 -3 9 0 0 0 0 0 0 0 0 0 0 0 0 0 0 0 0 0 0 0 0 0 0 -4 16 -6 16 -8 16 -9 16 -10 16 -12 17 -13 16 -13 15 -14 15 -15 14 -15 15 -15 14 -15 14 -15 14 -15 14 -15 14 -15 15 -15 15 -15 16 -14 16 -14 16 -14 16 -13 16 -14 18 -13 18 -13]
,,,-80,0,0,0,0,0,0,0,0,0,0,-92,0,6,1726018791749,0,0,0,0,1726018791749,124,[11 17 11 17 13 10 15 11 14 11 13 11 12 12 11 12 13 10 12 9 13 8 14 8 14 7 15 8 14 8 15 8 15 8 14 9 13 8 12 8 12 8 11 8 13 10 8 9 8 8 7 7 7 0 0 0 0 0 0 0 0 0 0 0 0 0 0 0 0 0 0 0 0 0 0 13 8 13 13 10 12 13 10 12 12 12 13 11 15 13 10 15 13 10 16 9 17 9 17 8 18 8 18 8 18 8 18 8 18 8 18 9 18 8 18 13 10 18 13 10 18 13 10 18]
,,,-80,0,0,0,0,0,0,0,0,0,0,-92,0,6,1726018791770,0,0,0,0,1726018791770,124,[3 -24 3 -24 2 -22 1 -22 0 -20 -1 -20 -3 -18 -4 -18 -5 -18 -7 -18 -7 -18 -8 -17 -9 -18 -9 -18 -10 -19 -9 -18 -9 -19 -9 -19 -7 -18 -7 -17 -5 -16 -5 -15 -4 -15 -4 -14 -3 -14 0 0 0 0 0 0 0 0 0 0 0 0 0 0 0 0 0 0 0 0 0 0 -6 -18 -4 -19 -3 -19 -1 -20 0 -20 1 -22 3 -22 4 -23 5 -22 5 -22 6 -23 6 -22 6 -22 6 -22 6 -22 6 -22 6 -23 5 -23 5 -24 6 -24 4 -24 4 -24 4 -25 4 -25 4 -26 4 -26]
,,,-80,0,0,0,0,0,0,0,0,0,0,-92,0,6,1726018791789,0,0,0,0,1726018791789,124,[8 -22 8 -22 7 -21 7 -20 5 -19 4 -19 3 -18 1 -18 -1 -18 -2 -18 -2 -18 -3 -18 -4 -18 -5 -18 -5 -20 -4 -18 -4 -20 -3 -19 -3 -18 -2 -18 -1 -16 -1 -15 0 -14 0 -14 1 -13 0 0 0 0 0 0 0 0 0 0 0 0 0 0 0 0 0 0 0 0 0 0 -1 -19 1 -19 2 -19 4 -20 5 -19 7 -21 8 -20 9 -20 13 10 -20 11 -19 11 -20 11 -20 12 -19 11 -19 12 -19 11 -19 11 -20 13 10 -20 11 -21 11 -21 13 10 -21 13 10 -22 9 -22 13 10]
,,,-80,0,0,0,0,0,0,0,0,0,0,-92,0,6,1726018791810,0,0,0,0,1726018791810,124,[23 -3 23 -4 21 -4 21 -4 20 -4 18 -5 17 -6 15 -6 14 -8 14 -9 14 -9 14 -10 13 -10 12 -11 13 -11 13 -10 13 -10 12 -10 12 -9 12 -8 11 -7 11 -6 11 -6 9 -5 9 -4 0 0 0 0 0 0 0 0 0 0 0 0 0 0 0 0 0 0 0 0 0 0 16 -9 18 -8 19 -7 20 -6 20 -5 22 -4 22 -2 22 -1 22 0 22 1 23 1 22 1 23 1 22 1 23 1 22 1 22 0 22 0 24 -1 23 -1 24 -2 23 -2 23 -2 24 -3 25 -3 25 -4]
,,,-80,0,0,0,0,0,0,0,0,0,0,-92,0,6,1726018791830,0,0,0,0,1726018791830,124,[26 17 24 16 24 16 24 14 23 14 22 12 22 13 10 20 9 20 7 20 6 20 5 20 4 20 3 20 3 20 3 20 3 19 3 18 3 16 3 16 4 15 3 14 4 13 4 11 4 9 4 0 0 0 0 0 0 0 0 0 0 0 0 0 0 0 0 0 0 0 0 0 0 24 6 23 8 23 13 10 24 12 23 14 23 15 22 17 22 19 21 19 21 21 21 21 20 22 20 21 20 21 20 21 21 21 21 20 22 20 23 19 24 19 24 19 26 18 25 19 27 19 27 19]
,,,-80,0,0,0,0,0,0,0,0,0,0,-92,0,6,1726018791855,0,0,0,0,1726018791855,124,[-6 22 -6 22 -5 22 -5 20 -4 19 -3 18 -2 18 -2 18 0 17 1 17 1 16 2 16 2 16 2 16 2 16 2 15 2 15 1 15 1 14 1 13 0 12 0 11 0 13 10 -1 9 -1 9 0 0 0 0 0 0 0 0 0 0 0 0 0 0 0 0 0 0 0 0 0 0 2 16 1 17 -1 17 -2 18 -3 18 -4 19 -6 19 -7 20 -8 20 -8 19 -8 20 -8 20 -8 20 -9 19 -9 20 -9 20 -8 21 -8 21 -8 21 -7 21 -7 22 -7 23 -6 23 -6 24 -6 24 -6]
,,,-80,0,0,0,0,0,0,0,0,0,0,-92,0,6,1726018791871,0,0,0,0,1726018791871,124,[19 -8 19 -8 18 -8 17 -9 16 -9 16 -9 14 -9 13 -9 12 -10 11 -11 11 -11 13 10 -11 13 10 -11 13 10 -11 9 -11 13 10 -11 9 -11 9 -10 9 -9 8 -9 9 -7 8 -7 8 -6 7 -5 7 -5 0 0 0 0 0 0 0 0 0 0 0 0 0 0 0 0 0 0 0 0 0 0 8 -11 13 10 -10 11 -10 12 -9 13 -9 14 -8 15 -7 16 -7 17 -6 17 -6 18 -6 17 -5 18 -5 17 -5 18 -5 18 -6 17 -6 18 -6 19 -7 19 -7 19 -8 20 -8 19 -8 20]
,,,-80,0,0,0,0,0,0,0,0,0,0,-92,0,6,1726018791889,0,0,0,0,1726018791889,124,[19 11 19 13 10 18 9 19 9 18 8 17 6 17 5 16 4 16 4 16 2 16 1 16 1 16 0 16 0 16 -1 16 0 16 0 15 1 14 1 13 1 13 1 12 2 11 2 9 2 8 3 0 0 0 0 0 0 0 0 0 0 0 0 0 0 0 0 0 0 0 0 0 0 14 0 14 2 15 3 15 4 16 5 16 7 16 9 15 13 10 15 11 15 11 15 12 15 12 15 12 15 12 15 12 16 12 16 12 16 12 18 12 18 12 19 12 19 12 19 12 20 12 20 12]
,,,-80,0,0,0,0,0,0,0,0,0,0,-92,0,6,1726018791909,0,0,0,0,1726018791909,124,[-16 13 -15 13 -14 13 -14 12 -12 13 -11 12 -10 12 -9 12 -8 12 -7 13 -7 13 -6 13 -6 13 -5 14 -4 13 -5 14 -5 13 -5 13 -5 12 -5 11 -5 13 10 -6 9 -6 9 -5 8 -5 7 0 0 0 0 0 0 0 0 0 0 0 0 0 0 0 0 0 0 0 0 0 0 -4 13 -5 12 -7 13 -8 12 -10 13 -11 13 -12 13 -13 12 -14 11 -16 11 -16 13 10 -16 13 10 -16 13 10 -16 9 -16 9 -16 13 10 -16 13 10 -16 13 10 -17 11 -17 12 -16 12 -16 12 -17]
,,,-80,0,0,0,0,0,0,0,0,0,0,-92,0,6,1726018791930,0,0,0,0,1726018791930,124,[-4 21 -4 21 -3 20 -3 19 -2 18 0 17 0 16 1 16 2 15 3 14 4 13 4 13 6 13 6 12 7 13 6 12 7 13 6 12 6 11 5 11 5 13 10 4 9 4 9 3 9 2 8 0 0 0 0 0 0 0 0 0 0 0 0 0 0 0 0 0 0 0 0 0 0 6 15 5 17 3 17 2 18 1 18 -1 20 -2 21 -4 21 -4 21 -6 20 -7 21 -7 20 -7 20 -7 20 -7 20 -7 20 -7 21 -6 20 -6 21 -6 22 -6 22 -4 21 -5 22 -6 23 -5 23 -4]
,,,-80,0,0,0,0,0,0,0,0,0,0,-92,0,6,1726018791951,0,0,0,0,1726018791951,124,[3 17 3 16 3 15 4 14 4 13 4 12 5 11 5 13 10 6 9 6 9 7 7 7 7 8 6 8 6 8 6 8 5 8 6 8 5 7 5 7 5 7 4 6 5 6 5 5 5 4 5 0 0 0 0 0 0 0 0 0 0 0 0 0 0 0 0 0 0 0 0 0 0 9 12 8 14 7 14 6 15 6 16 5 17 4 18 3 18 2 18 1 19 0 19 0 18 0 18 0 18 0 17 0 18 1 18 1 18 2 18 2 18 3 18 3 18 3 18 3 18 3 18 4]
,,,-80,0,0,0,0,0,0,0,0,0,0,-92,0,6,1726018791973,0,0,0,0,1726018791973,124,[6 -16 5 -15 5 -15 4 -14 3 -13 2 -13 2 -12 0 -12 0 -11 -1 -11 -2 -10 -2 -10 -3 -9 -4 -10 -4 -10 -4 -9 -4 -10 -4 -10 -3 -9 -3 -9 -3 -8 -2 -7 -1 -7 -1 -7 -1 -6 0 0 0 0 0 0 0 0 0 0 0 0 0 0 0 0 0 0 0 0 0 0 1 -17 2 -18 3 -18 4 -18 5 -18 7 -18 8 -18 9 -18 9 -17 13 10 -17 11 -17 13 10 -16 13 10 -16 13 10 -16 13 10 -16 9 -16 9 -16 9 -16 8 -16 8 -17 7 -17 7 -17 7 -18 7]
,,,-80,0,0,0,0,0,0,0,0,0,0,-92,0,6,1726018791992,0,0,0,0,1726018791992,124,[27 8 26 7 24 6 24 5 22 4 20 3 20 1 18 0 16 -2 16 -4 16 -5 15 -5 15 -6 14 -7 14 -7 15 -8 13 -7 12 -7 11 -6 13 10 -5 11 -4 11 -4 13 10 -3 7 -3 6 -2 0 0 0 0 0 0 0 0 0 0 0 0 0 0 0 0 0 0 0 0 0 0 29 2 30 4 30 6 31 8 31 13 10 31 12 31 14 31 16 29 17 29 19 30 18 28 17 29 18 28 17 26 17 27 15 27 14 28 15 29 14 29 13 29 12 29 11 29 11 31 11 30]
,,,-80,0,0,0,0,0,0,0,0,0,0,-92,0,6,1726018792009,0,0,0,0,1726018792009,124,[5 -19 5 -17 4 -18 3 -16 2 -15 1 -15 0 -13 -1 -14 -2 -13 -3 -13 -4 -12 -4 -11 -5 -11 -5 -12 -6 -11 -6 -11 -5 -11 -5 -11 -4 -11 -4 -10 -4 -9 -3 -8 -3 -8 -2 -7 -2 -7 0 0 0 0 0 0 0 0 0 0 0 0 0 0 0 0 0 0 0 0 0 0 1 -20 2 -19 3 -20 4 -20 6 -21 8 -21 9 -21 13 10 -21 11 -20 12 -20 12 -20 12 -19 11 -18 11 -18 11 -18 13 10 -19 13 10 -18 13 10 -19 9 -19 8 -19 8 -20 7 -20 7 -21 7 -21]
,,,-80,0,0,0,0,0,0,0,0,0,0,-92,0,6,1726018792029,0,0,0,0,1726018792029,124,[18 7 18 7 17 6 17 6 17 5 16 4 16 3 14 2 14 0 14 0 14 -1 15 -2 15 -2 14 -2 14 -3 14 -2 15 -2 14 -2 13 -2 12 -1 12 -1 11 0 11 0 9 1 8 1 0 0 0 0 0 0 0 0 0 0 0 0 0 0 0 0 0 0 0 0 0 0 16 0 17 2 17 3 18 4 17 5 18 7 18 9 18 13 10 17 13 10 17 11 17 12 16 12 17 12 16 12 16 12 16 11 16 11 16 11 18 13 10 18 13 10 18 9 19 9 18 9 20 9]
,,,-80,0,0,0,0,0,0,0,0,0,0,-92,0,6,1726018792053,0,0,0,0,1726018792053,124,[-15 -15 -15 -14 -14 -13 -14 -12 -14 -12 -14 -11 -14 -10 -14 -9 -14 -9 -15 -8 -15 -7 -15 -6 -15 -6 -15 -6 -15 -6 -16 -6 -15 -6 -14 -6 -13 -6 -13 -7 -12 -7 -11 -7 -11 -7 -9 -7 -8 -7 0 0 0 0 0 0 0 0 0 0 0 0 0 0 0 0 0 0 0 0 0 0 -13 -6 -13 -7 -13 -8 -13 -9 -13 -10 -13 -12 -12 -13 -12 -14 -11 -14 -11 -15 -10 -16 -10 -16 -10 -16 -10 -16 -10 -16 -11 -15 -11 -15 -11 -16 -12 -15 -13 -15 -14 -15 -14 -15 -14 -15 -15 -15 -15 -15 -15 -16]
,,,-80,0,0,0,0,0,0,0,0,0,0,-92,0,6,1726018792069,0,0,0,0,1726018792069,124,[12 -19 11 -19 11 -19 13 10 -18 13 10 -17 9 -18 8 -17 6 -17 5 -18 3 -18 3 -17 2 -17 2 -17 1 -18 1 -19 2 -17 2 -18 2 -17 3 -16 3 -16 4 -14 4 -14 4 -13 4 -12 5 -11 0 0 0 0 0 0 0 0 0 0 0 0 0 0 0 0 0 0 0 0 0 0 2 -15 3 -15 4 -15 6 -16 7 -15 8 -16 13 10 -16 11 -16 13 -15 13 -14 13 -15 13 -14 13 -14 13 -14 13 -14 13 -15 13 -15 12 -16 13 -16 13 -16 13 -17 13 -17 12 -18 12 -19 12]
,,,-80,0,0,0,0,0,0,0,0,0,0,-92,0,6,1726018792089,0,0,0,0,1726018792089,124,[30 18 29 18 28 16 28 15 28 13 27 12 27 13 10 25 8 25 7 25 5 26 4 25 3 26 1 26 0 26 0 26 0 26 1 25 1 23 2 23 3 22 3 20 4 19 5 17 5 16 6 0 0 0 0 0 0 0 0 0 0 0 0 0 0 0 0 0 0 0 0 0 0 26 3 26 6 27 7 27 13 10 27 12 26 15 26 17 25 19 23 21 23 22 22 22 22 23 22 23 22 22 21 22 22 21 23 20 23 20 25 20 26 20 27 20 28 19 28 20 30 20 29 21]
,,,-80,0,0,0,0,0,0,0,0,0,0,-92,0,6,1726018792109,0,0,0,0,1726018792109,124,[-18 -11 -17 -10 -16 -9 -16 -8 -16 -8 -15 -6 -15 -6 -14 -4 -14 -4 -14 -2 -14 -2 -14 -1 -14 0 -14 0 -14 0 -14 1 -13 0 -13 0 -12 0 -11 -1 -11 -1 -11 -1 -10 -2 -8 -2 -8 -3 0 0 0 0 0 0 0 0 0 0 0 0 0 0 0 0 0 0 0 0 0 0 -19 -7 -18 -9 -19 -10 -19 -11 -18 -12 -18 -14 -17 -15 -16 -16 -15 -16 -15 -17 -15 -17 -14 -16 -14 -15 -14 -15 -14 -15 -15 -15 -15 -14 -15 -14 -16 -14 -16 -13 -17 -13 -17 -13 -17 -12 -18 -12 -18 -12 -18 -12]
,,,-80,0,0,0,0,0,0,0,0,0,0,-92,0,6,1726018792130,0,0,0,0,1726018792130,124,[9 -16 9 -17 8 -16 7 -15 6 -14 5 -14 4 -14 3 -14 1 -13 1 -14 0 -13 -1 -12 -1 -12 -1 -12 -1 -13 -1 -11 -1 -12 -1 -11 -1 -10 0 -10 0 -8 0 -7 0 -6 0 -7 1 -5 0 0 0 0 0 0 0 0 0 0 0 0 0 0 0 0 0 0 0 0 0 0 8 -21 13 10 -21 11 -20 13 -20 13 -19 16 -19 16 -18 17 -18 17 -16 16 -16 17 -16 17 -15 16 -15 16 -15 15 -16 15 -16 14 -17 13 -16 13 -18 13 -17 12 -18 12 -18 11 -18 11 -18 11 -18 11]
,,,-80,0,0,0,0,0,0,0,0,0,0,-92,0,6,1726018792151,0,0,0,0,1726018792151,124,[2 20 2 20 2 19 3 17 3 16 4 15 4 14 5 14 5 13 6 12 6 11 6 13 10 7 13 10 7 13 10 7 13 10 7 9 6 9 6 9 5 8 5 8 5 7 4 6 4 6 3 5 2 5 0 0 0 0 0 0 0 0 0 0 0 0 0 0 0 0 0 0 0 0 0 0 8 18 6 19 5 19 4 21 3 21 2 23 0 23 0 23 -2 23 -2 23 -3 23 -3 22 -2 22 -2 22 -2 22 -2 22 -1 22 -1 22 0 22 1 22 1 22 1 22 1 23 2 23]
,,,-80,0,0,0,0,0,0,0,0,0,0,-92,0,6,1726018792170,0,0,0,0,1726018792170,124,[-19 -13 -18 -13 -17 -12 -17 -11 -17 -10 -16 -9 -15 -8 -15 -7 -14 -6 -15 -5 -15 -4 -14 -3 -14 -3 -14 -3 -14 -3 -14 -2 -13 -2 -12 -2 -11 -2 -11 -3 -11 -2 -10 -2 -9 -2 -8 -3 -7 -3 0 0 0 0 0 0 0 0 0 0 0 0 0 0 0 0 0 0 0 0 0 0 -17 -5 -17 -7 -18 -8 -18 -9 -18 -11 -18 -12 -17 -13 -17 -15 -16 -15 -17 -16 -16 -17 -16 -16 -16 -16 -16 -16 -16 -16 -17 -16 -16 -15 -17 -15 -18 -15 -18 -15 -19 -14 -19 -14 -19 -15 -20 -14 -20 -14 -20 -15]
,,,-80,0,0,0,0,0,0,0,0,0,0,-92,0,6,1726018792192,0,0,0,0,1726018792192,124,[-21 -7 -22 -7 -19 -6 -20 -5 -19 -5 -18 -4 -17 -3 -17 -2 -15 -1 -15 -1 -16 0 -15 1 -16 1 -14 1 -15 2 -14 2 -14 2 -13 1 -12 0 -12 1 -12 0 -11 0 -10 0 -9 -1 -8 -1 0 0 0 0 0 0 0 0 0 0 0 0 0 0 0 0 0 0 0 0 0 0 -14 3 -15 2 -15 1 -17 0 -17 -2 -18 -3 -18 -4 -19 -5 -18 -7 -18 -6 -19 -7 -19 -7 -19 -7 -19 -7 -19 -8 -18 -8 -20 -8 -19 -7 -20 -8 -20 -6 -22 -6 -22 -6 -21 -5 -23 -6 -23 -6 -23 -6]
,,,-80,0,0,0,0,0,0,0,0,0,0,-92,0,6,1726018792216,0,0,0,0,1726018792216,124,[21 -2 22 -2 20 -2 20 -2 19 -3 18 -3 17 -4 16 -4 16 -5 16 -6 15 -6 14 -7 15 -7 14 -7 14 -8 14 -7 14 -7 13 -7 13 -6 12 -5 12 -4 12 -3 11 -3 13 10 -2 9 -2 0 0 0 0 0 0 0 0 0 0 0 0 0 0 0 0 0 0 0 0 0 0 9 -8 13 10 -7 11 -7 12 -6 13 -5 14 -4 15 -3 16 -2 16 -1 16 0 16 1 16 1 17 1 16 1 17 1 16 0 17 0 17 0 19 -1 19 -1 19 -2 20 -2 20 -2 22 -2 22 -2]
,,,-80,0,0,0,0,0,0,0,0,0,0,-92,0,6,1726018792230,0,0,0,0,1726018792230,124,[34 -8 33 -7 32 -8 31 -8 30 -8 29 -9 28 -10 26 -10 25 -12 24 -13 23 -14 22 -14 22 -15 22 -15 22 -15 22 -15 21 -15 21 -14 20 -12 19 -12 20 -9 19 -8 18 -7 17 -6 16 -5 0 0 0 0 0 0 0 0 0 0 0 0 0 0 0 0 0 0 0 0 0 0 12 -16 14 -14 17 -13 19 -11 21 -11 22 -9 23 -7 24 -6 25 -4 25 -3 25 -3 25 -2 25 -2 25 -2 25 -1 26 -3 26 -3 27 -3 28 -4 29 -5 30 -6 31 -6 31 -7 32 -7 34 -8 34 -9]
,,,-80,0,0,0,0,0,0,0,0,0,0,-92,0,6,1726018792261,0,0,0,0,1726018792261,124,[-27 4 -28 4 -25 5 -25 4 -24 5 -23 6 -22 6 -21 6 -19 7 -19 8 -19 8 -18 9 -18 13 10 -16 13 10 -17 13 10 -17 13 10 -16 9 -16 9 -15 8 -15 8 -15 6 -14 5 -14 4 -13 4 -13 2 0 0 0 0 0 0 0 0 0 0 0 0 0 0 0 0 0 0 0 0 0 0 -16 11 -19 13 10 -19 8 -21 7 -22 6 -23 4 -23 2 -24 1 -23 0 -23 -1 -23 -1 -23 -1 -23 -2 -23 -2 -23 -1 -23 -1 -23 0 -22 0 -24 1 -25 1 -25 3 -26 3 -25 3 -27]
,,,-80,0,0,0,0,0,0,0,0,0,0,-92,0,6,1726018792273,0,0,0,0,1726018792273,124,[13 10 17 13 10 16 13 10 16 11 15 13 10 15 13 10 13 13 10 12 11 12 11 11 11 13 10 11 9 13 10 9 11 8 12 8 12 8 11 8 12 7 11 7 11 7 13 10 7 8 7 8 7 7 7 6 7 5 8 0 0 0 0 0 0 0 0 0 0 0 0 0 0 0 0 0 0 0 0 0 0 12 9 13 11 11 12 13 10 12 9 14 13 10 15 9 16 8 16 6 17 5 17 5 17 6 16 4 16 5 15 5 15 5 16 6 16 7 16 7 16 8 16 9]
,,,-80,0,0,0,0,0,0,0,0,0,0,-92,0,6,1726018792298,0,0,0,0,1726018792298,124,[18 -8 17 -8 16 -8 17 -8 15 -8 14 -8 13 -8 12 -8 13 10 -8 13 10 -9 13 10 -9 9 -9 9 -9 8 -9 7 -10 8 -9 7 -9 7 -9 7 -8 6 -7 7 -7 8 -6 8 -6 8 -5 8 -4 0 0 0 0 0 0 0 0 0 0 0 0 0 0 0 0 0 0 0 0 0 0 19 -11 20 -9 21 -8 22 -7 22 -6 22 -4 22 -3 22 -2 21 -1 21 -1 21 -1 20 -1 19 -1 19 -2 19 -2 18 -3 19 -3 18 -4 19 -4 19 -5 18 -6 19 -6 18 -6 20 -7 19]
,,,-80,0,0,0,0,0,0,0,0,0,0,-92,0,6,1726018792309,0,0,0,0,1726018792309,124,[15 17 14 17 13 16 13 14 13 13 12 11 12 13 10 11 9 13 10 8 13 10 7 13 10 5 13 10 5 13 10 4 9 4 13 10 4 9 3 9 4 8 4 8 4 8 5 8 4 7 5 7 6 5 8 3 9 0 0 0 0 0 0 0 0 0 0 0 0 0 0 0 0 0 0 0 0 0 0 19 30 17 33 15 32 14 34 12 33 11 35 9 35 8 34 7 33 6 32 6 31 7 29 8 28 8 27 8 27 9 26 13 10 25 13 10 24 12 24 13 23 14 22 15]
,,,-80,0,0,0,0,0,0,0,0,0,0,-92,0,6,1726018792350,0,0,0,0,1726018792350,124,[19 1 19 1 17 0 17 -1 16 -2 15 -3 14 -4 12 -4 11 -5 11 -6 11 -6 11 -6 13 10 -7 9 -7 9 -7 9 -7 8 -7 8 -6 7 -5 6 -5 6 -4 6 -4 5 -3 3 -4 2 -3 0 0 0 0 0 0 0 0 0 0 0 0 0 0 0 0 0 0 0 0 0 0 26 0 26 3 26 4 27 6 26 8 26 13 10 25 11 24 12 23 13 22 13 22 13 21 12 21 12 20 11 20 13 10 20 9 20 8 20 7 21 7 20 6 21 5 21 4 20 4 21 3 21]
,,,-80,0,0,0,0,0,0,0,0,0,0,-92,0,6,1726018792372,0,0,0,0,1726018792372,124,[22 2 22 1 20 -1 21 0 20 -1 18 -1 18 -2 17 -4 16 -4 15 -6 15 -6 15 -6 14 -7 13 -7 13 -7 13 -7 12 -6 12 -6 11 -5 11 -5 13 10 -4 13 10 -4 9 -3 7 -4 6 -3 0 0 0 0 0 0 0 0 0 0 0 0 0 0 0 0 0 0 0 0 0 0 24 -3 25 0 25 2 26 4 25 5 26 7 25 9 25 13 10 24 13 10 23 11 23 11 22 11 22 11 22 13 10 21 13 10 21 8 22 8 21 7 22 7 23 6 23 5 23 4 23 4]
,,,-80,0,0,0,0,0,0,0,0,0,0,-92,0,6,1726018792398,0,0,0,0,1726018792398,124,[-21 7 -21 7 -19 7 -19 7 -18 7 -17 8 -16 8 -14 9 -14 9 -14 13 10 -14 9 -13 9 -13 13 10 -12 11 -11 11 -12 13 10 -11 9 -10 9 -10 8 -10 8 -10 7 -10 6 -10 5 -8 5 -8 4 0 0 0 0 0 0 0 0 0 0 0 0 0 0 0 0 0 0 0 0 0 0 -17 13 10 -18 9 -19 7 -21 6 -21 5 -22 4 -23 3 -23 1 -23 1 -23 -1 -23 -1 -22 -1 -22 -1 -21 -1 -22 -1 -21 0 -21 1 -20 1 -22 3 -21 3 -21 4 -21 4 -21 4 -23 4]
,,,-80,0,0,0,0,0,0,0,0,0,0,-92,0,6,1726018792438,0,0,0,0,1726018792438,124,[-16 19 -17 20 -15 19 -15 19 -14 19 -14 18 -12 18 -11 19 -10 18 -8 18 -9 18 -8 18 -8 19 -7 18 -8 19 -7 17 -7 17 -7 16 -7 15 -8 15 -8 12 -7 12 -9 11 -8 11 -8 9 0 0 0 0 0 0 0 0 0 0 0 0 0 0 0 0 0 0 0 0 0 0 -6 18 -8 18 -10 17 -12 17 -13 16 -16 17 -17 16 -18 15 -19 14 -19 13 -19 14 -19 13 -19 13 -19 12 -19 13 -18 13 -18 14 -17 14 -18 15 -17 15 -17 16 -17 17 -16 18 -17 19 -17 20 -17 20]
,,,-80,0,0,0,0,0,0,0,0,0,0,-92,0,6,1726018792449,0,0,0,0,1726018792449,124,[15 -20 15 -20 14 -21 13 -20 12 -20 11 -20 13 10 -20 9 -19 8 -20 8 -20 7 -20 7 -19 6 -19 6 -19 6 -19 6 -18 6 -19 6 -18 6 -16 6 -16 6 -14 6 -13 7 -13 7 -11 7 -10 0 0 0 0 0 0 0 0 0 0 0 0 0 0 0 0 0 0 0 0 0 0 5 -19 7 -19 9 -18 13 10 -18 12 -18 14 -18 15 -17 16 -16 17 -15 18 -14 18 -15 17 -14 17 -13 17 -13 17 -13 17 -14 16 -15 16 -16 16 -16 16 -16 16 -18 16 -18 15 -19 16 -20 16 -20]
,,,-80,0,0,0,0,0,0,0,0,0,0,-92,0,6,1726018792462,0,0,0,0,1726018792462,124,[25 4 25 3 24 3 24 3 23 1 23 1 22 0 21 -1 20 -2 20 -3 20 -3 20 -3 20 -4 19 -4 19 -4 19 -4 19 -3 18 -4 17 -2 16 -2 16 -1 15 -1 14 1 13 1 12 1 0 0 0 0 0 0 0 0 0 0 0 0 0 0 0 0 0 0 0 0 0 0 17 -4 18 -2 19 -1 20 1 20 2 20 5 20 6 20 7 20 8 20 9 20 9 19 9 19 9 19 9 19 8 19 8 19 8 20 7 21 6 22 6 22 6 23 5 23 5 25 5 24 4 25 4]
,,,-80,0,0,0,0,0,0,0,0,0,0,-92,0,6,1726018792473,0,0,0,0,1726018792473,124,[-4 -26 -4 -26 -5 -25 -4 -25 -5 -23 -5 -23 -6 -22 -6 -21 -7 -20 -8 -21 -8 -20 -9 -19 -9 -19 -9 -19 -9 -20 -9 -17 -8 -19 -8 -18 -7 -17 -7 -17 -6 -16 -5 -15 -4 -15 -2 -14 -1 -14 0 0 0 0 0 0 0 0 0 0 0 0 0 0 0 0 0 0 0 0 0 0 -9 -16 -8 -18 -6 -18 -5 -20 -4 -20 -2 -22 -1 -22 0 -22 2 -23 2 -22 2 -22 2 -22 3 -22 3 -22 3 -22 2 -22 2 -23 1 -23 0 -23 0 -23 -1 -24 -1 -24 -2 -25 -3 -26 -3 -26 -4 -27]
,,,-80,0,0,0,0,0,0,0,0,0,0,-92,0,6,1726018792491,0,0,0,0,1726018792491,124,[-26 -22 -27 -22 -25 -21 -26 -20 -26 -18 -26 -17 -25 -15 -24 -14 -24 -13 -25 -12 -25 -11 -25 -10 -26 -8 -25 -9 -25 -9 -24 -8 -24 -9 -23 -9 -21 -9 -21 -9 -20 -10 -18 -9 -17 -11 -14 -11 -12 -11 0 0 0 0 0 0 0 0 0 0 0 0 0 0 0 0 0 0 0 0 0 0 -22 -9 -22 -12 -22 -14 -22 -16 -21 -17 -20 -21 -19 -21 -19 -22 -17 -23 -17 -24 -17 -25 -16 -24 -17 -24 -17 -24 -17 -24 -17 -24 -18 -23 -18 -23 -20 -23 -21 -22 -22 -22 -23 -22 -23 -22 -25 -23 -26 -23 -26 -22]
,,,-80,0,0,0,0,0,0,0,0,0,0,-92,0,6,1726018792513,0,0,0,0,1726018792513,124,[-11 -16 -11 -17 -10 -15 -11 -15 -11 -14 -11 -13 -11 -12 -11 -12 -11 -11 -12 -10 -12 -9 -12 -9 -13 -9 -13 -8 -12 -8 -12 -8 -12 -8 -11 -8 -10 -8 -10 -9 -9 -8 -9 -8 -8 -8 -6 -8 -5 -8 0 0 0 0 0 0 0 0 0 0 0 0 0 0 0 0 0 0 0 0 0 0 -12 -11 -11 -13 -11 -13 -10 -14 -9 -15 -9 -17 -8 -17 -7 -17 -6 -18 -6 -18 -5 -18 -5 -18 -5 -17 -5 -17 -5 -17 -6 -17 -6 -17 -6 -17 -7 -17 -8 -16 -8 -17 -9 -17 -9 -17 -10 -17 -10 -17 -10 -17]
,,,-80,0,0,0,0,0,0,0,0,0,0,-92,0,6,1726018792534,0,0,0,0,1726018792534,124,[19 0 19 -1 18 -1 18 -1 17 -2 16 -3 15 -3 14 -4 14 -4 14 -5 13 -5 13 -5 13 -6 12 -6 12 -6 13 -6 12 -5 12 -5 11 -4 11 -3 13 10 -3 11 -2 11 -1 9 0 8 0 0 0 0 0 0 0 0 0 0 0 0 0 0 0 0 0 0 0 0 0 0 0 17 -4 18 -2 18 -1 19 0 19 1 20 2 20 4 19 4 19 5 19 6 19 6 18 7 18 6 18 6 18 6 18 5 18 4 18 4 19 3 19 3 19 3 19 1 19 2 20 1 20 1 20]
,,,-80,0,0,0,0,0,0,0,0,0,0,-92,0,6,1726018792551,0,0,0,0,1726018792551,124,[-22 -23 -21 -22 -21 -21 -21 -19 -21 -18 -21 -16 -20 -14 -19 -14 -20 -12 -20 -11 -21 -9 -20 -8 -21 -8 -20 -8 -20 -8 -20 -7 -19 -8 -17 -9 -16 -9 -15 -10 -15 -9 -13 -9 -12 -10 -9 -10 -7 -11 0 0 0 0 0 0 0 0 0 0 0 0 0 0 0 0 0 0 0 0 0 0 -24 -20 -23 -24 -22 -25 -22 -26 -20 -28 -18 -31 -16 -31 -15 -32 -14 -32 -14 -32 -13 -33 -13 -32 -13 -31 -12 -30 -13 -30 -14 -29 -15 -28 -14 -28 -16 -28 -18 -27 -19 -26 -19 -25 -20 -25 -21 -25 -22 -25 -22 -25]
,,,-80,0,0,0,0,0,0,0,0,0,0,-92,0,6,1726018792569,0,0,0,0,1726018792569,124,[-11 15 -10 15 -9 15 -9 14 -8 14 -7 14 -6 13 -5 13 -4 12 -3 12 -3 12 -3 12 -3 12 -2 12 -2 11 -2 11 -2 11 -2 13 10 -3 9 -3 9 -4 7 -4 6 -5 6 -4 5 -5 4 0 0 0 0 0 0 0 0 0 0 0 0 0 0 0 0 0 0 0 0 0 0 -8 16 -10 17 -11 16 -13 16 -14 16 -15 16 -16 15 -17 14 -17 14 -18 12 -18 13 -17 12 -17 11 -17 11 -17 11 -16 12 -15 12 -15 13 -14 13 -14 14 -13 14 -13 15 -12 15 -13 16 -12 16 -11]
,,,-80,0,0,0,0,0,0,0,0,0,0,-92,0,6,1726018792600,0,0,0,0,1726018792600,124,[-18 2 -18 3 -16 3 -16 3 -15 4 -14 4 -12 4 -11 4 -11 5 -10 6 -10 6 -10 6 -9 6 -8 6 -8 6 -8 6 -7 6 -7 5 -7 4 -6 4 -7 3 -7 3 -6 2 -5 1 -5 0 0 0 0 0 0 0 0 0 0 0 0 0 0 0 0 0 0 0 0 0 0 0 -17 6 -18 4 -19 3 -20 1 -20 0 -21 -1 -21 -2 -21 -3 -21 -4 -21 -4 -21 -5 -20 -4 -20 -5 -19 -4 -19 -4 -20 -3 -19 -3 -19 -2 -19 -2 -19 -1 -19 0 -19 1 -19 1 -19 2 -20 2 -19 2]
,,,-80,0,0,0,0,0,0,0,0,0,0,-92,0,6,1726018792612,0,0,0,0,1726018792612,124,[12 17 11 18 11 16 11 15 12 13 11 12 12 11 11 13 10 12 9 12 8 12 7 11 6 12 6 11 6 12 5 11 5 13 10 5 9 5 9 5 8 5 7 4 6 4 5 5 4 5 2 4 0 0 0 0 0 0 0 0 0 0 0 0 0 0 0 0 0 0 0 0 0 0 16 14 15 17 14 17 13 19 13 20 12 22 11 23 9 24 8 24 7 24 7 25 6 24 6 23 6 23 6 22 7 22 8 22 7 21 13 10 22 13 10 21 13 10 21 12 20 13 10 21]
,,,-80,0,0,0,0,0,0,0,0,0,0,-92,0,6,1726018792629,0,0,0,0,1726018792629,124,[13 10 -18 9 -18 8 -18 7 -17 6 -16 5 -16 4 -15 2 -15 1 -15 0 -15 0 -15 -1 -14 -1 -14 -1 -14 -2 -14 -1 -13 -1 -13 -1 -12 -1 -11 0 -11 0 -10 1 -9 1 -8 1 -7 1 -6 0 0 0 0 0 0 0 0 0 0 0 0 0 0 0 0 0 0 0 0 0 0 3 -20 6 -20 7 -20 9 -20 11 -20 12 -20 13 -19 15 -18 15 -18 16 -18 16 -17 16 -17 15 -16 16 -16 15 -16 15 -17 14 -16 14 -17 13 -17 13 -18 13 -18 12 -19 11 -20 12 -20 11 -20 11]
,,,-80,0,0,0,0,0,0,0,0,0,0,-92,0,6,1726018792662,0,0,0,0,1726018792662,124,[-16 15 -16 16 -14 16 -13 16 -12 16 -11 16 -9 15 -9 15 -7 16 -6 16 -7 16 -6 16 -5 16 -5 16 -4 16 -5 15 -4 15 -5 14 -4 13 -5 13 -5 11 -6 9 -6 9 -6 8 -6 7 0 0 0 0 0 0 0 0 0 0 0 0 0 0 0 0 0 0 0 0 0 0 -9 18 -11 19 -13 18 -15 17 -16 16 -18 16 -19 15 -20 15 -20 13 -21 12 -21 13 -21 12 -21 12 -21 11 -21 11 -21 12 -20 12 -20 12 -20 13 -20 14 -19 14 -19 14 -19 15 -19 16 -19 16 -17 17]
,,,-80,0,0,0,0,0,0,0,0,0,0,-92,0,6,1726018792679,0,0,0,0,1726018792679,124,[22 1 22 1 20 0 21 -1 20 -2 19 -3 18 -4 17 -5 17 -6 17 -7 17 -7 16 -7 16 -8 15 -7 15 -8 15 -7 15 -7 13 -7 13 -6 12 -5 12 -5 12 -3 11 -3 9 -2 9 -2 0 0 0 0 0 0 0 0 0 0 0 0 0 0 0 0 0 0 0 0 0 0 20 -5 21 -3 21 -1 22 1 22 2 23 4 22 5 22 6 22 7 22 8 22 9 21 9 21 9 21 9 21 9 20 8 21 7 21 7 22 7 22 5 23 5 23 4 22 4 23 4 23 4 23 2]
,,,-80,0,0,0,0,0,0,0,0,0,0,-92,0,6,1726018792700,0,0,0,0,1726018792700,124,[18 -8 18 -9 16 -9 17 -10 16 -10 15 -10 14 -10 13 -11 12 -12 11 -13 11 -13 13 10 -13 11 -13 13 10 -12 13 10 -13 13 10 -12 13 10 -12 13 10 -12 9 -11 9 -10 9 -8 9 -8 9 -7 8 -7 8 -6 0 0 0 0 0 0 0 0 0 0 0 0 0 0 0 0 0 0 0 0 0 0 13 -13 15 -12 16 -11 18 -10 18 -8 20 -7 20 -6 20 -5 20 -3 20 -3 21 -3 20 -3 20 -3 19 -3 20 -2 19 -3 19 -3 18 -3 20 -4 19 -4 19 -5 19 -5 18 -6]
,,,-80,0,0,0,0,0,0,0,0,0,0,-92,0,6,1726018792712,0,0,0,0,1726018792712,124,[-27 -9 -28 -9 -25 -8 -26 -7 -26 -6 -25 -5 -25 -3 -24 -2 -23 -1 -24 1 -24 1 -23 2 -24 2 -22 2 -23 2 -22 2 -22 2 -20 1 -19 0 -19 0 -18 -1 -17 -1 -16 -2 -14 -2 -13 -3 0 0 0 0 0 0 0 0 0 0 0 0 0 0 0 0 0 0 0 0 0 0 -26 -1 -28 -4 -28 -6 -29 -8 -27 -10 -28 -13 -26 -15 -26 -16 -25 -18 -24 -17 -25 -17 -23 -17 -24 -17 -24 -17 -24 -18 -22 -17 -23 -17 -22 -15 -25 -15 -24 -15 -25 -13 -25 -13 -25 -12 -27 -10 -28 -10 -27 -10]
,,,-80,0,0,0,0,0,0,0,0,0,0,-92,0,6,1726018792739,0,0,0,0,1726018792739,124,[-5 19 -5 19 -4 19 -3 18 -3 18 -2 17 -1 17 0 17 1 16 2 16 1 15 2 15 2 15 3 15 4 15 3 15 3 15 3 14 3 14 2 13 1 12 1 11 0 11 -1 13 10 -1 13 10 0 0 0 0 0 0 0 0 0 0 0 0 0 0 0 0 0 0 0 0 0 0 -2 19 -4 19 -6 19 -7 19 -8 19 -10 20 -11 19 -12 18 -13 18 -14 17 -14 17 -13 16 -13 15 -13 15 -12 15 -12 16 -11 16 -11 16 -10 17 -10 17 -9 17 -8 17 -8 19 -8 19 -7 19]
,,,-80,0,0,0,0,0,0,0,0,0,0,-92,0,6,1726018792753,0,0,0,0,1726018792753,124,[18 12 17 11 17 11 17 9 17 9 17 8 17 7 16 6 16 5 16 4 16 3 16 3 16 3 16 3 16 2 16 2 15 3 14 3 13 3 13 4 12 3 12 4 11 4 9 5 8 5 0 0 0 0 0 0 0 0 0 0 0 0 0 0 0 0 0 0 0 0 0 0 18 6 17 8 18 13 10 18 11 17 13 16 14 15 16 15 17 14 17 14 17 13 17 13 17 13 16 12 16 12 15 13 16 12 15 13 15 14 14 15 14 15 13 16 13 16 14 17 13 18 13 18]
,,,-80,0,0,0,0,0,0,0,0,0,0,-92,0,6,1726018792788,0,0,0,0,1726018792788,124,[18 -6 18 -7 17 -7 17 -7 16 -7 14 -8 14 -9 12 -9 12 -9 11 -11 11 -10 11 -10 11 -11 13 10 -10 13 10 -12 13 10 -11 13 10 -11 9 -10 9 -9 9 -9 9 -8 9 -7 9 -7 8 -6 8 -5 0 0 0 0 0 0 0 0 0 0 0 0 0 0 0 0 0 0 0 0 0 0 13 -9 14 -8 15 -7 17 -6 17 -5 19 -4 18 -3 19 -2 19 -1 19 0 19 0 19 0 18 0 18 0 18 0 18 -1 18 -1 18 -2 18 -2 18 -3 18 -4 19 -4 18 -5 19 -5]
,,,-80,0,0,0,0,0,0,0,0,0,0,-92,0,6,1726018792801,0,0,0,0,1726018792801,124,[-20 3 -19 3 -18 3 -18 4 -17 4 -17 5 -15 5 -15 6 -14 6 -14 8 -14 8 -13 8 -13 9 -13 9 -13 9 -13 9 -12 8 -12 8 -12 7 -12 7 -12 5 -12 5 -11 4 -10 4 -10 2 0 0 0 0 0 0 0 0 0 0 0 0 0 0 0 0 0 0 0 0 0 0 -14 7 -15 5 -17 5 -18 3 -18 2 -19 1 -20 0 -20 -1 -19 -2 -20 -3 -19 -3 -19 -4 -19 -4 -19 -3 -19 -3 -19 -3 -18 -2 -18 -2 -19 -2 -19 -1 -19 0 -19 0 -20 1 -20 1 -20 2 -20 2]
,,,-80,0,0,0,0,0,0,0,0,0,0,-92,0,6,1726018792813,0,0,0,0,1726018792813,124,[-32 -6 -33 -5 -30 -4 -31 -5 -30 -2 -30 -1 -29 0 -27 2 -26 3 -26 5 -26 6 -26 7 -27 8 -25 9 -26 9 -26 9 -26 8 -25 6 -24 5 -23 4 -23 3 -22 2 -22 1 -19 0 -18 -1 0 0 0 0 0 0 0 0 0 0 0 0 0 0 0 0 0 0 0 0 0 0 -27 4 -29 0 -28 -1 -32 -3 -31 -5 -32 -9 -32 -11 -31 -15 -29 -15 -29 -17 -30 -16 -28 -17 -28 -17 -27 -16 -28 -17 -27 -15 -29 -14 -27 -13 -31 -14 -30 -13 -30 -12 -31 -11 -30 -10 -33 -9 -33 -8 -34 -8]
,,,-80,0,0,0,0,0,0,0,0,0,0,-92,0,6,1726018792832,0,0,0,0,1726018792832,124,[13 10 -20 13 10 -20 9 -20 8 -20 7 -19 6 -19 4 -19 3 -19 1 -19 0 -19 0 -19 -1 -19 -1 -20 -2 -19 -2 -20 -2 -19 -2 -20 -2 -19 -1 -18 -1 -17 0 -16 1 -15 2 -15 2 -14 3 -13 0 0 0 0 0 0 0 0 0 0 0 0 0 0 0 0 0 0 0 0 0 0 5 -21 8 -22 13 10 -20 12 -21 13 -20 15 -20 16 -19 17 -18 18 -16 18 -15 18 -15 18 -15 18 -14 17 -13 17 -14 16 -15 16 -14 15 -15 15 -16 15 -16 14 -17 14 -17 12 -18 13 -19 12]
,,,-80,0,0,0,0,0,0,0,0,0,0,-92,0,6,1726018792854,0,0,0,0,1726018792854,124,[-13 -15 -13 -16 -12 -14 -13 -14 -13 -12 -13 -11 -13 -10 -13 -9 -13 -9 -14 -8 -14 -7 -14 -6 -15 -6 -14 -6 -15 -5 -14 -5 -14 -6 -14 -6 -13 -5 -12 -6 -12 -5 -11 -6 -11 -6 -8 -6 -7 -6 0 0 0 0 0 0 0 0 0 0 0 0 0 0 0 0 0 0 0 0 0 0 -16 -17 -15 -20 -14 -19 -14 -22 -11 -22 -11 -25 -9 -23 -9 -24 -7 -24 -6 -24 -5 -24 -5 -23 -6 -22 -6 -22 -6 -22 -6 -20 -7 -20 -7 -20 -8 -20 -9 -19 -10 -18 -11 -18 -10 -18 -11 -18 -12 -17 -12 -18]
,,,-80,0,0,0,0,0,0,0,0,0,0,-92,0,6,1726018792869,0,0,0,0,1726018792869,124,[7 16 7 17 7 16 8 15 8 14 8 13 9 12 9 11 9 11 13 10 13 10 13 10 13 10 13 10 9 11 9 11 9 12 9 11 8 11 9 13 10 9 9 9 8 9 8 8 7 8 6 8 4 8 4 7 0 0 0 0 0 0 0 0 0 0 0 0 0 0 0 0 0 0 0 0 0 0 13 10 17 9 19 7 19 6 21 5 21 4 23 3 23 1 22 1 22 -1 22 -1 22 -2 21 -1 20 -1 20 0 20 0 19 0 19 1 19 2 19 3 19 3 18 4 18 4]
,,,-80,0,0,0,0,0,0,0,0,0,0,-92,0,6,1726018792905,0,0,0,0,1726018792905,124,[-2 -26 -3 -26 -3 -25 -4 -25 -5 -24 -5 -23 -6 -21 -8 -20 -9 -20 -10 -20 -10 -20 -10 -20 -11 -20 -12 -19 -13 -20 -11 -19 -12 -20 -11 -20 -9 -19 -9 -19 -6 -18 -4 -17 -4 -17 -4 -16 -2 -15 0 0 0 0 0 0 0 0 0 0 0 0 0 0 0 0 0 0 0 0 0 0 -7 -21 -5 -23 -3 -23 -2 -25 0 -24 2 -26 4 -26 4 -26 5 -25 7 -25 7 -26 7 -25 8 -24 7 -24 7 -24 6 -24 5 -24 4 -24 4 -25 3 -26 2 -26 2 -26 1 -26 1 -27 0 -27 -1 -27]
,,,-80,0,0,0,0,0,0,0,0,0,0,-92,0,6,1726018792918,0,0,0,0,1726018792918,124,[5 -18 5 -19 4 -17 3 -18 3 -17 2 -17 1 -17 0 -16 -2 -16 -3 -17 -3 -17 -3 -16 -4 -17 -4 -17 -4 -18 -3 -16 -3 -17 -3 -17 -2 -16 -2 -16 0 -14 0 -14 1 -13 1 -12 2 -11 0 0 0 0 0 0 0 0 0 0 0 0 0 0 0 0 0 0 0 0 0 0 -1 -16 1 -17 3 -16 4 -17 5 -16 7 -18 8 -17 8 -17 9 -16 13 10 -15 13 10 -16 13 10 -15 13 10 -15 13 10 -15 13 10 -15 13 10 -15 9 -15 8 -15 9 -16 9 -16 8 -17 7 -17 7]
,,,-80,0,0,0,0,0,0,0,0,0,0,-92,0,6,1726018792936,0,0,0,0,1726018792936,124,[-1 18 -1 18 0 18 1 17 1 17 2 16 4 15 4 15 6 15 7 14 6 14 7 14 8 14 8 15 8 15 8 14 8 15 7 15 6 14 5 14 4 13 4 13 3 12 1 12 0 11 0 0 0 0 0 0 0 0 0 0 0 0 0 0 0 0 0 0 0 0 0 0 3 17 1 18 0 18 -2 19 -3 19 -4 20 -6 19 -6 20 -7 18 -8 18 -9 19 -8 17 -8 17 -8 16 -8 16 -8 17 -7 18 -6 17 -6 17 -5 17 -5 18 -4 18 -4 18 -3 19 -3 19 -2 20]
,,,-80,0,0,0,0,0,0,0,0,0,0,-92,0,6,1726018792949,0,0,0,0,1726018792949,124,[-12 -13 -13 -12 -12 -11 -12 -10 -12 -9 -13 -8 -12 -7 -13 -7 -12 -6 -14 -5 -14 -4 -14 -4 -14 -3 -14 -4 -15 -4 -14 -3 -14 -5 -13 -4 -12 -5 -12 -5 -11 -5 -10 -5 -9 -5 -8 -6 -6 -6 0 0 0 0 0 0 0 0 0 0 0 0 0 0 0 0 0 0 0 0 0 0 -14 -17 -13 -18 -12 -18 -11 -19 -10 -20 -9 -21 -7 -22 -7 -21 -5 -21 -6 -21 -5 -21 -6 -20 -6 -19 -6 -19 -6 -18 -6 -18 -7 -18 -6 -16 -8 -17 -8 -16 -9 -16 -9 -15 -10 -15 -11 -14 -12 -15 -11 -13]
,,,-80,0,0,0,0,0,0,0,0,0,0,-92,0,6,1726018792970,0,0,0,0,1726018792970,124,[-21 -3 -21 -2 -19 -2 -19 -1 -18 0 -18 1 -17 2 -16 2 -15 3 -15 4 -15 5 -15 5 -15 5 -14 5 -15 5 -15 5 -14 4 -13 3 -12 2 -11 2 -11 1 -10 1 -9 0 -7 -1 -6 -1 0 0 0 0 0 0 0 0 0 0 0 0 0 0 0 0 0 0 0 0 0 0 -29 -6 -28 -8 -29 -9 -28 -12 -27 -13 -27 -15 -26 -16 -25 -17 -24 -17 -23 -17 -23 -18 -22 -17 -22 -17 -21 -16 -21 -15 -21 -14 -21 -13 -20 -12 -21 -11 -21 -10 -21 -9 -21 -8 -21 -7 -22 -7 -22 -5 -22 -5]
,,,-80,0,0,0,0,0,0,0,0,0,0,-92,0,6,1726018792992,0,0,0,0,1726018792992,124,[18 1 17 0 17 0 16 -1 16 -2 15 -3 15 -3 13 -4 13 -4 13 -6 13 -6 13 -6 13 -6 12 -7 12 -7 13 -6 12 -6 11 -5 11 -5 13 10 -4 13 10 -3 9 -2 9 -2 7 -2 6 -2 0 0 0 0 0 0 0 0 0 0 0 0 0 0 0 0 0 0 0 0 0 0 21 0 21 2 21 4 21 5 21 6 21 8 21 13 10 20 13 10 19 11 19 12 18 12 18 11 18 11 17 13 10 17 13 10 17 9 17 8 17 7 18 6 17 6 18 5 18 4 18 4]
,,,-80,0,0,0,0,0,0,0,0,0,0,-92,0,6,1726018793016,0,0,0,0,1726018793016,124,[8 -18 9 -19 7 -18 6 -18 5 -18 4 -17 3 -17 2 -17 0 -17 -1 -18 0 -18 -1 -17 -1 -18 -2 -17 -2 -19 -1 -17 -1 -18 -1 -17 0 -16 0 -16 1 -14 2 -13 2 -12 1 -12 2 -11 0 0 0 0 0 0 0 0 0 0 0 0 0 0 0 0 0 0 0 0 0 0 7 -20 13 10 -20 11 -19 13 -19 14 -18 16 -18 17 -17 17 -17 18 -15 18 -14 18 -14 18 -14 17 -13 17 -13 17 -13 15 -13 15 -14 14 -14 14 -15 13 -15 12 -16 12 -17 11 -17 11 -18 11 -19 13]
,,,-80,0,0,0,0,0,0,0,0,0,0,-92,0,6,1726018793030,0,0,0,0,1726018793030,124,[20 9 20 9 19 8 20 6 19 5 19 4 19 3 18 2 18 1 19 -1 19 -1 19 -2 19 -2 18 -2 20 -2 20 -2 19 -1 18 -1 17 0 17 1 16 1 15 2 14 2 12 3 11 3 0 0 0 0 0 0 0 0 0 0 0 0 0 0 0 0 0 0 0 0 0 0 21 6 21 9 20 13 10 20 12 20 13 19 16 18 17 17 18 16 19 15 19 14 19 14 19 14 18 14 18 14 17 14 16 14 15 15 14 17 14 17 14 17 13 19 12 18 12 20 12 20 11 20]
,,,-80,0,0,0,0,0,0,0,0,0,0,-92,0,6,1726018793049,0,0,0,0,1726018793049,124,[-22 2 -22 3 -20 4 -20 4 -19 6 -18 6 -18 7 -16 8 -16 8 -16 9 -16 13 10 -16 13 10 -15 11 -15 12 -15 12 -16 11 -15 13 10 -15 13 10 -15 9 -15 8 -14 6 -15 6 -14 4 -12 4 -12 3 0 0 0 0 0 0 0 0 0 0 0 0 0 0 0 0 0 0 0 0 0 0 -20 6 -22 4 -23 3 -24 1 -24 0 -24 -2 -24 -3 -24 -5 -23 -5 -24 -7 -23 -7 -22 -7 -22 -7 -21 -7 -22 -6 -21 -5 -21 -4 -21 -4 -22 -3 -21 -2 -22 -1 -23 1 -21 0 -23 0]
,,,-80,0,0,0,0,0,0,0,0,0,0,-92,0,6,1726018793078,0,0,0,0,1726018793078,124,[-10 -16 -11 -15 -10 -14 -11 -14 -12 -12 -12 -11 -12 -10 -12 -10 -13 -9 -14 -8 -15 -7 -15 -8 -15 -7 -15 -7 -16 -8 -15 -7 -15 -8 -14 -8 -13 -8 -12 -9 -11 -8 -10 -8 -9 -8 -8 -8 -7 -8 0 0 0 0 0 0 0 0 0 0 0 0 0 0 0 0 0 0 0 0 0 0 -11 -15 -11 -16 -10 -17 -9 -18 -8 -18 -7 -20 -5 -20 -5 -21 -3 -20 -3 -20 -3 -21 -3 -20 -3 -19 -3 -19 -3 -18 -4 -18 -4 -18 -5 -18 -6 -18 -7 -18 -7 -18 -8 -17 -8 -18 -9 -18 -9 -17 -10 -18]
,,,-80,0,0,0,0,0,0,0,0,0,0,-92,0,6,1726018793089,0,0,0,0,1726018793089,124,[17 -3 17 -4 15 -5 15 -5 14 -5 14 -6 13 -6 12 -8 12 -8 11 -9 12 -10 11 -10 12 -10 11 -11 11 -11 12 -10 12 -10 12 -9 12 -8 11 -8 11 -6 11 -5 13 10 -4 9 -4 9 -3 0 0 0 0 0 0 0 0 0 0 0 0 0 0 0 0 0 0 0 0 0 0 15 -7 17 -5 17 -4 18 -3 18 -2 19 -1 19 1 19 2 19 3 18 4 18 3 17 3 17 4 17 3 17 3 17 2 17 2 17 1 18 1 17 0 17 0 18 -1 17 -1 19 -2 19 -2 18]
,,,-80,0,0,0,0,0,0,0,0,0,0,-92,0,6,1726018793109,0,0,0,0,1726018793109,124,[18 -4 17 -4 16 -4 16 -5 15 -6 14 -7 14 -7 12 -8 12 -9 12 -10 12 -11 12 -11 12 -12 11 -12 12 -12 12 -12 12 -11 12 -10 12 -9 11 -8 11 -7 11 -6 11 -5 9 -4 9 -3 0 0 0 0 0 0 0 0 0 0 0 0 0 0 0 0 0 0 0 0 0 0 15 -7 17 -6 17 -5 18 -4 19 -2 19 -1 19 1 19 2 19 2 19 3 18 3 18 3 18 3 18 3 18 3 17 2 17 2 17 1 18 0 18 0 18 -1 19 -1 18 -1 19 -2 19 -2 19 -2]
,,,-80,0,0,0,0,0,0,0,0,0,0,-92,0,6,1726018793137,0,0,0,0,1726018793137,124,[18 19 18 18 18 17 19 15 19 14 19 12 20 11 20 13 10 21 8 22 7 22 6 23 6 23 6 23 6 24 6 24 6 23 8 22 8 20 8 20 9 18 8 16 9 16 13 10 13 9 11 13 10 0 0 0 0 0 0 0 0 0 0 0 0 0 0 0 0 0 0 0 0 0 0 20 15 19 17 19 18 18 20 17 21 16 24 14 25 13 26 11 26 11 26 13 10 27 13 10 26 13 10 25 13 10 24 13 10 24 13 10 24 11 24 11 23 13 23 14 23 15 23 16]
,,,-80,0,0,0,0,0,0,0,0,0,0,-92,0,6,1726018793149,0,0,0,0,1726018793149,124,[16 3 16 2 15 1 15 0 14 0 14 -1 14 -2 13 -3 13 -3 14 -4 14 -5 13 -6 14 -6 14 -6 14 -6 14 -5 14 -5 13 -4 13 -4 12 -3 12 -3 12 -2 11 -1 13 10 0 9 0 0 0 0 0 0 0 0 0 0 0 0 0 0 0 0 0 0 0 0 0 0 0 16 -1 16 1 16 2 16 3 17 4 17 6 16 7 16 8 15 8 15 9 15 9 14 9 14 9 14 8 14 8 14 8 14 7 14 7 15 6 15 6 15 5 16 5 16 5 17 5 17 4 17]
,,,-80,0,0,0,0,0,0,0,0,0,0,-92,0,6,1726018793169,0,0,0,0,1726018793169,124,[15 -6 15 -7 14 -7 14 -8 13 -8 12 -9 11 -9 13 10 -9 9 -10 9 -11 9 -11 8 -11 9 -12 8 -12 8 -13 9 -12 9 -12 8 -11 9 -10 8 -9 9 -8 9 -7 8 -7 7 -6 7 -5 0 0 0 0 0 0 0 0 0 0 0 0 0 0 0 0 0 0 0 0 0 0 14 -9 16 -7 16 -6 17 -5 18 -5 18 -3 18 -2 18 -1 18 -1 18 0 18 0 18 0 17 0 17 0 17 0 16 -1 16 -1 16 -2 17 -2 17 -3 16 -3 17 -4 16 -4 17 -5 17 -5 16]
,,,-80,0,0,0,0,0,0,0,0,0,0,-92,0,6,1726018793190,0,0,0,0,1726018793190,124,[18 5 18 4 18 3 17 2 17 2 16 0 16 0 15 -1 16 -2 15 -3 15 -4 15 -4 15 -4 15 -5 15 -5 16 -4 15 -4 14 -3 14 -2 14 -2 13 -2 12 0 12 0 13 10 1 9 2 0 0 0 0 0 0 0 0 0 0 0 0 0 0 0 0 0 0 0 0 0 0 20 2 20 4 20 6 20 7 20 8 19 13 10 20 11 19 12 18 12 18 13 18 13 17 13 17 13 16 12 16 12 17 11 16 13 10 17 13 10 17 9 18 9 18 8 19 7 18 7 19 7]
,,,-80,0,0,0,0,0,0,0,0,0,0,-92,0,6,1726018793212,0,0,0,0,1726018793212,124,[-20 3 -20 4 -18 4 -18 4 -17 5 -16 6 -15 6 -15 6 -13 7 -13 8 -14 9 -12 9 -13 13 10 -12 13 10 -12 9 -13 13 10 -13 8 -12 8 -12 6 -11 6 -12 5 -11 4 -11 3 -9 3 -9 1 0 0 0 0 0 0 0 0 0 0 0 0 0 0 0 0 0 0 0 0 0 0 -22 5 -22 3 -23 1 -24 0 -24 -1 -25 -2 -24 -4 -23 -5 -24 -6 -23 -6 -24 -6 -23 -5 -22 -6 -22 -5 -22 -5 -21 -5 -21 -3 -21 -3 -21 -2 -21 -2 -22 -1 -21 0 -21 0 -21 2 -21]
,,,-80,0,0,0,0,0,0,0,0,0,0,-92,0,6,1726018793230,0,0,0,0,1726018793230,124,[17 -2 18 -2 16 -3 16 -4 15 -4 14 -5 14 -5 13 -6 12 -7 12 -8 12 -8 12 -8 12 -8 11 -8 11 -9 12 -8 11 -7 11 -7 13 10 -6 13 10 -5 13 10 -5 13 10 -4 9 -3 7 -2 7 -2 0 0 0 0 0 0 0 0 0 0 0 0 0 0 0 0 0 0 0 0 0 0 20 -3 21 -1 21 0 21 1 21 2 22 4 21 5 21 5 21 7 21 7 21 7 20 7 20 7 19 6 19 6 19 5 19 5 18 4 19 3 19 3 19 2 19 1 19 1 20 0]
,,,-80,0,0,0,0,0,0,0,0,0,0,-92,0,6,1726018793250,0,0,0,0,1726018793250,124,[-13 16 -12 16 -10 15 -10 15 -9 15 -8 15 -7 15 -6 15 -5 15 -4 15 -5 15 -4 15 -3 15 -3 15 -2 16 -3 14 -3 14 -3 13 -4 12 -4 12 -4 11 -5 9 -5 9 -4 8 -5 7 0 0 0 0 0 0 0 0 0 0 0 0 0 0 0 0 0 0 0 0 0 0 -10 17 -13 18 -14 16 -16 16 -16 15 -18 16 -19 15 -20 14 -20 13 -21 12 -21 12 -20 11 -20 11 -20 11 -19 11 -19 11 -18 12 -17 12 -17 13 -16 14 -16 14 -15 14 -15 15 -15 16 -15 16 -14 16]
,,,-80,0,0,0,0,0,0,0,0,0,0,-92,0,6,1726018793278,0,0,0,0,1726018793278,124,[-5 20 -5 22 -3 20 -3 20 -2 20 -1 19 0 18 1 18 2 17 3 17 3 17 4 17 4 17 4 16 4 17 4 16 4 17 3 16 3 16 2 15 1 13 0 12 0 12 -1 12 -2 11 0 0 0 0 0 0 0 0 0 0 0 0 0 0 0 0 0 0 0 0 0 0 -1 20 -3 21 -5 20 -7 21 -8 20 -10 22 -11 21 -12 21 -13 20 -13 19 -14 20 -14 19 -14 18 -13 18 -13 18 -12 18 -12 19 -11 18 -10 20 -10 20 -9 20 -8 20 -8 20 -7 22 -7 22 -6 23]
,,,-80,0,0,0,0,0,0,0,0,0,0,-92,0,6,1726018793291,0,0,0,0,1726018793291,124,[-14 -19 -15 -19 -14 -17 -15 -16 -15 -15 -15 -14 -16 -13 -16 -12 -16 -11 -17 -11 -17 -10 -17 -9 -18 -9 -18 -9 -18 -10 -17 -8 -17 -10 -16 -10 -14 -10 -14 -10 -13 -9 -12 -9 -11 -9 -10 -10 -8 -10 0 0 0 0 0 0 0 0 0 0 0 0 0 0 0 0 0 0 0 0 0 0 -16 -13 -15 -16 -14 -16 -14 -18 -13 -19 -12 -22 -11 -22 -10 -23 -9 -23 -9 -24 -8 -24 -7 -24 -8 -23 -7 -22 -7 -22 -7 -22 -8 -22 -8 -22 -10 -22 -10 -21 -12 -20 -11 -20 -12 -21 -13 -20 -14 -20 -15 -20]
,,,-80,0,0,0,0,0,0,0,0,0,0,-92,0,6,1726018793311,0,0,0,0,1726018793311,124,[16 13 10 15 9 15 8 15 8 15 7 15 6 15 5 14 4 15 4 15 3 15 3 15 3 15 2 15 2 15 2 16 2 14 3 14 3 13 3 12 3 12 4 11 4 13 10 5 9 4 8 4 0 0 0 0 0 0 0 0 0 0 0 0 0 0 0 0 0 0 0 0 0 0 14 3 14 5 14 6 14 7 14 9 14 13 10 13 12 13 12 12 13 12 14 12 14 11 14 11 14 11 14 11 13 11 13 11 13 12 13 12 12 13 12 13 11 14 11 14 11 15 11 15]
,,,-80,0,0,0,0,0,0,0,0,0,0,-92,0,6,1726018793332,0,0,0,0,1726018793332,124,[-11 -20 -11 -21 -12 -20 -12 -19 -12 -18 -13 -17 -13 -16 -14 -15 -14 -14 -15 -14 -16 -13 -16 -12 -17 -12 -16 -12 -17 -12 -16 -12 -16 -13 -15 -13 -14 -12 -14 -12 -12 -12 -12 -12 -11 -11 -9 -12 -8 -12 0 0 0 0 0 0 0 0 0 0 0 0 0 0 0 0 0 0 0 0 0 0 -13 -14 -12 -16 -12 -17 -11 -19 -9 -19 -9 -22 -7 -22 -6 -23 -4 -23 -4 -23 -4 -24 -3 -23 -3 -22 -3 -22 -3 -22 -4 -22 -4 -22 -4 -22 -6 -23 -6 -22 -7 -22 -8 -22 -8 -22 -9 -22 -10 -22 -10 -23]
,,,-80,0,0,0,0,0,0,0,0,0,0,-92,0,6,1726018793351,0,0,0,0,1726018793351,124,[18 -6 18 -6 16 -7 16 -7 15 -7 15 -8 14 -8 13 -9 12 -9 12 -11 11 -11 11 -11 11 -11 13 10 -12 11 -12 11 -12 13 10 -11 13 10 -11 13 10 -11 13 10 -10 13 10 -9 13 10 -8 13 10 -7 9 -6 9 -6 0 0 0 0 0 0 0 0 0 0 0 0 0 0 0 0 0 0 0 0 0 0 12 -9 13 -8 15 -7 16 -6 16 -5 17 -4 18 -3 18 -2 18 -1 18 0 18 0 18 0 18 0 17 0 17 0 17 0 17 0 17 -1 18 -1 18 -2 18 -3 18 -3]
,,,-80,0,0,0,0,0,0,0,0,0,0,-92,0,6,1726018793370,0,0,0,0,1726018793370,124,[14 11 14 11 13 13 10 14 9 13 8 14 7 14 6 14 6 14 4 14 4 14 3 14 2 15 2 14 2 15 2 14 2 14 3 14 3 13 3 13 3 12 4 11 4 11 4 9 4 8 5 0 0 0 0 0 0 0 0 0 0 0 0 0 0 0 0 0 0 0 0 0 0 14 4 15 5 14 6 14 8 14 9 14 11 12 12 12 13 11 14 11 14 11 14 13 10 14 13 10 14 13 10 13 13 10 14 13 10 13 13 10 13 13 10 13 12 12 12 12 12 12 12 12]
,,,-80,0,0,0,0,0,0,0,0,0,0,-92,0,6,1726018793395,0,0,0,0,1726018793395,124,[4 -20 4 -20 3 -20 2 -19 2 -19 1 -18 0 -17 -1 -18 -2 -17 -3 -18 -3 -16 -5 -17 -5 -17 -5 -17 -5 -17 -5 -16 -5 -17 -4 -16 -4 -16 -4 -16 -3 -14 -2 -14 -2 -13 -1 -13 0 -12 0 0 0 0 0 0 0 0 0 0 0 0 0 0 0 0 0 0 0 0 0 0 -1 -19 1 -19 2 -19 4 -19 5 -19 7 -20 8 -20 9 -19 13 10 -18 13 10 -18 11 -18 11 -17 13 10 -17 13 10 -16 13 10 -16 9 -17 9 -17 9 -17 8 -18 8 -18 7 -19 7 -19 6 -19 6]
,,,-80,0,0,0,0,0,0,0,0,0,0,-92,0,6,1726018793412,0,0,0,0,1726018793412,124,[-20 7 -21 8 -19 8 -19 8 -18 9 -17 9 -15 13 10 -14 13 10 -13 11 -13 12 -13 12 -12 13 -12 14 -11 14 -11 15 -11 14 -12 13 -11 13 -11 12 -11 12 -12 13 10 -11 8 -11 8 -11 7 -11 6 0 0 0 0 0 0 0 0 0 0 0 0 0 0 0 0 0 0 0 0 0 0 -16 11 -19 13 10 -20 8 -21 7 -21 6 -22 5 -22 4 -22 2 -22 2 -22 0 -22 0 -22 0 -21 0 -21 -1 -21 0 -20 1 -20 2 -20 2 -20 3 -21 4 -21 4 -20 5 -21 5 -22 6]
,,,-80,0,0,0,0,0,0,0,0,0,0,-92,0,6,1726018793431,0,0,0,0,1726018793431,124,[-4 18 -4 18 -3 17 -3 17 -2 16 -1 16 0 15 1 15 2 15 3 15 3 14 3 14 4 14 5 15 5 15 4 14 4 15 4 14 3 14 3 13 2 12 1 12 0 11 -1 11 -1 13 10 0 0 0 0 0 0 0 0 0 0 0 0 0 0 0 0 0 0 0 0 0 0 0 18 -2 18 -4 18 -5 18 -6 18 -8 18 -9 18 -10 17 -10 17 -11 16 -11 16 -11 15 -11 14 -10 14 -10 14 -10 15 -9 15 -9 15 -8 15 -8 16 -7 16 -7 16 -7 17 -6 18 -6 18 -5]
,,,-80,0,0,0,0,0,0,0,0,0,0,-92,0,6,1726018793450,0,0,0,0,1726018793450,124,[15 25 16 26 15 23 16 21 17 21 17 19 18 16 18 16 18 14 20 13 20 12 20 11 22 13 10 21 11 22 13 10 21 13 10 21 11 20 11 18 11 18 11 17 13 10 16 13 10 15 11 12 11 13 10 11 0 0 0 0 0 0 0 0 0 0 0 0 0 0 0 0 0 0 0 0 0 0 18 23 17 27 15 27 14 29 12 29 13 10 33 7 32 7 32 6 32 5 32 5 31 4 31 4 30 4 29 5 30 5 30 5 29 6 28 8 29 9 28 13 10 27 11 28]
,,,-80,0,0,0,0,0,0,0,0,0,0,-92,0,6,1726018793482,0,0,0,0,1726018793482,124,[20 -3 20 -4 18 -4 19 -4 18 -5 17 -6 16 -6 14 -7 14 -8 13 -9 13 -10 12 -10 13 -10 12 -10 12 -11 13 -10 12 -10 12 -10 11 -9 11 -9 11 -7 11 -7 11 -5 13 10 -5 9 -4 0 0 0 0 0 0 0 0 0 0 0 0 0 0 0 0 0 0 0 0 0 0 21 -7 22 -6 23 -4 23 -2 23 -1 24 1 23 2 23 3 23 4 23 4 22 5 22 4 22 4 21 4 21 4 20 4 21 3 20 3 21 2 20 1 21 1 21 0 21 -1 22 -1 22 -2 22]
,,,-80,0,0,0,0,0,0,0,0,0,0,-92,0,6,1726018793494,0,0,0,0,1726018793494,124,[-4 -19 -5 -19 -4 -17 -5 -17 -5 -16 -5 -16 -6 -15 -7 -14 -8 -13 -9 -13 -9 -12 -10 -12 -10 -12 -10 -12 -10 -12 -10 -11 -10 -12 -9 -12 -8 -12 -8 -12 -7 -11 -6 -10 -6 -10 -5 -10 -3 -9 0 0 0 0 0 0 0 0 0 0 0 0 0 0 0 0 0 0 0 0 0 0 -9 -18 -7 -20 -5 -19 -5 -21 -3 -20 -1 -22 1 -22 1 -22 2 -22 2 -21 2 -22 2 -21 2 -20 2 -20 2 -20 2 -20 1 -20 1 -19 0 -20 0 -20 -1 -20 -1 -20 -2 -20 -3 -20 -3 -20 -3 -21]
,,,-80,0,0,0,0,0,0,0,0,0,0,-92,0,6,1726018793521,0,0,0,0,1726018793521,124,[-5 -19 -6 -19 -6 -18 -6 -17 -7 -16 -7 -16 -8 -15 -8 -14 -9 -13 -10 -12 -10 -11 -11 -10 -11 -10 -11 -10 -12 -11 -11 -10 -11 -10 -11 -10 -10 -10 -9 -10 -8 -9 -8 -9 -7 -9 -6 -9 -5 -9 0 0 0 0 0 0 0 0 0 0 0 0 0 0 0 0 0 0 0 0 0 0 -10 -19 -8 -21 -7 -21 -6 -22 -4 -21 -3 -23 -1 -23 -1 -23 0 -22 1 -22 1 -23 1 -21 1 -21 1 -21 1 -21 1 -21 0 -20 0 -20 -2 -20 -2 -21 -3 -20 -3 -20 -3 -21 -4 -21 -4 -21 -5 -21]
,,,-80,0,0,0,0,0,0,0,0,0,0,-92,0,6,1726018793534,0,0,0,0,1726018793534,124,[29 -1 30 -1 28 -2 27 -3 26 -3 25 -5 24 -6 22 -7 20 -8 20 -9 20 -10 19 -10 18 -12 17 -12 17 -13 18 -12 17 -13 16 -12 15 -11 15 -11 16 -9 15 -7 15 -6 13 -6 12 -4 0 0 0 0 0 0 0 0 0 0 0 0 0 0 0 0 0 0 0 0 0 0 32 -9 34 -7 33 -3 35 -1 34 1 35 3 35 5 34 6 34 8 32 9 33 13 10 31 9 31 9 30 9 30 9 29 7 30 7 29 6 31 6 30 4 31 4 31 3 30 2 32 2 31 1 32]
,,,-80,0,0,0,0,0,0,0,0,0,0,-92,0,6,1726018793550,0,0,0,0,1726018793550,124,[23 13 10 24 13 10 22 8 23 7 22 7 22 5 21 4 19 3 20 1 20 0 20 -1 19 -2 19 -2 18 -3 19 -3 19 -3 19 -3 18 -3 17 -3 17 -2 16 -2 16 -1 15 0 12 0 12 1 0 0 0 0 0 0 0 0 0 0 0 0 0 0 0 0 0 0 0 0 0 0 27 3 27 6 26 8 27 9 26 12 26 14 24 16 23 16 22 17 21 17 21 18 20 17 20 18 19 16 19 17 19 16 19 15 19 15 21 15 22 14 21 14 22 13 22 12 24 12 24 12]
,,,-80,0,0,0,0,0,0,0,0,0,0,-92,0,6,1726018793572,0,0,0,0,1726018793572,124,[-22 -24 -23 -24 -21 -22 -23 -21 -22 -19 -22 -18 -22 -15 -22 -15 -22 -12 -23 -11 -24 -9 -24 -8 -25 -7 -23 -7 -25 -6 -24 -5 -25 -6 -23 -7 -22 -7 -21 -7 -21 -7 -20 -6 -18 -8 -16 -8 -14 -9 0 0 0 0 0 0 0 0 0 0 0 0 0 0 0 0 0 0 0 0 0 0 -26 -19 -25 -23 -23 -24 -23 -27 -20 -27 -19 -32 -16 -31 -15 -32 -13 -33 -13 -33 -12 -33 -11 -32 -11 -31 -12 -31 -12 -32 -12 -30 -12 -30 -12 -29 -15 -30 -15 -28 -16 -28 -17 -28 -17 -28 -20 -27 -20 -27 -21 -27]
,,,-80,0,0,0,0,0,0,0,0,0,0,-92,0,6,1726018793592,0,0,0,0,1726018793592,124,[23 14 24 15 22 13 23 12 23 13 10 22 8 22 7 21 6 21 4 21 2 21 1 21 0 21 0 20 -1 21 -2 21 -2 21 -2 20 -2 19 -2 19 -1 18 -1 17 0 17 1 14 1 12 2 0 0 0 0 0 0 0 0 0 0 0 0 0 0 0 0 0 0 0 0 0 0 27 7 28 13 10 27 12 27 15 25 16 25 19 23 21 22 21 21 23 20 23 19 24 19 23 18 23 18 23 18 22 17 21 19 21 18 20 20 21 20 20 21 19 21 18 21 18 23 18 23 17]
,,,-80,0,0,0,0,0,0,0,0,0,0,-92,0,6,1726018793611,0,0,0,0,1726018793611,124,[-18 -26 -18 -24 -18 -25 -18 -22 -18 -20 -18 -19 -19 -17 -19 -16 -20 -15 -20 -13 -21 -12 -21 -10 -22 -9 -22 -10 -22 -9 -23 -8 -21 -9 -21 -8 -20 -9 -20 -9 -19 -9 -18 -9 -17 -9 -14 -10 -12 -10 0 0 0 0 0 0 0 0 0 0 0 0 0 0 0 0 0 0 0 0 0 0 -25 -18 -23 -20 -22 -22 -21 -23 -20 -26 -16 -29 -15 -29 -14 -30 -12 -30 -11 -32 -11 -31 -10 -31 -10 -30 -10 -30 -9 -29 -10 -30 -10 -29 -11 -30 -11 -28 -13 -29 -13 -28 -13 -28 -15 -29 -16 -27 -18 -27 -17 -28]
,,,-80,0,0,0,0,0,0,0,0,0,0,-92,0,6,1726018793633,0,0,0,0,1726018793633,124,[-20 5 -21 6 -19 6 -18 6 -17 7 -17 7 -16 8 -13 9 -13 9 -13 13 10 -13 13 10 -12 11 -12 11 -11 12 -10 12 -11 12 -10 12 -10 11 -10 11 -10 11 -10 9 -10 8 -10 8 -9 7 -10 6 0 0 0 0 0 0 0 0 0 0 0 0 0 0 0 0 0 0 0 0 0 0 -15 13 10 -16 9 -18 8 -19 6 -19 5 -21 4 -21 3 -21 1 -21 1 -21 -1 -21 -1 -21 -1 -20 -2 -20 -2 -20 -2 -20 0 -20 0 -20 0 -21 0 -21 2 -21 1 -20 3 -20 2 -22 3 -21]
,,,-80,0,0,0,0,0,0,0,0,0,0,-92,0,6,1726018793650,0,0,0,0,1726018793650,124,[17 -1 18 -1 16 -1 16 -3 15 -3 15 -4 14 -4 13 -5 12 -6 12 -7 12 -8 11 -8 11 -8 11 -8 11 -9 11 -8 11 -9 13 10 -9 13 10 -8 13 10 -7 13 10 -7 9 -6 13 10 -6 9 -5 8 -4 0 0 0 0 0 0 0 0 0 0 0 0 0 0 0 0 0 0 0 0 0 0 14 -6 15 -4 16 -3 17 -2 16 0 17 1 17 3 17 3 17 4 16 5 17 5 16 5 16 5 16 5 16 5 16 5 16 5 15 4 17 3 17 3 17 2 17 2 16 2 18]
,,,-80,0,0,0,0,0,0,0,0,0,0,-92,0,6,1726018793681,0,0,0,0,1726018793681,124,[22 -2 23 -2 21 -3 21 -3 20 -4 19 -5 18 -6 16 -6 16 -7 15 -8 15 -9 15 -9 14 -10 13 -10 14 -11 13 -11 13 -11 12 -10 12 -10 12 -9 12 -8 12 -7 12 -7 11 -6 11 -5 0 0 0 0 0 0 0 0 0 0 0 0 0 0 0 0 0 0 0 0 0 0 16 -8 18 -7 19 -5 20 -4 20 -2 22 0 21 0 20 1 21 4 21 4 22 4 21 4 21 4 20 5 20 5 20 4 21 4 21 3 22 2 21 2 22 1 23 1 21 1 23 0 24 -1 23 -1]
,,,-80,0,0,0,0,0,0,0,0,0,0,-92,0,6,1726018793692,0,0,0,0,1726018793692,124,[-23 -1 -23 -1 -21 -1 -21 0 -21 1 -20 1 -19 2 -19 2 -17 3 -17 5 -16 6 -16 6 -16 7 -15 6 -16 7 -14 7 -15 7 -15 6 -14 5 -14 6 -14 4 -13 5 -13 4 -12 3 -11 1 0 0 0 0 0 0 0 0 0 0 0 0 0 0 0 0 0 0 0 0 0 0 -17 7 -19 5 -20 3 -21 2 -21 1 -22 -1 -22 -3 -22 -4 -21 -6 -21 -5 -22 -6 -21 -6 -21 -6 -21 -6 -21 -6 -21 -6 -21 -6 -21 -5 -22 -5 -21 -5 -22 -4 -23 -4 -22 -3 -23 -2 -24 -2 -24 -2]
,,,-80,0,0,0,0,0,0,0,0,0,0,-92,0,6,1726018793715,0,0,0,0,1726018793715,124,[20 -17 19 -17 18 -17 18 -16 17 -17 16 -17 14 -17 13 -17 12 -17 11 -18 11 -18 13 10 -17 9 -17 8 -17 8 -18 9 -18 8 -17 8 -17 8 -16 7 -15 8 -14 8 -12 9 -12 8 -11 8 -10 0 0 0 0 0 0 0 0 0 0 0 0 0 0 0 0 0 0 0 0 0 0 9 -18 11 -18 13 -17 15 -16 17 -15 18 -14 19 -13 20 -13 21 -12 22 -10 22 -10 21 -9 22 -9 21 -8 21 -9 21 -10 20 -10 20 -10 21 -11 21 -12 21 -13 20 -14 20 -14 21 -15 21 -16 20]
,,,-80,0,0,0,0,0,0,0,0,0,0,-92,0,6,1726018793734,0,0,0,0,1726018793734,124,[-21 -9 -21 -8 -20 -8 -20 -7 -20 -6 -20 -5 -19 -4 -18 -4 -18 -3 -18 -2 -18 -1 -18 0 -18 0 -17 0 -17 0 -17 0 -17 0 -16 0 -15 0 -15 -1 -14 -1 -14 -1 -13 -2 -11 -2 -10 -3 0 0 0 0 0 0 0 0 0 0 0 0 0 0 0 0 0 0 0 0 0 0 -18 -2 -18 -4 -19 -6 -18 -7 -18 -9 -19 -11 -18 -12 -17 -13 -16 -14 -17 -15 -16 -15 -16 -15 -16 -15 -15 -15 -15 -14 -16 -14 -15 -13 -16 -13 -17 -13 -18 -12 -18 -12 -18 -11 -19 -11 -20 -11 -20 -10 -20 -10]
,,,-80,0,0,0,0,0,0,0,0,0,0,-92,0,6,1726018793749,0,0,0,0,1726018793749,124,[-14 14 -13 14 -11 14 -11 13 -11 14 -9 14 -9 13 -7 14 -7 13 -5 14 -6 13 -5 13 -5 14 -4 14 -3 14 -4 13 -4 13 -3 13 -3 11 -4 12 -5 13 10 -5 9 -5 9 -5 8 -5 7 0 0 0 0 0 0 0 0 0 0 0 0 0 0 0 0 0 0 0 0 0 0 -8 13 -9 13 -11 13 -12 12 -14 12 -15 12 -16 11 -16 13 10 -17 9 -18 8 -18 8 -18 8 -18 8 -17 8 -17 8 -17 9 -16 9 -17 9 -16 9 -15 11 -15 11 -15 12 -14 12 -15 12 -15 12]
,,,-80,0,0,0,0,0,0,0,0,0,0,-92,0,6,1726018793769,0,0,0,0,1726018793769,124,[4 -21 4 -20 3 -20 2 -19 1 -18 1 -18 0 -17 -1 -17 -2 -17 -4 -16 -4 -15 -4 -15 -4 -15 -5 -15 -5 -15 -5 -14 -4 -14 -4 -14 -4 -13 -3 -13 -3 -12 -2 -11 -2 -11 -1 -10 -1 -10 0 0 0 0 0 0 0 0 0 0 0 0 0 0 0 0 0 0 0 0 0 0 -1 -19 1 -20 2 -20 3 -20 5 -20 7 -21 8 -20 9 -20 11 -19 11 -20 11 -20 11 -19 11 -19 13 10 -18 11 -18 11 -19 9 -18 9 -19 8 -19 8 -18 7 -19 7 -19 6 -21 5 -21 4 -21 4]
,,,-80,0,0,0,0,0,0,0,0,0,0,-92,0,6,1726018793790,0,0,0,0,1726018793790,124,[-24 7 -24 8 -21 8 -22 8 -20 9 -20 8 -18 9 -16 9 -15 13 10 -14 11 -14 11 -14 11 -14 12 -12 12 -12 12 -12 11 -11 11 -11 13 10 -11 9 -11 13 10 -11 8 -10 7 -10 7 -9 6 -9 5 0 0 0 0 0 0 0 0 0 0 0 0 0 0 0 0 0 0 0 0 0 0 -19 12 -21 11 -22 9 -24 8 -25 7 -26 6 -27 4 -27 3 -27 1 -27 0 -27 0 -27 1 -27 0 -26 0 -26 0 -26 0 -26 1 -25 1 -26 2 -25 3 -25 4 -25 4 -24 6 -25 6 -26]
,,,-80,0,0,0,0,0,0,0,0,0,0,-92,0,6,1726018793810,0,0,0,0,1726018793810,124,[19 6 20 6 18 4 19 4 18 3 16 2 16 1 15 1 15 -1 14 -1 14 -2 14 -3 14 -3 13 -3 14 -3 13 -3 13 -3 12 -3 11 -2 11 -2 13 10 -2 13 10 -1 9 -1 8 -1 7 0 0 0 0 0 0 0 0 0 0 0 0 0 0 0 0 0 0 0 0 0 0 0 20 1 21 3 21 4 22 7 21 8 22 13 10 21 12 20 12 19 14 19 13 19 14 19 13 19 13 18 13 18 13 17 12 18 12 18 11 19 11 19 13 10 19 13 10 19 9 19 8 21]
,,,-80,0,0,0,0,0,0,0,0,0,0,-92,0,6,1726018793830,0,0,0,0,1726018793830,124,[17 -3 17 -4 15 -4 15 -4 14 -4 14 -5 12 -5 11 -6 13 10 -6 13 10 -7 13 10 -7 9 -7 9 -7 8 -7 8 -8 8 -7 8 -7 8 -6 7 -6 7 -6 7 -5 6 -4 6 -4 5 -4 4 -3 0 0 0 0 0 0 0 0 0 0 0 0 0 0 0 0 0 0 0 0 0 0 18 -7 20 -5 20 -4 21 -3 21 -1 22 0 22 2 22 2 21 3 21 4 21 3 20 3 20 3 19 3 19 3 19 3 18 2 18 2 19 1 18 0 18 0 19 -1 18 -2 19 -2 19]
,,,-80,0,0,0,0,0,0,0,0,0,0,-92,0,6,1726018793851,0,0,0,0,1726018793851,124,[7 16 7 16 7 15 7 14 7 13 8 12 8 11 8 13 10 9 13 10 13 10 9 13 10 8 13 10 8 9 7 13 10 8 13 10 7 13 10 7 9 8 9 7 9 7 7 7 7 6 6 6 5 6 4 6 3 6 0 0 0 0 0 0 0 0 0 0 0 0 0 0 0 0 0 0 0 0 0 0 9 19 7 20 6 21 4 22 3 22 2 23 0 23 -1 23 -2 23 -2 22 -3 22 -2 21 -2 20 -2 20 -1 19 -1 19 -1 18 0 19 1 18 2 18 3 18 4 18]
,,,-80,0,0,0,0,0,0,0,0,0,0,-92,0,6,1726018793873,0,0,0,0,1726018793873,124,[-15 -15 -14 -15 -14 -15 -15 -13 -14 -13 -15 -11 -15 -10 -15 -9 -15 -8 -16 -7 -16 -6 -16 -5 -16 -5 -17 -5 -17 -5 -17 -4 -16 -5 -16 -5 -15 -5 -15 -6 -14 -5 -13 -5 -13 -6 -11 -6 -9 -7 0 0 0 0 0 0 0 0 0 0 0 0 0 0 0 0 0 0 0 0 0 0 -16 -15 -14 -17 -14 -18 -13 -19 -12 -20 -10 -22 -9 -22 -8 -22 -6 -22 -6 -23 -6 -23 -5 -21 -5 -21 -5 -20 -5 -20 -6 -20 -6 -19 -6 -19 -8 -19 -8 -18 -9 -18 -10 -17 -11 -17 -12 -17 -13 -17 -13 -17]
,,,-80,0,0,0,0,0,0,0,0,0,0,-92,0,6,1726018793889,0,0,0,0,1726018793889,124,[-20 14 -20 15 -19 16 -17 15 -16 16 -15 16 -13 16 -12 16 -10 17 -10 18 -11 18 -9 18 -8 19 -7 19 -7 21 -7 19 -7 20 -7 19 -7 18 -7 18 -9 16 -9 15 -10 14 -9 13 -10 12 0 0 0 0 0 0 0 0 0 0 0 0 0 0 0 0 0 0 0 0 0 0 -12 16 -14 16 -16 15 -18 14 -19 13 -22 12 -22 9 -23 8 -23 7 -24 5 -24 5 -24 5 -24 4 -23 4 -24 6 -22 5 -22 5 -21 6 -24 6 -22 8 -21 8 -21 9 -20 13 10 -21 12 -21 13 -21]
,,,-80,0,0,0,0,0,0,0,0,0,0,-92,0,6,1726018793909,0,0,0,0,1726018793909,124,[21 21 22 20 21 19 22 17 22 16 23 14 23 13 22 12 23 13 10 24 8 24 8 25 7 25 6 24 6 26 5 25 5 25 6 24 6 23 6 23 7 22 8 20 8 20 9 17 9 15 9 0 0 0 0 0 0 0 0 0 0 0 0 0 0 0 0 0 0 0 0 0 0 20 8 20 11 20 13 20 15 19 17 18 21 17 23 16 24 14 25 13 26 12 27 11 27 11 27 11 26 11 26 11 26 12 25 12 24 13 25 14 24 15 24 17 23 16 23 18 23 20 23 20]
,,,-80,0,0,0,0,0,0,0,0,0,0,-92,0,6,1726018793930,0,0,0,0,1726018793930,124,[9 -17 9 -17 8 -18 8 -17 7 -17 5 -17 5 -17 3 -16 3 -17 2 -17 2 -17 1 -17 0 -16 -1 -17 -1 -17 0 -17 0 -17 0 -17 0 -16 0 -16 1 -14 2 -13 3 -13 3 -12 3 -11 0 0 0 0 0 0 0 0 0 0 0 0 0 0 0 0 0 0 0 0 0 0 4 -17 5 -17 7 -17 8 -17 13 10 -16 12 -17 13 -16 14 -16 15 -15 15 -14 16 -14 16 -13 16 -13 16 -12 16 -12 15 -13 14 -13 14 -13 14 -14 14 -14 13 -15 13 -16 12 -16 12 -16 12 -17 12]
,,,-80,0,0,0,0,0,0,0,0,0,0,-92,0,6,1726018793951,0,0,0,0,1726018793951,124,[-8 15 -8 16 -6 15 -7 16 -5 15 -4 15 -3 14 -2 14 -1 14 0 14 0 14 0 14 1 14 2 13 2 14 1 13 2 14 2 13 2 12 1 12 0 13 10 0 9 -1 9 -1 9 -1 8 0 0 0 0 0 0 0 0 0 0 0 0 0 0 0 0 0 0 0 0 0 0 -6 17 -8 18 -9 17 -11 18 -12 16 -14 18 -15 17 -16 16 -17 15 -17 14 -18 14 -17 13 -17 13 -16 12 -16 13 -15 13 -15 13 -14 12 -14 14 -13 14 -12 14 -12 14 -11 15 -11 15 -10 16 -9]
,,,-80,0,0,0,0,0,0,0,0,0,0,-92,0,6,1726018793971,0,0,0,0,1726018793971,124,[-9 -18 -9 -17 -9 -17 -9 -15 -10 -14 -11 -13 -10 -12 -10 -12 -11 -11 -12 -11 -12 -9 -12 -8 -12 -8 -12 -8 -12 -8 -12 -7 -11 -7 -10 -7 -10 -7 -10 -7 -9 -6 -8 -6 -7 -6 -5 -6 -4 -5 0 0 0 0 0 0 0 0 0 0 0 0 0 0 0 0 0 0 0 0 0 0 -11 -23 -9 -24 -8 -25 -7 -25 -6 -27 -3 -27 -2 -27 -2 -27 0 -27 1 -27 1 -26 1 -25 0 -25 1 -24 0 -23 0 -24 0 -22 -1 -23 -2 -22 -3 -21 -4 -21 -5 -21 -6 -21 -6 -20 -7 -20 -8 -20]
,,,-80,0,0,0,0,0,0,0,0,0,0,-92,0,6,1726018793992,0,0,0,0,1726018793992,124,[-6 -17 -6 -16 -6 -16 -7 -15 -7 -14 -7 -13 -7 -12 -8 -12 -8 -12 -9 -11 -9 -10 -10 -9 -9 -9 -10 -9 -10 -9 -10 -8 -9 -9 -8 -9 -8 -8 -8 -8 -7 -7 -6 -8 -5 -7 -4 -7 -2 -7 0 0 0 0 0 0 0 0 0 0 0 0 0 0 0 0 0 0 0 0 0 0 -7 -21 -5 -21 -4 -22 -3 -22 -2 -23 0 -23 1 -23 2 -23 2 -22 3 -22 4 -22 4 -21 3 -20 3 -20 3 -19 2 -20 2 -19 1 -19 0 -18 0 -18 -1 -18 -2 -18 -2 -18 -3 -18 -4 -18 -5 -18]
,,,-80,0,0,0,0,0,0,0,0,0,0,-92,0,6,1726018794009,0,0,0,0,1726018794009,124,[-26 -19 -28 -19 -26 -18 -26 -16 -26 -15 -26 -14 -26 -12 -25 -11 -25 -10 -27 -7 -26 -6 -26 -4 -27 -4 -27 -4 -26 -4 -27 -3 -26 -5 -25 -6 -23 -5 -23 -6 -22 -6 -20 -7 -19 -8 -17 -8 -15 -9 0 0 0 0 0 0 0 0 0 0 0 0 0 0 0 0 0 0 0 0 0 0 -27 -10 -27 -14 -27 -15 -27 -17 -25 -20 -25 -24 -22 -25 -21 -26 -20 -26 -19 -27 -18 -27 -17 -27 -17 -27 -19 -26 -16 -26 -19 -25 -17 -25 -17 -25 -18 -25 -20 -23 -20 -24 -20 -22 -22 -22 -25 -21 -26 -21 -25 -20]
,,,-80,0,0,0,0,0,0,0,0,0,0,-92,0,6,1726018794031,0,0,0,0,1726018794031,124,[23 -4 23 -5 21 -5 22 -5 21 -6 20 -7 19 -7 18 -8 17 -9 17 -10 17 -10 16 -11 16 -11 15 -11 16 -12 16 -11 15 -11 15 -10 15 -9 14 -8 14 -7 14 -6 13 -5 12 -4 11 -3 0 0 0 0 0 0 0 0 0 0 0 0 0 0 0 0 0 0 0 0 0 0 13 -9 15 -7 16 -7 17 -6 18 -4 19 -3 20 -1 20 0 20 1 20 2 21 2 20 2 21 3 20 3 21 3 20 2 20 2 20 1 21 0 21 1 22 0 22 -1 22 -1 23 -3 23 -3 24 -4]
,,,-80,0,0,0,0,0,0,0,0,0,0,-92,0,6,1726018794050,0,0,0,0,1726018794050,124,[-15 12 -15 12 -13 12 -13 12 -12 12 -11 12 -10 12 -9 12 -8 13 -7 13 -7 13 -7 13 -7 13 -6 14 -6 14 -7 13 -6 13 -6 12 -7 11 -7 11 -7 8 -7 7 -7 7 -6 6 -6 5 0 0 0 0 0 0 0 0 0 0 0 0 0 0 0 0 0 0 0 0 0 0 -9 13 -11 12 -12 12 -13 11 -14 11 -16 11 -17 13 10 -17 9 -17 8 -18 7 -18 7 -18 7 -18 6 -18 7 -17 7 -17 7 -17 8 -16 8 -17 9 -17 9 -17 9 -16 13 10 -16 11 -16 11 -16 12]
,,,-80,0,0,0,0,0,0,0,0,0,0,-92,0,6,1726018794069,0,0,0,0,1726018794069,124,[-3 -18 -4 -18 -4 -17 -5 -17 -5 -15 -5 -15 -6 -14 -7 -14 -8 -13 -9 -12 -9 -11 -9 -11 -9 -11 -9 -11 -9 -11 -9 -10 -8 -11 -8 -10 -7 -10 -6 -9 -5 -8 -4 -7 -4 -6 -3 -6 -3 -5 0 0 0 0 0 0 0 0 0 0 0 0 0 0 0 0 0 0 0 0 0 0 -5 -21 -3 -22 -2 -22 -1 -23 1 -23 2 -24 4 -24 5 -24 6 -23 6 -23 6 -23 6 -22 6 -21 5 -21 5 -21 5 -21 4 -21 4 -20 3 -21 2 -20 1 -20 0 -20 0 -20 -1 -20 -2 -20 -2 -20]
,,,-80,0,0,0,0,0,0,0,0,0,0,-92,0,6,1726018794106,0,0,0,0,1726018794106,124,[19 -1 19 -1 18 -3 17 -3 16 -4 14 -5 14 -6 12 -7 12 -7 12 -8 11 -9 13 10 -9 13 10 -10 9 -11 9 -11 13 10 -11 9 -11 13 10 -10 9 -8 9 -8 13 10 -7 11 -6 11 -4 9 -3 8 -1 0 0 0 0 0 0 0 0 0 0 0 0 0 0 0 0 0 0 0 0 0 0 28 2 27 3 28 5 28 7 28 8 27 11 27 12 26 12 25 13 24 14 24 14 22 14 22 13 22 12 20 11 21 13 10 20 8 21 8 20 7 21 6 21 5 22 5 20 4]
,,,-80,0,0,0,0,0,0,0,0,0,0,-92,0,6,1726018794117,0,0,0,0,1726018794117,124,[14 15 15 15 14 14 15 12 15 11 15 9 15 8 15 7 15 5 16 4 16 2 16 1 17 1 16 1 17 0 17 0 17 1 16 1 16 2 16 2 15 2 14 3 14 4 11 5 13 10 7 0 0 0 0 0 0 0 0 0 0 0 0 0 0 0 0 0 0 0 0 0 0 17 20 15 22 14 22 13 24 12 24 13 10 27 9 27 7 27 6 27 5 27 5 27 5 26 5 25 5 24 5 23 5 23 6 22 7 21 8 22 9 21 13 10 20 11 20 11 19 12 19 13]
,,,-80,0,0,0,0,0,0,0,0,0,0,-92,0,6,1726018794133,0,0,0,0,1726018794133,124,[-5 -20 -5 -20 -6 -19 -6 -18 -7 -17 -8 -16 -9 -15 -9 -15 -10 -14 -12 -13 -12 -13 -13 -12 -13 -12 -13 -12 -14 -12 -13 -11 -13 -12 -13 -12 -12 -12 -11 -12 -10 -11 -9 -11 -8 -12 -6 -12 -5 -11 0 0 0 0 0 0 0 0 0 0 0 0 0 0 0 0 0 0 0 0 0 0 -9 -15 -7 -17 -6 -16 -5 -18 -4 -18 -2 -20 -1 -20 0 -21 2 -20 2 -20 4 -21 4 -20 3 -19 3 -19 3 -19 3 -19 2 -19 2 -19 1 -21 0 -20 -1 -20 -2 -20 -2 -20 -2 -22 -3 -21 -3 -22]
,,,-80,0,0,0,0,0,0,0,0,0,0,-92,0,6,1726018794150,0,0,0,0,1726018794150,124,[21 -5 21 -6 19 -7 18 -7 18 -7 17 -8 16 -9 15 -10 14 -11 14 -12 14 -12 13 -12 13 -12 13 -13 13 -14 13 -13 13 -13 13 -12 13 -11 12 -10 12 -8 12 -7 12 -6 11 -5 13 10 -4 0 0 0 0 0 0 0 0 0 0 0 0 0 0 0 0 0 0 0 0 0 0 12 -10 14 -9 15 -7 16 -7 17 -6 19 -5 19 -3 20 -2 20 0 21 1 20 1 20 1 20 2 19 2 19 2 19 1 19 0 20 0 20 -1 21 -1 21 -2 21 -2 21 -3 22 -4 22 -4 22]
,,,-80,0,0,0,0,0,0,0,0,0,0,-92,0,6,1726018794169,0,0,0,0,1726018794169,124,[4 -23 4 -24 2 -23 1 -22 0 -21 -1 -21 -1 -20 -3 -20 -4 -20 -5 -20 -5 -19 -6 -19 -6 -19 -6 -19 -7 -19 -6 -18 -5 -19 -5 -18 -4 -17 -3 -17 -2 -15 -2 -14 -1 -13 0 -13 1 -12 0 0 0 0 0 0 0 0 0 0 0 0 0 0 0 0 0 0 0 0 0 0 -3 -19 -1 -21 0 -20 2 -21 3 -21 5 -23 7 -23 8 -23 13 10 -23 13 10 -22 11 -22 11 -22 11 -20 13 10 -21 11 -20 13 10 -21 9 -22 9 -21 8 -22 7 -22 7 -23 6 -24 6 -24 6 -25]
,,,-80,0,0,0,0,0,0,0,0,0,0,-92,0,6,1726018794193,0,0,0,0,1726018794193,124,[-30 1 -30 2 -28 4 -27 4 -26 5 -24 6 -23 7 -21 8 -20 9 -21 13 10 -21 13 10 -20 11 -19 11 -18 12 -18 12 -19 11 -18 13 10 -17 9 -16 8 -16 7 -15 6 -15 4 -14 3 -11 3 -10 2 0 0 0 0 0 0 0 0 0 0 0 0 0 0 0 0 0 0 0 0 0 0 -26 9 -28 7 -29 5 -31 3 -32 1 -33 -1 -33 -3 -33 -5 -33 -6 -34 -8 -33 -8 -32 -8 -32 -8 -31 -8 -31 -8 -31 -6 -30 -6 -31 -5 -32 -4 -32 -3 -32 -2 -32 -1 -32 0 -33 0 -33]
,,,-80,0,0,0,0,0,0,0,0,0,0,-92,0,6,1726018794210,0,0,0,0,1726018794210,124,[7 17 7 17 7 16 8 15 8 14 9 12 9 11 9 13 10 9 13 10 13 10 9 13 10 8 13 10 8 11 7 11 8 11 7 13 10 7 13 10 8 9 7 8 7 8 7 7 6 6 6 5 6 3 5 2 5 0 0 0 0 0 0 0 0 0 0 0 0 0 0 0 0 0 0 0 0 0 0 13 10 17 9 18 8 19 7 21 6 21 4 23 4 24 3 23 2 23 0 23 -1 24 -1 23 -1 22 0 21 0 21 1 21 2 21 2 20 3 21 4 20 5 20 6 20]
,,,-80,0,0,0,0,0,0,0,0,0,0,-92,0,6,1726018794241,0,0,0,0,1726018794241,124,[-17 -10 -16 -9 -15 -9 -15 -7 -15 -7 -14 -6 -13 -4 -13 -4 -13 -3 -13 -2 -13 -1 -13 0 -13 0 -12 0 -12 1 -12 1 -12 0 -11 0 -10 0 -10 -1 -10 -1 -9 -1 -8 -1 -6 -2 -5 -2 0 0 0 0 0 0 0 0 0 0 0 0 0 0 0 0 0 0 0 0 0 0 -20 -8 -20 -10 -20 -11 -19 -13 -19 -14 -19 -16 -18 -17 -17 -17 -16 -18 -16 -18 -15 -18 -15 -18 -15 -17 -14 -17 -14 -16 -15 -16 -15 -15 -15 -15 -16 -14 -16 -14 -16 -13 -16 -12 -17 -12 -18 -12 -18 -11 -18 -12]
,,,-80,0,0,0,0,0,0,0,0,0,0,-92,0,6,1726018794263,0,0,0,0,1726018794263,124,[-5 17 -5 17 -4 16 -3 16 -2 15 -2 14 -1 13 0 13 1 12 1 12 2 11 2 11 3 13 10 3 11 4 11 4 13 10 4 13 10 3 13 10 3 9 2 9 1 8 1 7 1 6 0 6 -1 6 0 0 0 0 0 0 0 0 0 0 0 0 0 0 0 0 0 0 0 0 0 0 -1 20 -3 21 -4 20 -6 20 -7 20 -8 21 -10 20 -10 20 -11 19 -11 18 -11 19 -11 18 -11 17 -10 16 -10 17 -10 17 -9 16 -8 17 -8 17 -7 17 -6 17 -6 18 -6 18 -5 19]
,,,-80,0,0,0,0,0,0,0,0,0,0,-92,0,6,1726018794274,0,0,0,0,1726018794274,124,[26 13 26 13 24 12 24 13 10 23 13 10 23 8 21 6 21 5 20 4 19 2 20 1 19 0 19 0 18 0 19 -1 19 -1 17 0 16 -1 15 -1 15 0 14 0 14 1 12 2 13 10 2 8 2 0 0 0 0 0 0 0 0 0 0 0 0 0 0 0 0 0 0 0 0 0 0 30 8 31 11 30 12 30 15 30 17 29 19 28 21 27 21 26 22 24 23 24 23 23 22 23 22 22 21 22 20 22 20 23 19 22 19 24 18 25 17 25 16 26 15 25 15 27 15 29]
,,,-80,0,0,0,0,0,0,0,0,0,0,-92,0,6,1726018794291,0,0,0,0,1726018794291,124,[15 -20 15 -20 13 -19 13 -20 12 -19 11 -19 13 10 -18 8 -19 7 -18 6 -18 6 -18 5 -18 4 -18 4 -17 3 -18 4 -17 3 -17 3 -16 3 -15 3 -14 4 -13 4 -12 4 -11 4 -10 4 -9 0 0 0 0 0 0 0 0 0 0 0 0 0 0 0 0 0 0 0 0 0 0 7 -22 9 -22 11 -20 13 -21 15 -20 16 -19 17 -18 18 -18 19 -16 20 -15 19 -15 19 -14 19 -14 19 -14 19 -14 18 -14 18 -15 17 -15 18 -16 16 -16 16 -18 17 -18 15 -19 16 -19 16 -20 15]
,,,-80,0,0,0,0,0,0,0,0,0,0,-92,0,6,1726018794318,0,0,0,0,1726018794318,124,[8 16 8 16 8 15 9 14 9 13 9 13 9 12 13 10 11 13 10 13 10 11 9 13 10 9 11 8 11 8 11 8 11 8 11 7 11 8 13 10 8 9 8 8 7 8 6 6 7 6 7 5 6 4 6 0 0 0 0 0 0 0 0 0 0 0 0 0 0 0 0 0 0 0 0 0 0 13 10 11 9 12 8 13 7 14 7 15 6 17 5 18 4 18 3 18 2 18 2 19 2 18 1 17 2 17 2 17 2 17 3 17 3 17 4 17 5 17 5 16 6 17 6 16]
,,,-80,0,0,0,0,0,0,0,0,0,0,-92,0,6,1726018794339,0,0,0,0,1726018794339,124,[-24 -23 -25 -23 -23 -21 -24 -20 -24 -18 -23 -17 -24 -15 -22 -13 -23 -12 -24 -10 -24 -9 -24 -7 -25 -8 -24 -7 -24 -8 -25 -7 -24 -8 -22 -8 -21 -8 -19 -8 -19 -8 -18 -8 -17 -9 -13 -9 -12 -9 0 0 0 0 0 0 0 0 0 0 0 0 0 0 0 0 0 0 0 0 0 0 -26 -14 -26 -18 -25 -18 -25 -22 -25 -23 -23 -27 -22 -28 -20 -29 -19 -30 -18 -31 -18 -33 -16 -30 -16 -31 -16 -30 -16 -30 -17 -29 -17 -29 -18 -28 -19 -28 -20 -27 -20 -26 -22 -26 -21 -27 -24 -26 -24 -26 -24 -26]
,,,-80,0,0,0,0,0,0,0,0,0,0,-92,0,6,1726018794369,0,0,0,0,1726018794369,124,[-14 13 10 -14 11 -13 11 -12 11 -12 11 -11 11 -10 11 -8 11 -7 11 -6 12 -7 12 -6 12 -6 12 -5 12 -5 13 -5 12 -5 12 -5 12 -5 11 -5 11 -6 9 -6 9 -5 8 -5 7 -5 7 0 0 0 0 0 0 0 0 0 0 0 0 0 0 0 0 0 0 0 0 0 0 -10 13 -12 12 -13 11 -14 11 -15 13 10 -17 13 10 -17 9 -18 8 -18 7 -19 7 -19 7 -18 6 -18 6 -18 6 -18 6 -17 6 -17 6 -16 7 -17 7 -16 8 -16 8 -16 9 -16 9 -16 13 10]
,,,-80,0,0,0,0,0,0,0,0,0,0,-92,0,6,1726018794381,0,0,0,0,1726018794381,124,[24 12 26 11 22 9 24 9 23 8 22 6 22 4 22 4 20 2 21 0 22 -1 21 -2 22 -2 20 -2 22 -2 20 -3 21 -2 20 -1 19 0 18 0 18 1 16 1 15 1 13 1 12 2 0 0 0 0 0 0 0 0 0 0 0 0 0 0 0 0 0 0 0 0 0 0 25 3 26 6 25 8 27 13 10 25 11 26 15 24 16 25 18 23 19 23 19 23 19 22 18 22 18 22 18 22 19 20 18 22 18 20 17 23 17 22 16 24 15 24 15 24 13 26 13 26 13 27]
,,,-80,0,0,0,0,0,0,0,0,0,0,-92,0,6,1726018794393,0,0,0,0,1726018794393,124,[3 -17 3 -17 2 -17 2 -16 1 -15 0 -15 -1 -15 -2 -14 -3 -14 -4 -14 -4 -14 -4 -13 -5 -13 -5 -13 -6 -14 -5 -13 -5 -13 -5 -13 -4 -12 -4 -12 -3 -11 -3 -10 -2 -10 -2 -9 -1 -9 0 0 0 0 0 0 0 0 0 0 0 0 0 0 0 0 0 0 0 0 0 0 -1 -17 1 -18 2 -18 3 -18 4 -18 6 -19 7 -18 8 -18 9 -17 9 -17 13 10 -17 13 10 -16 9 -16 9 -15 9 -15 8 -16 8 -16 8 -16 7 -16 7 -16 6 -17 6 -17 5 -17 5 -18 5 -18]
,,,-80,0,0,0,0,0,0,0,0,0,0,-92,0,6,1726018794418,0,0,0,0,1726018794418,124,[7 16 7 16 7 15 8 14 8 13 8 12 9 11 9 11 13 10 13 10 13 10 9 13 10 8 11 7 11 7 11 7 11 7 11 7 11 7 13 10 7 13 10 7 9 7 8 6 7 6 7 6 5 6 5 5 0 0 0 0 0 0 0 0 0 0 0 0 0 0 0 0 0 0 0 0 0 0 11 14 13 10 15 9 15 8 17 7 18 6 20 5 21 4 20 3 21 2 20 2 21 1 20 1 19 1 19 2 19 2 19 2 19 3 19 3 19 4 19 4 18 5 18 5]
,,,-80,0,0,0,0,0,0,0,0,0,0,-92,0,6,1726018794434,0,0,0,0,1726018794434,124,[-14 15 -14 16 -12 14 -12 14 -11 14 -10 14 -8 14 -7 13 -5 13 -4 14 -4 13 -4 14 -3 13 -2 14 -2 15 -3 13 -2 13 -3 13 -3 12 -3 12 -4 13 10 -4 9 -4 9 -3 8 -4 7 0 0 0 0 0 0 0 0 0 0 0 0 0 0 0 0 0 0 0 0 0 0 -8 18 -10 18 -11 18 -13 17 -15 16 -17 17 -18 16 -19 15 -19 14 -20 13 -20 14 -19 13 -20 12 -19 12 -19 11 -19 12 -18 13 -18 13 -19 13 -18 13 -18 14 -17 14 -17 14 -17 15 -16 16 -16]
,,,-80,0,0,0,0,0,0,0,0,0,0,-92,0,6,1726018794450,0,0,0,0,1726018794450,124,[8 -16 8 -16 7 -15 6 -15 5 -15 4 -14 3 -14 2 -14 1 -14 0 -14 0 -13 -1 -13 -1 -13 -2 -13 -2 -13 -1 -12 -2 -13 -2 -12 -1 -11 -1 -11 0 -10 0 -9 1 -8 1 -8 1 -7 0 0 0 0 0 0 0 0 0 0 0 0 0 0 0 0 0 0 0 0 0 0 4 -18 6 -18 7 -17 9 -18 13 10 -17 12 -18 12 -17 13 -17 13 -16 14 -15 15 -15 14 -14 14 -14 14 -14 14 -14 13 -14 13 -15 12 -15 12 -16 11 -16 11 -16 11 -16 13 10 -16 11 -17 13 10]
,,,-80,0,0,0,0,0,0,0,0,0,0,-92,0,6,1726018794471,0,0,0,0,1726018794471,124,[-10 -16 -10 -16 -9 -15 -9 -14 -10 -13 -10 -12 -10 -11 -10 -10 -11 -10 -11 -9 -12 -8 -12 -7 -12 -7 -12 -7 -12 -7 -12 -6 -12 -7 -11 -7 -10 -6 -10 -6 -9 -6 -8 -6 -7 -6 -6 -6 -5 -6 0 0 0 0 0 0 0 0 0 0 0 0 0 0 0 0 0 0 0 0 0 0 -13 -15 -12 -17 -11 -17 -11 -18 -10 -19 -9 -21 -8 -22 -7 -21 -5 -21 -5 -21 -5 -22 -5 -21 -5 -21 -5 -20 -5 -20 -5 -20 -6 -20 -6 -19 -7 -20 -7 -19 -8 -19 -8 -19 -8 -19 -9 -19 -9 -18 -9 -19]
,,,-80,0,0,0,0,0,0,0,0,0,0,-92,0,6,1726018794491,0,0,0,0,1726018794491,124,[-27 -16 -27 -16 -25 -14 -26 -13 -25 -12 -25 -10 -24 -8 -24 -7 -23 -5 -24 -2 -24 -2 -23 0 -24 0 -23 1 -23 2 -23 2 -23 2 -22 1 -20 0 -20 0 -19 -1 -19 -1 -18 -2 -15 -2 -14 -3 0 0 0 0 0 0 0 0 0 0 0 0 0 0 0 0 0 0 0 0 0 0 -29 -7 -29 -10 -29 -12 -29 -14 -29 -15 -30 -19 -27 -21 -26 -22 -25 -23 -24 -25 -25 -24 -23 -24 -24 -23 -23 -23 -24 -24 -23 -22 -24 -23 -24 -22 -25 -22 -25 -21 -26 -21 -27 -20 -26 -20 -29 -20 -28 -19 -29 -18]
,,,-80,0,0,0,0,0,0,0,0,0,0,-92,0,6,1726018794511,0,0,0,0,1726018794511,124,[-16 -14 -17 -14 -16 -12 -16 -12 -16 -10 -16 -10 -15 -8 -16 -8 -15 -6 -16 -6 -16 -5 -16 -4 -17 -3 -15 -3 -16 -3 -16 -2 -16 -3 -15 -3 -14 -3 -14 -3 -13 -4 -12 -4 -12 -4 -10 -4 -9 -4 0 0 0 0 0 0 0 0 0 0 0 0 0 0 0 0 0 0 0 0 0 0 -16 -4 -17 -5 -16 -6 -17 -8 -16 -9 -17 -12 -16 -12 -16 -13 -14 -14 -14 -14 -14 -15 -13 -15 -13 -15 -13 -15 -14 -16 -13 -16 -14 -16 -13 -15 -15 -15 -15 -15 -15 -15 -16 -16 -15 -15 -17 -15 -17 -15 -17 -15]
,,,-80,0,0,0,0,0,0,0,0,0,0,-92,0,6,1726018794534,0,0,0,0,1726018794534,124,[3 -25 3 -25 2 -24 1 -23 1 -22 0 -22 -1 -21 -3 -20 -3 -19 -5 -19 -5 -18 -5 -17 -6 -17 -7 -18 -7 -18 -6 -17 -7 -17 -7 -17 -6 -16 -5 -16 -4 -14 -4 -14 -3 -13 -2 -13 -1 -12 0 0 0 0 0 0 0 0 0 0 0 0 0 0 0 0 0 0 0 0 0 0 -7 -18 -5 -19 -4 -19 -3 -20 -1 -21 0 -22 2 -23 3 -23 5 -23 6 -23 6 -24 7 -23 7 -22 7 -22 7 -22 7 -23 6 -23 6 -24 6 -24 6 -24 5 -25 5 -25 5 -26 5 -26 5 -26 4 -27]
,,,-80,0,0,0,0,0,0,0,0,0,0,-92,0,6,1726018794554,0,0,0,0,1726018794554,124,[-8 -17 -8 -16 -8 -16 -8 -14 -9 -13 -9 -13 -9 -11 -9 -11 -10 -10 -10 -10 -10 -9 -10 -9 -10 -8 -10 -8 -10 -8 -11 -7 -10 -7 -10 -7 -9 -7 -9 -6 -8 -6 -8 -6 -7 -6 -5 -6 -5 -6 0 0 0 0 0 0 0 0 0 0 0 0 0 0 0 0 0 0 0 0 0 0 -11 -10 -11 -11 -11 -12 -10 -13 -10 -14 -9 -15 -8 -16 -8 -17 -7 -17 -6 -18 -5 -19 -5 -18 -5 -18 -5 -18 -5 -18 -5 -19 -5 -18 -6 -18 -6 -18 -7 -18 -8 -18 -8 -18 -8 -18 -8 -19 -8 -18 -9 -19]
,,,-80,0,0,0,0,0,0,0,0,0,0,-92,0,6,1726018794571,0,0,0,0,1726018794571,124,[-16 12 -15 12 -14 12 -13 11 -12 11 -11 11 -10 11 -9 11 -8 11 -7 11 -7 11 -6 13 10 -6 11 -4 11 -4 11 -4 13 10 -4 13 10 -3 13 10 -3 9 -3 9 -4 8 -4 7 -4 7 -4 6 -4 5 0 0 0 0 0 0 0 0 0 0 0 0 0 0 0 0 0 0 0 0 0 0 -10 14 -11 14 -12 13 -13 12 -15 12 -16 12 -17 12 -18 11 -18 11 -19 9 -19 9 -19 8 -19 8 -19 8 -19 8 -18 9 -18 9 -18 9 -18 13 10 -18 11 -18 11 -18 12 -18 12 -18]
,,,-80,0,0,0,0,0,0,0,0,0,0,-92,0,6,1726018794593,0,0,0,0,1726018794593,124,[-13 15 -12 15 -11 14 -11 14 -10 14 -9 13 -8 13 -7 12 -6 12 -5 13 -5 12 -4 12 -4 12 -3 12 -2 12 -3 11 -2 12 -2 11 -2 13 10 -3 13 10 -3 8 -3 8 -4 7 -3 6 -4 6 0 0 0 0 0 0 0 0 0 0 0 0 0 0 0 0 0 0 0 0 0 0 -6 16 -8 16 -9 15 -11 16 -11 15 -13 15 -14 15 -15 14 -15 13 -15 12 -16 13 -16 13 -16 12 -16 12 -16 12 -15 13 -15 13 -15 12 -15 13 -15 14 -15 14 -14 15 -14 15 -15 16 -14 16]
,,,-80,0,0,0,0,0,0,0,0,0,0,-92,0,6,1726018794609,0,0,0,0,1726018794609,124,[-21 -23 -21 -23 -20 -21 -21 -20 -20 -19 -20 -18 -19 -15 -19 -15 -19 -13 -20 -12 -21 -11 -21 -9 -21 -9 -20 -8 -21 -8 -20 -7 -20 -8 -18 -8 -17 -8 -17 -8 -15 -8 -14 -8 -14 -8 -11 -9 -9 -8 0 0 0 0 0 0 0 0 0 0 0 0 0 0 0 0 0 0 0 0 0 0 -23 -12 -23 -15 -22 -16 -23 -18 -21 -19 -21 -23 -19 -24 -18 -25 -16 -26 -16 -26 -16 -27 -15 -26 -15 -26 -15 -26 -15 -27 -15 -26 -16 -26 -16 -25 -17 -26 -18 -26 -19 -25 -19 -25 -19 -25 -21 -25 -22 -25 -21 -26]
,,,-80,0,0,0,0,0,0,0,0,0,0,-92,0,6,1726018794642,0,0,0,0,1726018794642,124,[-20 -8 -20 -8 -19 -7 -19 -6 -18 -5 -18 -5 -17 -3 -17 -3 -16 -2 -16 -1 -16 0 -16 1 -16 1 -15 1 -15 1 -15 2 -14 1 -14 0 -13 0 -12 0 -12 -1 -11 -1 -11 -1 -9 -1 -8 -2 0 0 0 0 0 0 0 0 0 0 0 0 0 0 0 0 0 0 0 0 0 0 -16 0 -17 -1 -17 -2 -18 -4 -18 -5 -19 -7 -18 -8 -18 -9 -18 -10 -18 -11 -18 -11 -17 -12 -17 -12 -17 -12 -17 -12 -17 -11 -18 -11 -17 -11 -19 -11 -19 -10 -20 -9 -20 -10 -20 -9 -21 -9 -21 -9 -21 -9]
,,,-80,0,0,0,0,0,0,0,0,0,0,-92,0,6,1726018794653,0,0,0,0,1726018794653,124,[22 -11 21 -11 20 -11 19 -11 19 -11 17 -12 16 -12 14 -12 14 -12 13 -13 13 -13 11 -14 11 -13 13 10 -14 13 10 -14 11 -14 13 10 -13 9 -12 9 -11 9 -10 8 -10 9 -9 8 -8 7 -7 7 -6 0 0 0 0 0 0 0 0 0 0 0 0 0 0 0 0 0 0 0 0 0 0 11 -15 13 -15 15 -14 16 -13 18 -12 19 -12 20 -10 21 -9 22 -8 23 -6 23 -6 23 -6 23 -5 23 -5 22 -6 22 -7 22 -6 22 -7 23 -8 23 -9 23 -8 23 -10 23 -9 23 -10 24]
,,,-80,0,0,0,0,0,0,0,0,0,0,-92,0,6,1726018794671,0,0,0,0,1726018794671,124,[-11 15 -10 15 -9 14 -8 14 -8 15 -7 14 -6 13 -5 13 -4 13 -4 14 -3 13 -3 12 -3 13 -2 12 -1 12 -2 11 -2 12 -2 11 -2 13 10 -2 13 10 -3 8 -2 8 -3 7 -3 7 -3 6 0 0 0 0 0 0 0 0 0 0 0 0 0 0 0 0 0 0 0 0 0 0 -3 15 -5 15 -7 14 -8 15 -9 14 -11 16 -12 15 -12 14 -14 14 -14 13 -15 13 -14 13 -14 13 -14 12 -15 12 -14 13 -14 13 -13 13 -13 14 -13 14 -13 14 -12 15 -11 15 -12 16 -12 16]
,,,-80,0,0,0,0,0,0,0,0,0,0,-92,0,6,1726018794697,0,0,0,0,1726018794697,124,[18 -6 17 -7 15 -7 15 -7 15 -8 14 -8 13 -8 12 -8 11 -9 13 10 -10 13 10 -10 9 -10 9 -10 8 -9 8 -10 8 -10 7 -9 7 -8 7 -8 6 -7 7 -7 6 -6 6 -5 5 -5 4 -4 0 0 0 0 0 0 0 0 0 0 0 0 0 0 0 0 0 0 0 0 0 0 13 -11 15 -10 16 -9 17 -9 18 -7 19 -7 20 -5 20 -5 20 -3 21 -3 20 -3 20 -3 20 -3 20 -2 20 -3 19 -2 19 -3 19 -3 20 -4 19 -4 19 -5 20 -5 19 -6 20 -6 19 -7]
,,,-80,0,0,0,0,0,0,0,0,0,0,-92,0,6,1726018794709,0,0,0,0,1726018794709,124,[7 -19 6 -18 5 -18 5 -17 4 -17 3 -17 2 -16 1 -16 0 -16 -1 -15 -1 -15 -1 -14 -2 -14 -2 -14 -3 -14 -2 -13 -2 -13 -2 -13 -2 -12 -2 -12 -2 -9 -1 -9 0 -9 0 -9 0 -8 0 0 0 0 0 0 0 0 0 0 0 0 0 0 0 0 0 0 0 0 0 0 2 -21 4 -21 6 -21 7 -21 9 -21 13 10 -21 12 -21 12 -21 13 -20 14 -20 14 -20 14 -19 14 -19 14 -18 14 -18 13 -19 12 -19 12 -19 12 -19 11 -19 11 -20 13 10 -20 13 10 -21 13 10 -21]
,,,-80,0,0,0,0,0,0,0,0,0,0,-92,0,6,1726018794734,0,0,0,0,1726018794734,124,[17 24 17 24 16 22 17 20 16 18 17 16 17 14 17 14 17 11 18 13 10 18 9 19 8 19 7 18 6 19 6 19 5 18 6 17 5 16 5 16 5 15 5 14 5 13 6 11 5 9 5 0 0 0 0 0 0 0 0 0 0 0 0 0 0 0 0 0 0 0 0 0 0 25 16 24 18 23 19 23 21 21 23 21 25 19 26 18 28 17 29 17 29 15 29 15 29 15 29 15 29 15 29 14 28 15 28 14 28 16 28 16 28 17 28 18 28 17 27 19 28 19 28 19]
,,,-80,0,0,0,0,0,0,0,0,0,0,-92,0,6,1726018794749,0,0,0,0,1726018794749,124,[-22 -1 -21 -1 -20 1 -19 1 -18 1 -18 2 -16 3 -15 3 -15 5 -14 5 -14 6 -14 6 -13 7 -13 7 -12 8 -12 8 -11 7 -11 7 -10 7 -10 7 -10 5 -10 5 -10 4 -9 4 -8 3 0 0 0 0 0 0 0 0 0 0 0 0 0 0 0 0 0 0 0 0 0 0 -13 8 -13 7 -15 6 -15 5 -17 4 -17 3 -18 2 -18 1 -18 0 -19 -1 -19 -1 -19 -2 -19 -2 -19 -2 -19 -2 -19 -2 -19 -2 -20 -2 -20 -1 -21 -1 -21 -1 -21 -1 -22 0 -23 0 -23 0 -22 0]
,,,-80,0,0,0,0,0,0,0,0,0,0,-92,0,6,1726018794772,0,0,0,0,1726018794772,124,[-2 21 -2 21 -1 20 -2 19 0 19 0 18 1 17 2 17 2 16 3 16 3 15 4 14 4 15 5 15 5 15 5 14 5 15 4 14 4 14 3 13 2 12 2 11 1 11 0 13 10 -1 9 0 0 0 0 0 0 0 0 0 0 0 0 0 0 0 0 0 0 0 0 0 0 6 13 10 5 11 4 12 4 13 3 13 2 15 1 16 0 16 -1 16 -2 17 -2 17 -3 17 -3 17 -3 17 -3 17 -4 18 -3 18 -3 18 -3 19 -3 20 -2 20 -2 20 -2 21 -2 22 -2 22]
,,,-80,0,0,0,0,0,0,0,0,0,0,-92,0,6,1726018794791,0,0,0,0,1726018794791,124,[-35 -4 -36 -4 -32 -2 -32 -2 -31 -1 -30 1 -29 2 -27 3 -25 4 -25 6 -26 7 -26 8 -25 8 -24 9 -24 9 -24 8 -24 8 -23 7 -22 6 -21 5 -21 4 -19 2 -19 1 -16 2 -15 0 0 0 0 0 0 0 0 0 0 0 0 0 0 0 0 0 0 0 0 0 0 0 -21 8 -23 6 -24 5 -27 4 -27 2 -29 0 -29 -2 -30 -4 -30 -5 -31 -7 -31 -7 -31 -7 -31 -8 -31 -9 -31 -9 -30 -7 -32 -7 -31 -7 -34 -6 -34 -5 -35 -5 -35 -5 -35 -4 -38 -4 -37 -4 -37 -3]
,,,-80,0,0,0,0,0,0,0,0,0,0,-92,0,6,1726018794822,0,0,0,0,1726018794822,124,[7 18 8 17 8 16 8 15 8 13 8 13 9 11 9 11 9 13 10 13 10 9 13 10 8 13 10 7 11 7 11 8 12 7 11 7 11 8 13 10 7 13 10 7 9 7 8 6 7 6 7 6 6 5 5 5 0 0 0 0 0 0 0 0 0 0 0 0 0 0 0 0 0 0 0 0 0 0 11 14 13 10 16 9 16 9 17 8 18 7 20 6 21 4 21 4 21 3 21 2 22 2 21 3 21 2 21 3 20 3 20 4 20 4 20 5 20 6 20 6 20 7 20 7]
,,,-80,0,0,0,0,0,0,0,0,0,0,-92,0,6,1726018794834,0,0,0,0,1726018794834,124,[0 17 1 17 2 15 2 15 3 14 3 13 4 12 4 12 5 11 6 13 10 6 9 7 9 7 9 8 9 8 13 10 7 9 7 9 7 9 6 9 5 8 4 7 4 6 3 6 3 6 3 5 0 0 0 0 0 0 0 0 0 0 0 0 0 0 0 0 0 0 0 0 0 0 5 17 4 18 3 18 1 19 1 19 0 20 -2 20 -2 20 -4 20 -4 20 -5 20 -4 20 -5 19 -4 18 -4 19 -4 19 -3 19 -2 19 -2 19 -2 19 -1 20 0 19 0 19 0 19 1 20]
,,,-80,0,0,0,0,0,0,0,0,0,0,-92,0,6,1726018794849,0,0,0,0,1726018794849,124,[-4 15 -4 15 -3 14 -3 13 -2 12 -1 12 0 11 0 11 1 13 10 2 13 10 2 9 3 9 3 9 3 9 4 9 4 8 4 9 3 8 3 8 3 8 2 6 1 6 1 5 1 5 0 5 0 0 0 0 0 0 0 0 0 0 0 0 0 0 0 0 0 0 0 0 0 0 -1 18 -3 19 -4 18 -5 19 -6 18 -8 19 -9 19 -9 18 -10 18 -10 17 -10 17 -10 17 -10 16 -9 16 -9 16 -9 16 -9 16 -8 15 -8 17 -7 16 -6 16 -6 16 -6 16 -5 17 -5 17]
,,,-80,0,0,0,0,0,0,0,0,0,0,-92,0,6,1726018794871,0,0,0,0,1726018794871,124,[-32 -11 -31 -10 -30 -9 -30 -8 -29 -6 -28 -5 -27 -3 -25 -2 -25 -1 -25 2 -25 3 -24 4 -25 5 -23 6 -23 7 -24 8 -23 6 -22 7 -21 5 -20 6 -21 4 -20 3 -19 2 -17 2 -15 0 0 0 0 0 0 0 0 0 0 0 0 0 0 0 0 0 0 0 0 0 0 0 -30 0 -30 -3 -31 -5 -32 -7 -32 -9 -31 -11 -31 -13 -30 -15 -28 -15 -29 -18 -28 -18 -26 -18 -26 -18 -26 -18 -26 -17 -26 -16 -27 -15 -27 -16 -28 -14 -29 -14 -30 -13 -30 -13 -30 -14 -32 -13 -32 -13 -32 -12]
,,,-80,0,0,0,0,0,0,0,0,0,0,-92,0,6,1726018794890,0,0,0,0,1726018794890,124,[19 5 19 5 18 4 18 3 18 2 17 1 17 1 16 0 16 -1 16 -2 16 -2 15 -3 16 -4 15 -3 16 -4 16 -4 16 -3 15 -3 14 -3 14 -2 13 -2 12 -1 12 0 13 10 0 13 10 0 0 0 0 0 0 0 0 0 0 0 0 0 0 0 0 0 0 0 0 0 0 0 11 -5 12 -4 13 -2 14 -1 15 0 15 1 15 3 15 4 15 5 16 6 15 6 14 7 15 7 15 7 15 7 14 7 15 7 15 7 16 6 16 6 17 5 18 6 18 6 19 5 20 5]
,,,-80,0,0,0,0,0,0,0,0,0,0,-92,0,6,1726018794912,0,0,0,0,1726018794912,124,[-19 -10 -19 -9 -17 -8 -18 -8 -17 -7 -17 -6 -17 -5 -16 -4 -16 -3 -17 -2 -17 -1 -17 -1 -18 0 -17 -1 -17 -1 -17 -1 -16 -1 -16 -2 -15 -2 -14 -2 -14 -3 -13 -3 -12 -3 -10 -3 -10 -3 0 0 0 0 0 0 0 0 0 0 0 0 0 0 0 0 0 0 0 0 0 0 -15 -2 -15 -4 -16 -5 -16 -6 -16 -7 -16 -9 -16 -10 -16 -11 -15 -12 -16 -13 -16 -13 -15 -14 -15 -14 -15 -14 -14 -14 -15 -14 -15 -13 -15 -13 -16 -13 -16 -13 -17 -12 -17 -12 -17 -12 -19 -11 -19 -11 -18 -12]
,,,-80,0,0,0,0,0,0,0,0,0,0,-92,0,6,1726018794929,0,0,0,0,1726018794929,124,[-21 3 -21 4 -19 6 -19 5 -18 6 -17 6 -15 7 -15 8 -14 9 -13 13 10 -13 13 10 -13 13 10 -14 11 -12 11 -13 11 -13 11 -13 11 -12 9 -12 8 -11 8 -12 7 -11 6 -10 5 -9 5 -8 5 0 0 0 0 0 0 0 0 0 0 0 0 0 0 0 0 0 0 0 0 0 0 -16 13 10 -18 8 -19 7 -21 6 -21 4 -22 4 -23 3 -23 1 -24 0 -25 -1 -25 -1 -23 -1 -24 -2 -23 -2 -23 -2 -23 -2 -22 -1 -23 -1 -23 0 -23 1 -23 1 -24 1 -23 2 -24 3]
,,,-80,0,0,0,0,0,0,0,0,0,0,-92,0,6,1726018794952,0,0,0,0,1726018794952,124,[-11 13 -11 13 -9 13 -9 13 -7 12 -6 12 -5 12 -4 12 -2 12 -2 12 -1 11 0 11 0 11 1 12 1 12 0 12 0 12 0 11 0 13 10 -1 13 10 -1 8 -1 7 -1 7 -1 6 -1 6 0 0 0 0 0 0 0 0 0 0 0 0 0 0 0 0 0 0 0 0 0 0 -8 18 -10 18 -11 17 -13 17 -14 16 -16 17 -16 16 -17 15 -18 15 -18 13 -19 13 -18 13 -18 13 -18 12 -17 12 -17 13 -17 13 -16 13 -16 14 -16 14 -15 14 -15 15 -14 15 -14 15 -14 15]
,,,-80,0,0,0,0,0,0,0,0,0,0,-92,0,6,1726018794969,0,0,0,0,1726018794969,124,[-22 -22 -22 -21 -20 -20 -19 -18 -20 -16 -19 -14 -19 -12 -18 -11 -18 -9 -18 -7 -18 -5 -19 -4 -19 -3 -18 -3 -19 -2 -18 -2 -17 -3 -17 -4 -15 -3 -15 -4 -14 -3 -13 -3 -12 -4 -8 -4 -7 -4 0 0 0 0 0 0 0 0 0 0 0 0 0 0 0 0 0 0 0 0 0 0 -28 -19 -27 -22 -26 -24 -26 -26 -24 -28 -22 -30 -21 -31 -20 -32 -17 -32 -18 -34 -17 -32 -17 -32 -17 -31 -16 -30 -16 -30 -17 -30 -17 -29 -18 -28 -20 -28 -20 -27 -21 -26 -22 -26 -21 -26 -23 -26 -24 -25 -23 -25]
,,,-80,0,0,0,0,0,0,0,0,0,0,-92,0,6,1726018794990,0,0,0,0,1726018794990,124,[-14 19 -14 21 -12 19 -12 20 -10 18 -9 18 -8 18 -6 17 -5 17 -4 18 -4 17 -3 17 -2 18 -1 17 -1 19 -1 16 -1 18 -1 17 -2 16 -2 15 -3 13 -3 12 -4 12 -4 11 -5 9 0 0 0 0 0 0 0 0 0 0 0 0 0 0 0 0 0 0 0 0 0 0 -5 19 -7 20 -9 18 -10 20 -11 18 -14 20 -16 19 -16 18 -17 17 -17 15 -19 16 -18 16 -18 15 -18 14 -18 16 -17 15 -17 17 -16 15 -17 17 -16 18 -15 18 -15 19 -15 19 -15 21 -15 21 -15 23]
,,,-80,0,0,0,0,0,0,0,0,0,0,-92,0,6,1726018795026,0,0,0,0,1726018795026,124,[-23 6 -24 6 -21 6 -21 6 -20 7 -19 7 -18 7 -16 8 -14 9 -14 13 10 -14 13 10 -13 11 -14 12 -12 11 -13 12 -13 12 -13 12 -12 13 10 -12 9 -12 9 -12 7 -12 6 -11 6 -10 5 -9 5 0 0 0 0 0 0 0 0 0 0 0 0 0 0 0 0 0 0 0 0 0 0 -13 13 10 -15 13 10 -15 8 -18 8 -17 6 -20 6 -20 5 -20 4 -20 2 -21 2 -21 3 -21 2 -21 2 -21 2 -21 2 -21 2 -22 3 -21 3 -23 3 -22 4 -23 4 -23 6 -22 6 -24]
,,,-80,0,0,0,0,0,0,0,0,0,0,-92,0,6,1726018795038,0,0,0,0,1726018795038,124,[-21 -27 -20 -27 -18 -25 -19 -24 -19 -22 -19 -21 -19 -19 -19 -18 -19 -16 -20 -14 -21 -13 -21 -12 -22 -11 -22 -11 -22 -12 -22 -11 -21 -12 -20 -11 -18 -12 -17 -12 -17 -12 -16 -12 -14 -11 -12 -10 -10 -10 0 0 0 0 0 0 0 0 0 0 0 0 0 0 0 0 0 0 0 0 0 0 -21 -12 -20 -14 -21 -15 -20 -17 -19 -19 -18 -22 -17 -23 -16 -24 -15 -25 -14 -26 -14 -27 -13 -26 -13 -26 -14 -26 -14 -26 -15 -27 -15 -26 -15 -27 -16 -27 -18 -27 -18 -27 -19 -27 -19 -27 -21 -28 -21 -29 -20 -29]
,,,-80,0,0,0,0,0,0,0,0,0,0,-92,0,6,1726018795050,0,0,0,0,1726018795050,124,[-20 -14 -20 -14 -18 -13 -19 -12 -18 -11 -18 -10 -17 -8 -17 -8 -17 -6 -17 -5 -18 -5 -18 -3 -18 -3 -17 -3 -17 -3 -17 -2 -16 -3 -15 -3 -14 -3 -14 -3 -13 -4 -12 -3 -12 -4 -10 -3 -9 -4 0 0 0 0 0 0 0 0 0 0 0 0 0 0 0 0 0 0 0 0 0 0 -16 -4 -16 -5 -17 -6 -17 -8 -17 -9 -16 -11 -16 -12 -16 -13 -15 -14 -15 -14 -15 -15 -15 -15 -15 -15 -15 -15 -15 -15 -15 -15 -16 -15 -16 -14 -17 -14 -17 -14 -19 -14 -19 -14 -19 -14 -21 -14 -21 -14 -21 -14]
,,,-80,0,0,0,0,0,0,0,0,0,0,-92,0,6,1726018795074,0,0,0,0,1726018795074,124,[-18 -14 -18 -15 -16 -13 -17 -13 -16 -12 -16 -10 -16 -9 -16 -9 -16 -8 -16 -7 -17 -6 -16 -5 -17 -5 -16 -5 -16 -5 -16 -5 -15 -5 -14 -5 -13 -5 -13 -5 -12 -5 -11 -5 -11 -5 -9 -5 -8 -4 0 0 0 0 0 0 0 0 0 0 0 0 0 0 0 0 0 0 0 0 0 0 -15 -4 -15 -6 -15 -7 -15 -8 -15 -10 -15 -12 -14 -13 -14 -14 -13 -14 -13 -15 -12 -16 -12 -15 -13 -15 -13 -15 -13 -16 -13 -15 -14 -16 -14 -15 -15 -15 -15 -15 -17 -15 -17 -15 -17 -15 -19 -15 -18 -16 -19 -16]
,,,-80,0,0,0,0,0,0,0,0,0,0,-92,0,6,1726018795091,0,0,0,0,1726018795091,124,[11 -17 11 -18 13 10 -17 13 10 -17 9 -16 8 -16 7 -16 5 -16 4 -16 3 -17 3 -16 2 -16 2 -17 1 -16 2 -17 2 -16 2 -17 3 -16 3 -15 3 -14 4 -12 3 -11 4 -11 3 -10 4 -9 0 0 0 0 0 0 0 0 0 0 0 0 0 0 0 0 0 0 0 0 0 0 2 -15 4 -16 5 -15 6 -16 7 -15 9 -16 13 10 -15 11 -15 12 -15 12 -14 13 -15 13 -14 13 -14 13 -14 13 -14 13 -14 13 -15 13 -15 13 -16 13 -16 13 -16 13 -17 12 -17 13 -19 13]
,,,-80,0,0,0,0,0,0,0,0,0,0,-92,0,6,1726018795131,0,0,0,0,1726018795131,124,[-1 19 -1 18 -1 18 1 16 1 16 2 15 3 14 3 13 5 13 5 13 6 12 6 12 7 12 7 12 7 12 7 13 7 13 6 13 5 12 4 12 4 11 3 13 10 2 13 10 1 13 10 0 9 0 0 0 0 0 0 0 0 0 0 0 0 0 0 0 0 0 0 0 0 0 0 4 15 2 16 1 16 0 17 -1 17 -2 18 -3 19 -5 18 -5 18 -6 18 -6 18 -6 18 -5 17 -5 17 -5 18 -5 18 -5 18 -4 18 -4 19 -3 19 -3 19 -2 19 -2 20 -2 20 -2]
,,,-80,0,0,0,0,0,0,0,0,0,0,-92,0,6,1726018795142,0,0,0,0,1726018795142,124,[22 7 22 7 20 6 20 6 20 5 19 3 18 2 17 0 17 -1 17 -2 17 -3 17 -3 17 -3 17 -4 18 -4 19 -3 18 -3 17 -3 16 -2 16 -1 15 0 14 1 13 1 12 2 13 10 2 0 0 0 0 0 0 0 0 0 0 0 0 0 0 0 0 0 0 0 0 0 0 19 -1 20 1 21 3 21 4 22 6 22 8 21 9 21 9 20 11 21 12 20 12 20 12 20 11 20 11 20 11 20 11 20 13 10 21 11 21 13 10 22 9 23 8 24 9 23 8 23 8 24]
,,,-80,0,0,0,0,0,0,0,0,0,0,-92,0,6,1726018795155,0,0,0,0,1726018795155,124,[16 7 16 7 15 6 15 5 14 4 14 4 14 3 13 2 13 1 14 0 14 -1 14 -1 14 -1 14 -1 15 -2 14 -2 15 0 14 0 13 0 13 1 12 1 11 1 13 10 2 9 2 8 3 0 0 0 0 0 0 0 0 0 0 0 0 0 0 0 0 0 0 0 0 0 0 17 3 17 5 16 5 16 7 16 8 16 13 10 15 11 15 11 14 12 14 12 14 12 14 12 13 11 13 11 14 11 14 11 14 11 14 13 10 15 13 10 15 13 10 15 13 10 16 9 16 9]
,,,-80,0,0,0,0,0,0,0,0,0,0,-92,0,6,1726018795172,0,0,0,0,1726018795172,124,[-8 14 -7 14 -6 13 -6 13 -5 13 -4 13 -3 12 -2 12 -1 12 0 12 0 13 1 12 1 13 2 13 2 14 1 13 1 14 1 13 0 12 0 12 -1 11 -1 13 10 -1 13 10 -1 13 10 -2 9 0 0 0 0 0 0 0 0 0 0 0 0 0 0 0 0 0 0 0 0 0 0 -4 16 -6 16 -7 15 -9 16 -10 15 -11 15 -12 15 -12 14 -13 13 -13 13 -13 13 -13 12 -12 12 -12 12 -12 12 -12 12 -11 13 -11 12 -11 13 -10 14 -10 13 -10 14 -9 14 -10 15 -9]
,,,-80,0,0,0,0,0,0,0,0,0,0,-92,0,6,1726018795190,0,0,0,0,1726018795190,124,[3 -19 2 -18 1 -17 0 -16 0 -16 -2 -15 -2 -15 -4 -15 -5 -14 -6 -14 -7 -14 -8 -13 -8 -14 -9 -14 -9 -14 -9 -14 -9 -15 -8 -14 -7 -14 -7 -14 -6 -13 -5 -12 -4 -12 -4 -11 -3 -11 0 0 0 0 0 0 0 0 0 0 0 0 0 0 0 0 0 0 0 0 0 0 -2 -20 0 -21 1 -21 2 -21 4 -21 5 -22 6 -22 7 -21 9 -20 9 -19 9 -20 9 -19 9 -18 9 -18 8 -18 7 -18 7 -18 7 -19 6 -19 6 -19 5 -19 5 -19 4 -19 5 -20 4 -19 4 -20]
,,,-80,0,0,0,0,0,0,0,0,0,0,-92,0,6,1726018795210,0,0,0,0,1726018795210,124,[-15 -14 -15 -13 -15 -13 -15 -11 -15 -9 -15 -8 -15 -6 -15 -6 -15 -4 -16 -3 -17 -2 -17 -1 -18 0 -17 0 -18 0 -18 1 -18 0 -17 -1 -17 -1 -16 -2 -15 -2 -15 -2 -14 -2 -12 -2 -10 -2 0 0 0 0 0 0 0 0 0 0 0 0 0 0 0 0 0 0 0 0 0 0 -18 -10 -17 -12 -17 -13 -17 -15 -16 -16 -15 -18 -14 -18 -13 -19 -12 -19 -12 -20 -12 -20 -10 -19 -12 -19 -11 -19 -11 -19 -11 -19 -12 -18 -11 -18 -13 -18 -13 -17 -14 -17 -14 -17 -14 -17 -15 -16 -16 -16 -14 -16]
,,,-80,0,0,0,0,0,0,0,0,0,0,-92,0,6,1726018795232,0,0,0,0,1726018795232,124,[-15 -29 -15 -28 -14 -26 -16 -24 -16 -22 -17 -21 -17 -18 -18 -17 -20 -16 -21 -15 -22 -13 -23 -12 -24 -12 -24 -11 -25 -12 -24 -11 -24 -12 -23 -13 -21 -13 -20 -13 -19 -12 -17 -12 -16 -12 -13 -12 -11 -11 0 0 0 0 0 0 0 0 0 0 0 0 0 0 0 0 0 0 0 0 0 0 -21 -18 -19 -20 -18 -21 -17 -24 -16 -24 -14 -28 -13 -28 -11 -29 -9 -29 -9 -30 -8 -30 -8 -29 -9 -29 -8 -29 -8 -29 -9 -30 -9 -29 -9 -30 -11 -30 -11 -30 -12 -30 -13 -29 -13 -30 -14 -31 -14 -31 -14 -31]
,,,-80,0,0,0,0,0,0,0,0,0,0,-92,0,6,1726018795251,0,0,0,0,1726018795251,124,[0 24 0 23 1 23 1 21 2 20 3 19 4 18 5 17 7 17 8 16 8 15 9 15 9 14 13 10 16 11 15 11 16 9 15 9 15 8 15 7 14 5 13 5 13 3 12 2 11 1 13 10 0 0 0 0 0 0 0 0 0 0 0 0 0 0 0 0 0 0 0 0 0 0 8 17 7 17 5 19 4 18 2 20 1 21 -1 22 -2 22 -3 22 -4 22 -4 22 -4 21 -4 21 -4 21 -4 20 -4 23 -3 22 -3 23 -2 22 -2 23 -2 23 -1 24 -1 24 -1 25 -1 25]
,,,-80,0,0,0,0,0,0,0,0,0,0,-92,0,6,1726018795272,0,0,0,0,1726018795272,124,[-33 -3 -32 -2 -31 -2 -30 -1 -29 0 -27 1 -25 3 -24 3 -22 4 -22 6 -23 7 -22 8 -21 9 -20 9 -20 9 -21 9 -20 8 -18 7 -18 6 -17 6 -17 4 -16 3 -15 2 -12 2 -11 1 0 0 0 0 0 0 0 0 0 0 0 0 0 0 0 0 0 0 0 0 0 0 -27 8 -29 5 -30 3 -31 1 -31 -1 -32 -3 -32 -5 -32 -7 -31 -7 -31 -9 -31 -10 -30 -8 -30 -9 -30 -10 -31 -9 -30 -8 -30 -8 -31 -8 -32 -7 -32 -7 -33 -6 -33 -5 -33 -5 -35 -4 -34 -4 -33 -3]
,,,-80,0,0,0,0,0,0,0,0,0,0,-92,0,6,1726018795294,0,0,0,0,1726018795294,124,[18 9 18 9 18 8 17 8 17 7 16 6 16 4 15 3 14 2 14 2 14 0 14 0 14 0 14 -1 14 -1 14 -1 13 0 12 -1 11 -1 13 10 1 13 10 0 9 1 8 2 6 2 5 1 0 0 0 0 0 0 0 0 0 0 0 0 0 0 0 0 0 0 0 0 0 0 19 5 19 6 18 7 19 9 19 13 10 19 12 18 13 17 13 17 14 16 15 16 16 15 15 16 15 16 15 16 14 16 14 17 14 16 13 18 13 18 12 18 12 18 11 18 12 20 12 20]
,,,-80,0,0,0,0,0,0,0,0,0,0,-92,0,6,1726018795327,0,0,0,0,1726018795327,124,[5 20 5 20 5 19 6 17 6 16 7 16 7 13 8 13 8 12 9 12 13 10 11 13 10 13 10 11 13 10 11 11 12 13 10 11 11 13 10 11 13 10 11 9 13 10 7 13 10 6 9 6 9 5 9 3 9 2 8 0 0 0 0 0 0 0 0 0 0 0 0 0 0 0 0 0 0 0 0 0 0 9 17 8 18 7 18 6 19 6 20 4 22 3 23 3 22 1 23 1 22 0 23 1 22 1 22 1 22 2 22 1 22 1 22 1 22 2 22 3 22 3 22 4]
,,,-80,0,0,0,0,0,0,0,0,0,0,-92,0,6,1726018795339,0,0,0,0,1726018795339,124,[-2 18 -2 19 -1 18 -1 17 0 16 1 15 2 14 3 13 3 13 4 13 4 13 5 12 5 12 6 13 6 13 5 12 5 13 5 13 4 12 3 12 2 13 10 1 9 0 9 -1 9 -1 8 0 0 0 0 0 0 0 0 0 0 0 0 0 0 0 0 0 0 0 0 0 0 2 17 1 19 0 18 -1 19 -2 18 -4 20 -4 20 -5 20 -6 20 -7 19 -7 20 -7 19 -7 18 -7 18 -7 19 -6 19 -6 20 -6 19 -5 20 -4 20 -4 19 -4 20 -4 20 -4 20 -4 20 -3]
,,,-80,0,0,0,0,0,0,0,0,0,0,-92,0,6,1726018795367,0,0,0,0,1726018795367,124,[17 0 17 0 16 -1 15 -1 14 -2 13 -3 13 -4 11 -5 11 -6 11 -7 11 -7 11 -8 11 -8 11 -8 11 -9 12 -9 11 -8 11 -8 11 -7 13 10 -6 13 10 -6 13 10 -5 13 10 -4 9 -3 8 -3 0 0 0 0 0 0 0 0 0 0 0 0 0 0 0 0 0 0 0 0 0 0 18 -3 18 -1 19 -1 19 1 19 1 20 3 20 4 19 5 19 5 19 6 19 6 18 6 18 5 17 5 18 5 18 5 18 4 18 5 19 4 19 3 18 3 19 2 18 2 20 2]
,,,-80,0,0,0,0,0,0,0,0,0,0,-92,0,6,1726018795379,0,0,0,0,1726018795379,124,[14 -13 14 -13 12 -12 12 -12 11 -12 13 10 -12 8 -12 7 -13 5 -13 5 -14 4 -14 3 -14 3 -15 3 -15 3 -16 4 -15 3 -16 4 -15 4 -14 4 -14 5 -12 5 -11 5 -11 5 -10 5 -9 0 0 0 0 0 0 0 0 0 0 0 0 0 0 0 0 0 0 0 0 0 0 12 -17 14 -17 15 -15 17 -15 17 -13 19 -14 19 -12 19 -12 20 -10 19 -10 20 -10 19 -10 19 -10 19 -10 19 -10 18 -10 19 -10 17 -10 19 -11 18 -11 18 -11 18 -12 16 -12 17 -13 17 -13 16]
,,,-80,0,0,0,0,0,0,0,0,0,0,-92,0,6,1726018795391,0,0,0,0,1726018795391,124,[6 -15 6 -15 5 -15 5 -14 4 -14 3 -13 2 -13 0 -12 -1 -12 -2 -13 -2 -12 -3 -12 -4 -12 -4 -12 -4 -13 -3 -12 -4 -13 -4 -13 -3 -12 -3 -11 -2 -11 -2 -10 -1 -10 -1 -10 0 -9 0 0 0 0 0 0 0 0 0 0 0 0 0 0 0 0 0 0 0 0 0 0 3 -19 4 -19 6 -18 7 -19 8 -18 13 10 -19 13 10 -18 13 10 -18 12 -16 12 -16 12 -16 12 -16 11 -15 11 -15 11 -15 13 10 -15 13 10 -15 13 10 -15 13 10 -16 13 10 -15 9 -16 9 -16]
,,,-80,0,0,0,0,0,0,0,0,0,0,-92,0,6,1726018795409,0,0,0,0,1726018795409,124,[24 13 23 13 23 12 22 13 10 22 9 21 6 20 5 19 3 19 1 19 0 19 -2 20 -3 19 -4 20 -5 19 -5 21 -5 19 -4 18 -5 17 -4 17 -3 17 -3 17 -3 16 -1 13 -1 11 0 0 0 0 0 0 0 0 0 0 0 0 0 0 0 0 0 0 0 0 0 0 0 33 9 31 11 32 13 31 15 31 17 29 20 29 21 28 22 25 22 25 25 24 24 23 24 23 24 23 23 22 22 23 22 23 21 23 22 24 20 24 19 25 19 25 18 25 18 26 17 26 17 25]
,,,-80,0,0,0,0,0,0,0,0,0,0,-92,0,6,1726018795433,0,0,0,0,1726018795433,124,[7 15 8 15 8 14 8 13 9 12 8 11 9 13 10 9 9 13 10 8 13 10 7 11 6 11 5 11 5 12 5 12 5 12 5 12 5 11 5 11 5 13 10 5 9 4 9 4 8 4 7 4 6 4 0 0 0 0 0 0 0 0 0 0 0 0 0 0 0 0 0 0 0 0 0 0 13 14 12 15 11 16 13 10 17 9 18 8 19 7 20 6 20 5 20 4 20 4 21 4 20 4 19 4 19 4 19 4 19 4 19 4 19 5 18 5 18 6 18 6 18 6 18 7]
,,,-80,0,0,0,0,0,0,0,0,0,0,-92,0,6,1726018795450,0,0,0,0,1726018795450,124,[13 10 -20 9 -20 7 -19 7 -19 6 -18 5 -18 4 -17 2 -17 0 -16 -2 -17 -1 -17 -3 -17 -3 -17 -4 -17 -4 -18 -3 -17 -4 -17 -3 -17 -3 -16 -2 -16 -1 -14 -1 -13 -1 -13 0 -12 0 -11 0 0 0 0 0 0 0 0 0 0 0 0 0 0 0 0 0 0 0 0 0 0 3 -23 5 -22 6 -22 8 -22 9 -21 11 -22 13 -21 14 -21 15 -20 14 -19 15 -19 15 -20 15 -19 14 -18 15 -18 15 -18 15 -18 14 -18 14 -19 14 -19 13 -19 13 -19 12 -20 12 -21 11 -21 11]
,,,-80,0,0,0,0,0,0,0,0,0,0,-92,0,6,1726018795470,0,0,0,0,1726018795470,124,[-25 -1 -24 -1 -22 0 -22 0 -21 2 -20 3 -18 4 -18 6 -17 7 -17 8 -17 8 -17 9 -17 13 10 -16 11 -16 12 -17 13 10 -17 11 -16 13 10 -15 9 -16 8 -16 7 -15 5 -14 4 -12 4 -12 3 0 0 0 0 0 0 0 0 0 0 0 0 0 0 0 0 0 0 0 0 0 0 -21 6 -23 4 -23 2 -24 1 -23 -1 -25 -2 -25 -3 -25 -3 -25 -5 -25 -7 -25 -7 -24 -7 -24 -7 -24 -8 -25 -7 -24 -7 -25 -7 -24 -7 -25 -6 -25 -5 -25 -4 -25 -4 -25 -4 -26 -4 -26]
,,,-80,0,0,0,0,0,0,0,0,0,0,-92,0,6,1726018795490,0,0,0,0,1726018795490,124,[-22 -9 -22 -9 -20 -8 -21 -7 -20 -5 -20 -4 -19 -2 -19 -2 -19 -1 -19 1 -20 1 -20 2 -20 3 -20 3 -20 3 -21 3 -20 2 -19 2 -18 1 -18 1 -17 0 -17 -1 -15 -2 -14 -2 -13 -2 0 0 0 0 0 0 0 0 0 0 0 0 0 0 0 0 0 0 0 0 0 0 -20 -2 -20 -3 -21 -5 -21 -6 -21 -7 -21 -9 -21 -10 -20 -11 -20 -12 -20 -13 -20 -14 -20 -13 -20 -13 -19 -14 -18 -14 -20 -14 -20 -13 -20 -14 -21 -13 -21 -12 -22 -12 -22 -11 -21 -11 -23 -11 -23 -11 -23 -11]
,,,-80,0,0,0,0,0,0,0,0,0,0,-92,0,6,1726018795511,0,0,0,0,1726018795511,124,[-20 13 10 -20 13 10 -18 11 -18 11 -16 11 -15 11 -14 11 -13 12 -12 13 -11 14 -11 14 -11 15 -11 15 -10 16 -10 16 -11 15 -10 15 -10 14 -10 13 -11 13 -11 11 -11 9 -11 9 -10 9 -10 7 0 0 0 0 0 0 0 0 0 0 0 0 0 0 0 0 0 0 0 0 0 0 -11 13 -13 13 -14 12 -15 12 -16 11 -18 13 10 -18 13 10 -19 9 -19 8 -20 7 -20 7 -20 7 -20 6 -20 6 -21 6 -21 7 -21 7 -20 7 -21 8 -21 8 -21 9 -20 9 -21 9 -21 13]
,,,-80,0,0,0,0,0,0,0,0,0,0,-92,0,6,1726018795531,0,0,0,0,1726018795531,124,[17 5 17 5 16 4 17 3 16 3 15 2 15 1 14 0 14 -1 15 -2 14 -2 14 -3 15 -3 14 -3 15 -3 15 -3 15 -3 14 -2 13 -2 13 -1 12 -1 12 -1 12 0 13 10 0 9 1 0 0 0 0 0 0 0 0 0 0 0 0 0 0 0 0 0 0 0 0 0 0 14 -1 14 0 14 1 15 2 15 4 15 4 15 6 14 7 14 7 15 8 14 8 14 7 14 8 15 8 14 8 14 8 15 8 14 8 15 7 16 7 15 7 16 6 16 6 17 6 17 5 18]
,,,-80,0,0,0,0,0,0,0,0,0,0,-92,0,6,1726018795556,0,0,0,0,1726018795556,124,[16 25 16 26 16 25 17 23 18 21 17 19 19 17 19 17 19 16 20 15 21 14 22 13 23 13 23 12 24 13 23 13 23 14 21 14 20 14 20 13 18 13 16 13 15 14 12 14 13 10 14 0 0 0 0 0 0 0 0 0 0 0 0 0 0 0 0 0 0 0 0 0 0 19 17 19 20 18 20 16 22 15 24 13 27 13 27 11 28 13 10 28 9 28 7 30 7 29 8 28 7 28 8 28 9 28 8 28 8 28 11 28 11 27 13 27 14 27 13 27 14 28 15 27]
,,,-80,0,0,0,0,0,0,0,0,0,0,-92,0,6,1726018795576,0,0,0,0,1726018795576,124,[-9 -22 -8 -21 -8 -21 -8 -20 -9 -19 -10 -17 -10 -16 -11 -16 -12 -15 -14 -14 -14 -13 -15 -13 -15 -13 -15 -13 -16 -13 -16 -13 -15 -14 -15 -14 -13 -14 -13 -14 -11 -13 -11 -12 -10 -12 -9 -13 -7 -12 0 0 0 0 0 0 0 0 0 0 0 0 0 0 0 0 0 0 0 0 0 0 -11 -18 -10 -20 -8 -19 -7 -21 -6 -22 -4 -22 -3 -23 -2 -23 -1 -23 0 -23 -1 -23 0 -23 0 -22 0 -22 0 -22 -1 -23 -1 -23 -1 -22 -2 -22 -3 -23 -3 -22 -5 -23 -5 -23 -6 -23 -7 -23 -7 -24]
,,,-80,0,0,0,0,0,0,0,0,0,0,-92,0,6,1726018795591,0,0,0,0,1726018795591,124,[-14 -19 -14 -17 -13 -17 -13 -16 -14 -14 -14 -13 -15 -12 -15 -11 -16 -9 -17 -9 -17 -8 -18 -8 -18 -6 -19 -7 -19 -6 -19 -7 -19 -8 -18 -7 -17 -8 -16 -8 -15 -8 -14 -8 -13 -9 -11 -9 -10 -9 0 0 0 0 0 0 0 0 0 0 0 0 0 0 0 0 0 0 0 0 0 0 -15 -13 -13 -15 -14 -15 -12 -17 -12 -18 -10 -20 -10 -20 -9 -20 -8 -20 -8 -21 -6 -22 -7 -21 -7 -21 -7 -21 -7 -21 -8 -21 -8 -19 -8 -20 -8 -21 -10 -19 -10 -19 -11 -20 -12 -20 -12 -21 -12 -20 -13 -19]
,,,-80,0,0,0,0,0,0,0,0,0,0,-92,0,6,1726018795642,0,0,0,0,1726018795642,124,[-34 -10 -35 -9 -32 -8 -33 -8 -31 -6 -30 -4 -29 -2 -27 -1 -27 0 -28 2 -28 3 -28 4 -28 6 -28 5 -28 6 -29 4 -28 4 -27 3 -25 1 -24 0 -23 -2 -21 -3 -20 -4 -17 -4 -15 -5 0 0 0 0 0 0 0 0 0 0 0 0 0 0 0 0 0 0 0 0 0 0 -23 5 -25 2 -25 0 -27 -1 -27 -3 -29 -6 -28 -7 -28 -9 -27 -10 -28 -11 -28 -13 -28 -13 -28 -14 -28 -14 -28 -13 -28 -13 -29 -13 -29 -13 -31 -13 -31 -12 -32 -11 -32 -10 -33 -11 -35 -10 -35 -10 -35 -10]
,,,-80,0,0,0,0,0,0,0,0,0,0,-92,0,6,1726018795654,0,0,0,0,1726018795654,124,[4 20 4 20 4 19 4 19 5 17 6 16 6 15 7 15 7 14 9 14 9 13 9 13 13 10 13 13 10 13 11 14 9 13 9 14 8 13 7 13 7 13 5 11 4 11 3 11 2 13 10 1 9 0 0 0 0 0 0 0 0 0 0 0 0 0 0 0 0 0 0 0 0 0 0 8 13 10 7 12 6 12 6 13 5 13 4 15 3 16 3 16 1 17 1 17 0 18 0 18 0 17 0 17 0 17 0 18 0 18 0 18 1 19 1 18 2 18 3 18 3 19 4 20]
,,,-80,0,0,0,0,0,0,0,0,0,0,-92,0,6,1726018795666,0,0,0,0,1726018795666,124,[35 5 36 5 32 4 33 3 32 1 31 0 29 -1 27 -3 27 -5 27 -6 27 -7 26 -8 28 -10 26 -9 27 -10 27 -9 27 -8 25 -8 24 -5 23 -4 22 -3 21 -1 19 0 16 1 14 1 0 0 0 0 0 0 0 0 0 0 0 0 0 0 0 0 0 0 0 0 0 0 21 -7 23 -5 24 -3 26 -2 26 0 28 3 27 4 27 6 27 7 27 9 27 13 10 27 13 10 28 13 10 28 13 10 29 13 10 27 9 29 13 10 29 9 31 9 31 7 32 6 33 7 33 6]
,,,-80,0,0,0,0,0,0,0,0,0,0,-92,0,6,1726018795677,0,0,0,0,1726018795677,124,[15 14 15 14 15 13 15 12 15 12 15 11 14 13 10 14 8 14 7 15 6 15 5 16 5 15 5 15 5 16 5 15 5 15 6 14 6 13 6 12 7 11 6 13 10 6 9 6 7 6 6 5 0 0 0 0 0 0 0 0 0 0 0 0 0 0 0 0 0 0 0 0 0 0 12 2 12 4 12 4 12 5 12 7 12 9 11 13 10 11 11 11 12 11 12 11 12 11 12 11 12 11 12 11 12 11 13 11 13 11 13 13 14 12 14 13 14 14 13 15 13 15 14 17]
,,,-80,0,0,0,0,0,0,0,0,0,0,-92,0,6,1726018795700,0,0,0,0,1726018795700,124,[-10 20 -10 20 -9 19 -9 19 -8 18 -7 18 -6 16 -4 16 -3 16 -1 16 -2 16 0 16 0 16 1 16 2 16 1 16 0 16 0 15 0 15 -1 14 -1 12 -2 11 -3 11 -3 13 10 -3 9 0 0 0 0 0 0 0 0 0 0 0 0 0 0 0 0 0 0 0 0 0 0 0 14 -1 14 -3 14 -4 15 -5 15 -7 16 -8 16 -9 16 -10 15 -11 14 -12 15 -11 14 -11 14 -11 13 -11 14 -11 15 -10 16 -11 16 -11 18 -11 18 -10 18 -10 18 -10 20 -10 21 -10 21 -10]
,,,-80,0,0,0,0,0,0,0,0,0,0,-92,0,6,1726018795722,0,0,0,0,1726018795722,124,[26 4 25 3 25 3 24 3 23 2 22 1 22 0 19 -1 19 -2 19 -3 20 -3 19 -4 19 -5 18 -6 18 -6 19 -5 19 -5 18 -4 17 -4 17 -2 16 -1 15 0 15 1 13 1 12 2 0 0 0 0 0 0 0 0 0 0 0 0 0 0 0 0 0 0 0 0 0 0 14 -5 16 -3 17 -2 17 -1 17 1 18 2 19 3 18 5 18 5 19 7 18 7 18 7 18 8 19 7 19 7 19 6 19 6 20 6 21 6 22 6 22 4 23 4 23 4 25 4 25 4 25 3]
,,,-80,0,0,0,0,0,0,0,0,0,0,-92,0,6,1726018795752,0,0,0,0,1726018795752,124,[9 -22 13 10 -23 13 10 -22 9 -22 8 -22 7 -22 6 -21 4 -20 3 -20 2 -20 2 -21 1 -20 1 -21 0 -20 0 -21 1 -21 1 -21 2 -20 2 -19 3 -19 4 -17 5 -16 6 -15 5 -13 6 -12 0 0 0 0 0 0 0 0 0 0 0 0 0 0 0 0 0 0 0 0 0 0 1 -16 4 -18 5 -17 7 -17 7 -17 9 -18 11 -18 12 -17 13 -17 13 -16 13 -16 14 -15 15 -15 14 -15 14 -15 13 -15 13 -16 12 -16 13 -18 12 -18 12 -19 11 -20 11 -20 11 -22 11 -22]
,,,-80,0,0,0,0,0,0,0,0,0,0,-92,0,6,1726018795764,0,0,0,0,1726018795764,124,[-20 -11 -20 -10 -20 -9 -20 -9 -20 -8 -19 -7 -19 -7 -18 -6 -18 -5 -18 -4 -19 -3 -18 -2 -19 -2 -19 -1 -19 -1 -19 -2 -18 -2 -18 -3 -17 -4 -17 -4 -16 -5 -15 -5 -14 -6 -12 -6 -10 -7 0 0 0 0 0 0 0 0 0 0 0 0 0 0 0 0 0 0 0 0 0 0 -15 -4 -15 -5 -15 -5 -16 -7 -16 -8 -15 -10 -15 -12 -15 -12 -14 -12 -14 -13 -13 -14 -13 -14 -13 -14 -13 -14 -13 -13 -14 -13 -14 -13 -15 -13 -16 -12 -16 -11 -17 -11 -17 -11 -18 -11 -19 -11 -20 -11 -20 -11]
,,,-80,0,0,0,0,0,0,0,0,0,0,-92,0,6,1726018795777,0,0,0,0,1726018795777,124,[2 -22 2 -22 1 -21 2 -21 1 -20 0 -20 -1 -19 -2 -19 -4 -17 -5 -18 -5 -17 -6 -17 -6 -17 -6 -17 -7 -18 -6 -16 -6 -17 -6 -17 -5 -16 -4 -15 -3 -14 -2 -13 -2 -13 -1 -12 0 -12 0 0 0 0 0 0 0 0 0 0 0 0 0 0 0 0 0 0 0 0 0 0 -4 -17 -2 -18 0 -18 1 -19 2 -18 4 -19 5 -19 6 -19 7 -18 8 -18 8 -18 8 -17 8 -17 8 -17 7 -17 7 -17 7 -18 6 -18 5 -19 5 -19 4 -19 4 -20 3 -21 3 -22 2 -23 2 -24]
,,,-80,0,0,0,0,0,0,0,0,0,0,-92,0,6,1726018795791,0,0,0,0,1726018795791,124,[-12 -19 -12 -20 -11 -19 -11 -18 -12 -17 -12 -15 -11 -14 -12 -14 -13 -12 -13 -12 -14 -11 -15 -10 -15 -10 -14 -10 -15 -10 -14 -9 -14 -10 -13 -10 -12 -10 -12 -10 -11 -10 -10 -9 -9 -9 -7 -9 -7 -9 0 0 0 0 0 0 0 0 0 0 0 0 0 0 0 0 0 0 0 0 0 0 -13 -12 -13 -14 -12 -14 -11 -15 -10 -16 -9 -18 -8 -19 -7 -19 -6 -20 -6 -19 -5 -20 -5 -19 -5 -19 -5 -19 -5 -19 -5 -19 -6 -19 -6 -19 -7 -19 -8 -18 -9 -18 -9 -19 -10 -18 -11 -19 -12 -20 -12 -21]
,,,-80,0,0,0,0,0,0,0,0,0,0,-92,0,6,1726018795818,0,0,0,0,1726018795818,124,[-16 -14 -16 -14 -15 -13 -16 -13 -15 -12 -15 -11 -15 -10 -15 -9 -14 -8 -15 -7 -15 -6 -15 -5 -16 -5 -16 -5 -16 -5 -16 -5 -16 -6 -15 -6 -14 -6 -13 -7 -12 -7 -11 -7 -10 -7 -8 -7 -7 -7 0 0 0 0 0 0 0 0 0 0 0 0 0 0 0 0 0 0 0 0 0 0 -14 -6 -14 -7 -14 -8 -14 -10 -14 -11 -13 -13 -13 -14 -11 -15 -11 -15 -10 -16 -10 -16 -9 -16 -9 -16 -9 -16 -9 -15 -10 -15 -10 -15 -10 -15 -11 -15 -12 -14 -13 -14 -13 -14 -14 -14 -15 -15 -15 -15 -16 -15]
,,,-80,0,0,0,0,0,0,0,0,0,0,-92,0,6,1726018795831,0,0,0,0,1726018795831,124,[4 -24 4 -23 3 -23 3 -23 2 -22 1 -21 0 -21 -2 -20 -3 -20 -5 -19 -5 -18 -6 -18 -6 -18 -6 -19 -7 -19 -6 -18 -6 -19 -6 -18 -4 -18 -3 -17 -2 -16 -2 -15 -1 -14 0 -13 1 -12 0 0 0 0 0 0 0 0 0 0 0 0 0 0 0 0 0 0 0 0 0 0 -3 -17 -1 -17 0 -18 1 -18 3 -18 5 -19 7 -19 8 -19 9 -18 13 10 -17 13 10 -18 13 10 -17 13 10 -17 9 -17 13 10 -16 9 -17 8 -17 8 -18 9 -19 7 -19 6 -21 7 -20 6 -22 5]
,,,-80,0,0,0,0,0,0,0,0,0,0,-92,0,6,1726018795853,0,0,0,0,1726018795853,124,[7 -19 7 -20 7 -19 7 -19 6 -18 5 -18 4 -17 3 -17 1 -17 0 -17 0 -17 -1 -17 -2 -17 -2 -17 -3 -17 -2 -17 -2 -17 -2 -17 -1 -16 -1 -16 0 -15 1 -14 2 -13 2 -12 4 -11 0 0 0 0 0 0 0 0 0 0 0 0 0 0 0 0 0 0 0 0 0 0 -1 -14 1 -14 2 -14 3 -15 5 -14 7 -15 8 -15 9 -14 13 10 -14 11 -12 11 -13 11 -12 11 -11 12 -11 12 -12 13 10 -12 13 10 -12 13 10 -13 13 10 -13 13 10 -14 13 10 -14 13 10 -16]
,,,-80,0,0,0,0,0,0,0,0,0,0,-92,0,6,1726018795871,0,0,0,0,1726018795871,124,[-15 16 -15 16 -14 16 -14 16 -13 16 -12 16 -11 15 -9 15 -8 15 -7 16 -7 15 -6 16 -5 16 -3 16 -3 17 -4 17 -4 17 -4 17 -4 16 -5 16 -6 14 -6 14 -7 13 -7 12 -8 11 0 0 0 0 0 0 0 0 0 0 0 0 0 0 0 0 0 0 0 0 0 0 -3 13 -4 13 -6 13 -8 12 -9 12 -10 12 -12 12 -13 11 -13 13 10 -15 9 -15 9 -15 8 -15 7 -14 7 -14 7 -14 8 -14 8 -14 9 -14 13 10 -15 11 -15 11 -15 12 -15 13 -15 14 -15 15]
,,,-80,0,0,0,0,0,0,0,0,0,0,-92,0,6,1726018795892,0,0,0,0,1726018795892,124,[4 -20 4 -20 4 -20 4 -20 4 -18 3 -18 2 -17 0 -17 -1 -17 -2 -17 -2 -16 -3 -15 -4 -16 -5 -16 -5 -16 -5 -15 -6 -16 -5 -16 -5 -16 -4 -16 -4 -15 -3 -15 -2 -15 -1 -14 1 -14 0 0 0 0 0 0 0 0 0 0 0 0 0 0 0 0 0 0 0 0 0 0 -3 -13 -2 -14 -1 -14 0 -14 2 -14 3 -16 4 -15 5 -15 6 -14 7 -14 7 -14 7 -13 7 -13 7 -13 7 -12 6 -14 6 -14 6 -14 6 -15 6 -15 6 -16 5 -17 5 -18 5 -19 5 -19 5 -21]
,,,-80,0,0,0,0,0,0,0,0,0,0,-92,0,6,1726018795910,0,0,0,0,1726018795910,124,[-26 -22 -26 -22 -24 -21 -25 -21 -24 -19 -24 -17 -24 -15 -23 -14 -22 -12 -23 -10 -24 -9 -24 -8 -25 -7 -24 -6 -25 -5 -25 -5 -25 -5 -24 -5 -23 -6 -23 -7 -22 -8 -21 -8 -21 -10 -18 -11 -16 -13 0 0 0 0 0 0 0 0 0 0 0 0 0 0 0 0 0 0 0 0 0 0 -25 -10 -25 -13 -24 -14 -24 -16 -23 -17 -22 -20 -21 -21 -19 -22 -18 -22 -18 -23 -17 -23 -16 -23 -17 -23 -17 -22 -16 -22 -17 -22 -17 -21 -18 -21 -20 -22 -20 -22 -22 -21 -22 -21 -23 -22 -25 -21 -25 -21 -26 -22]
,,,-80,0,0,0,0,0,0,0,0,0,0,-92,0,6,1726018795943,0,0,0,0,1726018795943,124,[-25 18 -24 18 -22 17 -21 17 -21 16 -18 16 -16 16 -15 17 -12 17 -11 18 -11 17 -10 18 -9 18 -8 18 -8 19 -9 17 -8 18 -9 16 -9 15 -10 14 -11 12 -10 13 10 -11 9 -10 9 -11 7 0 0 0 0 0 0 0 0 0 0 0 0 0 0 0 0 0 0 0 0 0 0 -22 20 -25 19 -27 18 -29 17 -29 15 -31 14 -32 13 -32 11 -32 13 10 -31 9 -32 13 10 -31 9 -30 9 -29 9 -29 9 -28 9 -29 11 -27 12 -28 12 -27 12 -26 14 -26 14 -24 16 -26 17 -26]
,,,-80,0,0,0,0,0,0,0,0,0,0,-92,0,6,1726018795954,0,0,0,0,1726018795954,124,[19 -1 18 -1 17 -1 16 -2 16 -2 15 -2 14 -3 13 -4 13 -5 12 -6 12 -6 11 -6 11 -6 11 -7 13 10 -6 11 -7 11 -6 11 -5 13 10 -5 13 10 -4 9 -3 9 -3 9 -2 7 -1 7 0 0 0 0 0 0 0 0 0 0 0 0 0 0 0 0 0 0 0 0 0 0 0 18 -2 18 0 19 1 18 1 19 3 19 4 19 6 18 6 18 7 19 8 18 8 18 7 17 7 17 7 16 6 17 6 16 5 17 5 18 4 17 3 17 3 18 2 18 2 19 1 19]
,,,-80,0,0,0,0,0,0,0,0,0,0,-92,0,6,1726018795974,0,0,0,0,1726018795974,124,[21 -10 21 -10 20 -11 19 -10 18 -10 17 -11 16 -11 14 -12 14 -13 13 -14 13 -14 12 -14 11 -14 11 -14 11 -14 12 -14 11 -13 11 -12 11 -11 11 -11 12 -9 11 -8 11 -6 13 10 -6 9 -5 0 0 0 0 0 0 0 0 0 0 0 0 0 0 0 0 0 0 0 0 0 0 17 -12 19 -11 20 -10 21 -9 23 -8 23 -6 24 -4 24 -4 24 -2 24 -1 24 -1 23 -1 23 -1 23 -1 22 -1 22 -2 21 -3 22 -3 21 -4 22 -5 21 -6 22 -6 21 -8 22 -9 22 -9 22]
,,,-80,0,0,0,0,0,0,0,0,0,0,-92,0,6,1726018795994,0,0,0,0,1726018795994,124,[-6 -21 -6 -20 -6 -20 -7 -19 -7 -18 -7 -17 -8 -16 -8 -16 -9 -15 -10 -15 -10 -14 -10 -14 -11 -13 -11 -14 -11 -14 -10 -14 -10 -14 -9 -14 -8 -14 -7 -13 -7 -12 -5 -11 -5 -11 -3 -10 -2 -10 0 0 0 0 0 0 0 0 0 0 0 0 0 0 0 0 0 0 0 0 0 0 -8 -17 -6 -19 -5 -19 -4 -20 -3 -20 -1 -22 0 -22 2 -21 2 -21 3 -21 3 -22 3 -20 3 -20 3 -19 2 -19 1 -19 1 -19 0 -19 -1 -20 -2 -19 -2 -20 -3 -20 -3 -20 -4 -21 -5 -21 -5 -21]
,,,-80,0,0,0,0,0,0,0,0,0,0,-92,0,6,1726018796012,0,0,0,0,1726018796012,124,[7 19 7 19 7 18 7 17 7 17 7 16 8 14 8 14 9 13 13 10 12 13 10 12 13 10 11 13 10 11 13 10 11 11 11 13 10 11 13 10 11 9 11 7 11 7 13 10 6 9 5 9 4 8 3 8 2 7 0 0 0 0 0 0 0 0 0 0 0 0 0 0 0 0 0 0 0 0 0 0 9 15 7 17 6 17 5 18 4 18 3 20 1 20 0 21 -1 20 -1 20 -2 20 -2 19 -1 19 -1 18 -1 18 0 18 0 18 1 18 2 18 3 18 3 18 5 18]
,,,-80,0,0,0,0,0,0,0,0,0,0,-92,0,6,1726018796035,0,0,0,0,1726018796035,124,[15 13 15 13 14 12 14 11 14 11 13 13 10 13 9 13 8 12 7 13 5 13 5 12 4 12 4 12 4 12 3 13 3 12 4 11 3 13 10 4 9 4 9 4 8 4 7 4 5 3 4 3 0 0 0 0 0 0 0 0 0 0 0 0 0 0 0 0 0 0 0 0 0 0 14 6 14 8 14 9 14 13 10 14 12 13 14 12 15 13 10 15 13 10 16 13 10 16 9 16 9 16 9 16 9 15 9 15 13 10 15 13 10 14 13 10 14 11 14 12 13 12 13 13]
,,,-80,0,0,0,0,0,0,0,0,0,0,-92,0,6,1726018796050,0,0,0,0,1726018796050,124,[19 -10 19 -10 17 -10 18 -9 16 -9 15 -9 14 -10 12 -10 11 -10 11 -11 13 10 -11 9 -11 9 -11 8 -11 8 -12 8 -11 8 -11 8 -11 7 -9 7 -9 7 -7 7 -6 7 -6 6 -6 5 -5 0 0 0 0 0 0 0 0 0 0 0 0 0 0 0 0 0 0 0 0 0 0 12 -13 14 -12 15 -11 17 -11 18 -9 20 -8 20 -6 20 -6 20 -4 20 -4 21 -4 20 -4 20 -3 19 -3 20 -3 19 -4 19 -5 18 -5 19 -6 19 -6 19 -7 19 -8 18 -8 19 -9 19 -10 20]
,,,-80,0,0,0,0,0,0,0,0,0,0,-92,0,6,1726018796080,0,0,0,0,1726018796080,124,[3 -20 3 -20 2 -19 2 -19 1 -18 0 -18 -1 -17 -1 -17 -2 -16 -3 -15 -3 -15 -4 -14 -5 -14 -5 -14 -5 -15 -5 -13 -5 -14 -5 -13 -4 -13 -4 -12 -3 -11 -3 -10 -2 -9 -2 -9 -1 -8 0 0 0 0 0 0 0 0 0 0 0 0 0 0 0 0 0 0 0 0 0 0 -1 -19 0 -20 2 -20 3 -21 5 -20 7 -22 8 -21 9 -21 13 10 -20 11 -19 12 -19 11 -19 11 -18 11 -18 11 -18 13 10 -18 9 -19 9 -18 9 -19 7 -19 7 -19 7 -20 6 -20 6 -21 5 -21]
,,,-80,0,0,0,0,0,0,0,0,0,0,-92,0,6,1726018796092,0,0,0,0,1726018796092,124,[19 3 20 3 18 2 18 2 18 1 17 1 17 0 16 -1 15 -2 15 -3 15 -4 14 -4 14 -5 13 -5 13 -5 14 -5 13 -4 13 -4 12 -3 11 -3 11 -2 13 10 -2 13 10 -2 8 -2 7 -1 0 0 0 0 0 0 0 0 0 0 0 0 0 0 0 0 0 0 0 0 0 0 17 -2 18 0 18 1 19 2 19 4 19 6 19 7 19 8 18 13 10 18 13 10 18 13 10 18 13 10 17 13 10 17 13 10 17 13 10 16 9 17 9 16 8 17 7 18 7 18 6 19]
,,,-80,0,0,0,0,0,0,0,0,0,0,-92,0,6,1726018796111,0,0,0,0,1726018796111,124,[-11 -19 -12 -18 -11 -18 -11 -17 -12 -15 -12 -15 -12 -14 -12 -13 -13 -12 -13 -12 -13 -11 -13 -10 -14 -10 -13 -10 -14 -10 -14 -9 -13 -10 -12 -10 -11 -9 -10 -10 -10 -9 -9 -8 -8 -9 -6 -8 -6 -7 0 0 0 0 0 0 0 0 0 0 0 0 0 0 0 0 0 0 0 0 0 0 -12 -14 -11 -15 -11 -16 -10 -17 -9 -18 -8 -20 -7 -21 -6 -21 -5 -21 -4 -21 -3 -22 -3 -21 -4 -20 -3 -20 -4 -20 -5 -20 -5 -19 -5 -19 -7 -20 -8 -19 -8 -19 -9 -19 -9 -20 -10 -20 -10 -19 -10 -20]
,,,-80,0,0,0,0,0,0,0,0,0,0,-92,0,6,1726018796131,0,0,0,0,1726018796131,124,[1 -22 1 -23 1 -21 0 -21 0 -20 -1 -19 -2 -19 -3 -19 -4 -18 -4 -17 -5 -17 -5 -17 -6 -16 -6 -16 -6 -17 -5 -16 -5 -16 -5 -15 -4 -15 -3 -14 -2 -13 -2 -11 -1 -11 -1 -11 0 -10 0 0 0 0 0 0 0 0 0 0 0 0 0 0 0 0 0 0 0 0 0 0 -4 -19 -2 -20 0 -20 0 -21 2 -21 4 -22 5 -22 6 -22 7 -21 7 -20 8 -20 8 -20 8 -19 8 -19 8 -19 7 -19 6 -20 6 -19 5 -21 5 -21 4 -21 3 -22 3 -22 3 -23 3 -23 2 -24]
,,,-80,0,0,0,0,0,0,0,0,0,0,-92,0,6,1726018796155,0,0,0,0,1726018796155,124,[5 -24 5 -25 4 -24 3 -23 4 -22 3 -22 1 -21 0 -21 -1 -19 -3 -20 -3 -18 -4 -18 -4 -19 -4 -18 -5 -18 -4 -17 -4 -18 -3 -16 -2 -16 -2 -15 -1 -13 -1 -12 -1 -11 0 -11 0 -9 0 0 0 0 0 0 0 0 0 0 0 0 0 0 0 0 0 0 0 0 0 0 -1 -21 2 -23 3 -22 5 -23 6 -22 8 -24 13 10 -23 11 -23 13 -22 12 -21 12 -22 12 -21 11 -20 11 -20 12 -21 11 -20 13 10 -21 13 10 -21 13 10 -23 9 -22 8 -22 9 -23 7 -24 6 -25]
,,,-80,0,0,0,0,0,0,0,0,0,0,-92,0,6,1726018796174,0,0,0,0,1726018796174,124,[23 -10 23 -10 22 -10 21 -10 20 -11 19 -11 18 -11 16 -12 15 -12 15 -13 14 -13 14 -13 13 -13 12 -13 12 -13 13 -13 12 -12 11 -12 11 -11 13 10 -10 13 10 -8 13 10 -7 13 10 -6 8 -6 7 -5 0 0 0 0 0 0 0 0 0 0 0 0 0 0 0 0 0 0 0 0 0 0 14 -13 15 -12 17 -11 19 -10 20 -9 21 -8 22 -7 22 -6 23 -5 23 -3 23 -3 22 -3 23 -3 22 -3 22 -3 22 -4 22 -4 22 -5 23 -6 23 -7 22 -7 23 -8 23 -8 24 -9]
,,,-80,0,0,0,0,0,0,0,0,0,0,-92,0,6,1726018796221,0,0,0,0,1726018796221,124,[-14 -19 -15 -19 -13 -18 -14 -17 -13 -16 -14 -15 -13 -14 -14 -13 -14 -12 -15 -12 -14 -11 -15 -10 -15 -10 -14 -10 -15 -10 -14 -9 -14 -10 -13 -10 -12 -10 -11 -10 -10 -9 -9 -8 -9 -8 -8 -8 -7 -8 0 0 0 0 0 0 0 0 0 0 0 0 0 0 0 0 0 0 0 0 0 0 -14 -10 -13 -12 -13 -13 -13 -14 -12 -15 -12 -18 -11 -18 -10 -19 -9 -20 -9 -20 -8 -20 -8 -20 -8 -20 -8 -20 -8 -20 -8 -20 -9 -20 -9 -19 -10 -19 -11 -19 -12 -19 -12 -19 -12 -19 -14 -19 -14 -19 -15 -20]
,,,-80,0,0,0,0,0,0,0,0,0,0,-92,0,6,1726018796232,0,0,0,0,1726018796232,124,[-19 15 -19 15 -17 15 -18 14 -16 15 -16 14 -14 14 -13 14 -11 14 -11 15 -11 15 -11 14 -10 15 -9 14 -9 15 -9 14 -8 14 -9 13 -9 12 -9 12 -9 13 10 -9 8 -9 8 -8 8 -8 7 0 0 0 0 0 0 0 0 0 0 0 0 0 0 0 0 0 0 0 0 0 0 -8 14 -11 15 -12 14 -14 14 -15 13 -17 14 -17 12 -18 12 -19 11 -20 13 10 -20 13 10 -20 13 10 -20 9 -20 9 -20 13 10 -19 13 10 -20 13 10 -19 13 10 -20 11 -19 12 -19 13 -19 13]
,,,-80,0,0,0,0,0,0,0,0,0,0,-92,0,6,1726018796244,0,0,0,0,1726018796244,124,[6 24 6 24 6 23 6 22 6 21 6 20 7 19 7 18 8 17 9 17 8 15 9 15 9 15 13 10 15 13 10 15 9 14 9 15 8 14 8 13 7 13 6 11 5 13 10 4 13 10 3 13 10 2 9 0 0 0 0 0 0 0 0 0 0 0 0 0 0 0 0 0 0 0 0 0 0 9 15 8 17 7 17 6 18 5 19 4 21 3 22 2 22 1 23 0 22 -1 24 -1 22 -1 22 -1 21 -1 21 0 22 0 22 1 22 2 22 3 22 3 23 4 22 4 23 5]
,,,-80,0,0,0,0,0,0,0,0,0,0,-92,0,6,1726018796256,0,0,0,0,1726018796256,124,[13 15 13 15 13 14 13 13 12 12 12 12 12 11 12 13 10 12 9 12 9 12 8 12 7 12 7 12 7 12 7 12 7 11 7 13 10 7 9 7 8 7 8 6 7 6 7 6 6 5 5 5 0 0 0 0 0 0 0 0 0 0 0 0 0 0 0 0 0 0 0 0 0 0 12 6 12 8 12 8 12 9 11 13 10 12 12 11 13 11 14 9 15 9 14 9 15 8 15 9 15 9 14 9 14 9 15 9 14 9 14 13 10 14 11 14 11 14 12 14 12 14 13 14]
,,,-80,0,0,0,0,0,0,0,0,0,0,-92,0,6,1726018796282,0,0,0,0,1726018796282,124,[17 14 17 14 16 14 16 13 16 12 15 12 15 13 10 15 13 10 15 9 15 8 15 8 15 7 14 7 14 7 14 7 14 6 13 7 12 7 11 7 13 10 6 9 6 8 6 8 6 6 5 5 5 0 0 0 0 0 0 0 0 0 0 0 0 0 0 0 0 0 0 0 0 0 0 14 4 14 6 14 7 14 8 14 9 14 11 13 13 13 13 12 14 12 14 12 15 12 15 12 15 12 14 12 14 12 14 12 14 13 14 14 14 14 14 15 13 16 14 16 14 17 14 18]
,,,-80,0,0,0,0,0,0,0,0,0,0,-92,0,6,1726018796294,0,0,0,0,1726018796294,124,[-10 23 -10 23 -9 23 -9 22 -9 21 -8 20 -7 20 -6 20 -4 19 -4 19 -4 18 -3 18 -3 18 -2 18 -3 17 -3 16 -3 16 -3 15 -3 14 -4 14 -4 11 -4 11 -4 13 10 -4 9 -4 8 0 0 0 0 0 0 0 0 0 0 0 0 0 0 0 0 0 0 0 0 0 0 -1 16 -3 17 -4 17 -6 18 -7 18 -8 19 -10 18 -11 18 -12 18 -12 17 -13 18 -13 17 -13 17 -13 17 -12 17 -12 18 -12 18 -11 18 -11 19 -10 20 -10 20 -10 21 -10 22 -10 23 -10 23 -10]
,,,-80,0,0,0,0,0,0,0,0,0,0,-92,0,6,1726018796322,0,0,0,0,1726018796322,124,[20 3 21 3 19 2 20 2 19 1 18 1 18 0 16 -1 16 -1 16 -2 16 -2 16 -2 16 -3 15 -3 15 -3 15 -3 14 -2 13 -2 13 -2 12 -1 12 0 11 0 13 10 1 9 1 8 1 0 0 0 0 0 0 0 0 0 0 0 0 0 0 0 0 0 0 0 0 0 0 13 -2 14 -1 15 0 16 1 15 2 16 4 16 5 16 5 16 6 16 7 16 7 16 7 16 7 16 7 17 7 16 6 17 6 16 5 18 5 18 5 18 4 19 4 19 4 21 4 21 4 21]
,,,-80,0,0,0,0,0,0,0,0,0,0,-92,0,6,1726018796334,0,0,0,0,1726018796334,124,[20 -11 21 -11 20 -11 19 -11 18 -11 18 -11 16 -11 15 -12 14 -12 14 -13 14 -12 13 -12 13 -12 12 -13 12 -13 12 -12 12 -12 12 -11 11 -10 11 -10 11 -8 11 -6 11 -6 9 -5 9 -4 0 0 0 0 0 0 0 0 0 0 0 0 0 0 0 0 0 0 0 0 0 0 13 10 -12 12 -11 13 -11 15 -10 15 -9 17 -9 18 -8 18 -7 18 -7 19 -5 20 -5 19 -5 20 -5 19 -5 19 -5 19 -6 19 -7 19 -7 20 -8 20 -8 21 -8 20 -9 20 -10 21 -10 22 -10 21]
,,,-80,0,0,0,0,0,0,0,0,0,0,-92,0,6,1726018796355,0,0,0,0,1726018796355,124,[-16 -14 -16 -14 -15 -13 -15 -12 -15 -11 -15 -11 -15 -9 -14 -9 -15 -8 -15 -8 -15 -7 -15 -6 -16 -6 -15 -6 -16 -6 -15 -6 -14 -7 -13 -7 -12 -7 -12 -7 -11 -7 -10 -7 -9 -7 -8 -7 -7 -6 0 0 0 0 0 0 0 0 0 0 0 0 0 0 0 0 0 0 0 0 0 0 -14 -6 -14 -8 -13 -9 -13 -10 -12 -11 -13 -13 -12 -13 -11 -14 -11 -14 -11 -15 -11 -16 -10 -15 -10 -15 -11 -15 -10 -15 -11 -15 -11 -15 -11 -15 -13 -15 -13 -14 -13 -15 -13 -14 -14 -14 -15 -14 -16 -14 -16 -14]
,,,-80,0,0,0,0,0,0,0,0,0,0,-92,0,6,1726018796372,0,0,0,0,1726018796372,124,[-9 20 -9 20 -8 20 -7 19 -6 19 -6 18 -5 18 -4 19 -3 18 -2 18 -2 18 -1 18 -1 18 -1 18 -1 18 -1 17 -1 17 -2 16 -2 15 -3 15 -3 13 -4 11 -4 11 -4 13 10 -4 9 0 0 0 0 0 0 0 0 0 0 0 0 0 0 0 0 0 0 0 0 0 0 -2 16 -4 17 -6 16 -7 17 -8 16 -9 18 -11 17 -12 18 -13 17 -13 15 -14 16 -14 16 -14 15 -13 15 -13 16 -13 16 -12 16 -12 17 -12 17 -11 17 -11 18 -11 18 -11 19 -11 20 -10 21 -10]
,,,-80,0,0,0,0,0,0,0,0,0,0,-92,0,6,1726018796390,0,0,0,0,1726018796390,124,[-21 8 -20 8 -19 8 -18 8 -18 9 -17 8 -16 9 -15 9 -14 13 10 -13 13 10 -14 13 10 -14 11 -13 11 -12 11 -12 11 -13 13 10 -12 9 -12 9 -11 8 -11 7 -11 6 -11 5 -10 5 -8 4 -8 3 0 0 0 0 0 0 0 0 0 0 0 0 0 0 0 0 0 0 0 0 0 0 -12 9 -13 9 -14 8 -16 8 -16 7 -18 6 -18 5 -18 4 -19 3 -19 3 -19 2 -19 2 -19 2 -19 2 -19 2 -19 3 -19 3 -19 4 -20 4 -19 5 -20 6 -20 6 -20 6 -21 7]
,,,-80,0,0,0,0,0,0,0,0,0,0,-92,0,6,1726018796411,0,0,0,0,1726018796411,124,[-22 -4 -23 -4 -21 -3 -22 -3 -20 -2 -19 -2 -19 -1 -19 0 -17 1 -18 1 -18 1 -17 2 -18 1 -16 2 -17 2 -16 2 -16 2 -15 1 -14 1 -14 1 -12 -1 -11 -2 -11 -2 -10 -2 -9 -2 0 0 0 0 0 0 0 0 0 0 0 0 0 0 0 0 0 0 0 0 0 0 -15 2 -16 1 -16 0 -17 -1 -17 -2 -18 -3 -18 -4 -18 -5 -18 -6 -18 -7 -18 -8 -18 -7 -18 -8 -17 -8 -18 -8 -17 -6 -18 -6 -18 -6 -20 -6 -20 -5 -20 -5 -21 -4 -20 -4 -22 -4 -22 -3 -23 -3]
,,,-80,0,0,0,0,0,0,0,0,0,0,-92,0,6,1726018796436,0,0,0,0,1726018796436,124,[-16 15 -16 15 -15 15 -15 15 -14 15 -13 15 -12 14 -11 15 -10 15 -9 15 -10 15 -9 15 -9 15 -8 15 -8 15 -9 14 -9 14 -9 13 -9 12 -9 11 -9 9 -9 8 -9 8 -8 7 -8 5 0 0 0 0 0 0 0 0 0 0 0 0 0 0 0 0 0 0 0 0 0 0 -8 12 -10 13 -11 12 -12 12 -13 11 -15 12 -16 11 -16 13 10 -17 9 -17 9 -18 9 -17 9 -18 8 -18 8 -17 8 -17 9 -17 13 10 -16 13 10 -17 11 -17 11 -17 12 -16 13 -16 13 -17 14 -17]
,,,-80,0,0,0,0,0,0,0,0,0,0,-92,0,6,1726018796451,0,0,0,0,1726018796451,124,[-4 27 -4 28 -3 26 -3 26 -2 25 -2 24 0 23 1 24 2 23 3 22 3 22 4 22 4 22 3 22 3 22 3 21 2 21 2 20 1 19 0 19 -1 16 -1 15 -2 13 -3 13 -4 12 0 0 0 0 0 0 0 0 0 0 0 0 0 0 0 0 0 0 0 0 0 0 3 19 1 21 -1 21 -2 22 -4 22 -5 24 -8 23 -9 23 -10 23 -10 23 -10 23 -11 23 -10 22 -10 22 -10 22 -10 22 -9 23 -9 23 -8 24 -8 24 -7 24 -7 25 -6 25 -5 26 -5 27 -4 28]
,,,-80,0,0,0,0,0,0,0,0,0,0,-92,0,6,1726018796472,0,0,0,0,1726018796472,124,[-15 17 -14 16 -13 16 -12 15 -12 16 -11 16 -10 15 -9 15 -9 16 -8 16 -8 16 -7 15 -7 15 -6 16 -6 15 -7 15 -6 14 -6 14 -6 13 -7 12 -7 13 10 -8 9 -7 8 -7 8 -7 6 0 0 0 0 0 0 0 0 0 0 0 0 0 0 0 0 0 0 0 0 0 0 -7 15 -9 14 -11 14 -12 13 -13 14 -14 13 -16 13 -16 12 -17 11 -18 13 10 -18 13 10 -18 13 10 -18 13 10 -18 9 -17 9 -18 11 -17 11 -17 12 -16 12 -16 13 -16 13 -16 14 -16 14 -16]
,,,-80,0,0,0,0,0,0,0,0,0,0,-92,0,6,1726018796494,0,0,0,0,1726018796494,124,[2 -23 3 -23 2 -23 2 -22 1 -21 1 -21 0 -20 -1 -20 -2 -19 -3 -20 -3 -19 -3 -18 -4 -18 -5 -18 -4 -18 -4 -17 -4 -18 -3 -17 -2 -16 -2 -15 -1 -14 0 -13 1 -13 1 -11 2 -10 0 0 0 0 0 0 0 0 0 0 0 0 0 0 0 0 0 0 0 0 0 0 -3 -17 -1 -18 0 -18 1 -19 2 -19 4 -20 5 -20 7 -20 7 -20 8 -19 8 -20 9 -19 8 -19 8 -18 8 -19 7 -19 7 -19 7 -21 6 -21 6 -20 5 -21 4 -21 4 -22 5 -23 4 -23 4 -24]
,,,-80,0,0,0,0,0,0,0,0,0,0,-92,0,6,1726018796509,0,0,0,0,1726018796509,124,[11 -17 11 -17 13 10 -17 13 10 -17 9 -16 8 -16 7 -16 6 -16 5 -16 4 -17 4 -16 4 -15 3 -16 3 -16 3 -16 3 -15 3 -15 3 -15 4 -13 4 -13 4 -12 5 -10 5 -10 5 -9 5 -8 0 0 0 0 0 0 0 0 0 0 0 0 0 0 0 0 0 0 0 0 0 0 3 -14 5 -14 6 -14 8 -14 8 -14 13 10 -14 11 -14 12 -13 13 -13 13 -12 14 -13 14 -12 14 -12 14 -11 14 -12 13 -12 13 -12 12 -13 13 -14 13 -14 13 -15 12 -15 12 -15 12 -16 12]
,,,-80,0,0,0,0,0,0,0,0,0,0,-92,0,6,1726018796543,0,0,0,0,1726018796543,124,[-6 -25 -7 -25 -7 -24 -7 -23 -7 -21 -8 -21 -9 -20 -9 -19 -10 -18 -11 -18 -11 -17 -12 -17 -12 -17 -11 -17 -13 -17 -11 -16 -11 -17 -10 -16 -9 -16 -8 -16 -7 -14 -6 -14 -5 -14 -3 -13 -2 -12 0 0 0 0 0 0 0 0 0 0 0 0 0 0 0 0 0 0 0 0 0 0 -10 -16 -9 -18 -8 -18 -7 -20 -6 -20 -5 -23 -3 -23 -2 -24 -1 -24 0 -24 1 -25 2 -23 0 -23 1 -22 1 -23 0 -23 0 -23 -1 -23 -2 -24 -2 -24 -3 -24 -4 -25 -4 -24 -5 -25 -5 -25 -6 -26]
,,,-80,0,0,0,0,0,0,0,0,0,0,-92,0,6,1726018796555,0,0,0,0,1726018796555,124,[25 6 25 5 24 5 24 4 23 3 22 2 22 1 20 0 20 -1 20 -2 21 -2 20 -2 20 -3 19 -3 19 -3 20 -3 19 -2 18 -2 17 -1 16 -1 15 1 15 1 13 2 12 3 13 10 3 0 0 0 0 0 0 0 0 0 0 0 0 0 0 0 0 0 0 0 0 0 0 18 -2 19 0 19 1 20 2 21 4 21 6 21 7 21 8 20 13 10 21 11 20 11 20 11 20 12 20 11 20 11 19 13 10 20 9 20 13 10 22 9 22 8 23 7 24 7 23 7 25 7]
,,,-80,0,0,0,0,0,0,0,0,0,0,-92,0,6,1726018796570,0,0,0,0,1726018796570,124,[-16 27 -15 29 -13 27 -12 26 -12 26 -11 25 -8 25 -8 25 -6 25 -5 25 -5 25 -4 25 -4 25 -3 25 -4 26 -4 24 -4 24 -5 23 -6 21 -6 20 -7 18 -7 16 -8 15 -8 15 -9 12 0 0 0 0 0 0 0 0 0 0 0 0 0 0 0 0 0 0 0 0 0 0 -3 22 -5 25 -7 24 -9 24 -11 23 -14 25 -16 23 -17 24 -19 22 -19 21 -20 23 -19 21 -19 21 -19 20 -19 20 -19 21 -19 22 -17 23 -17 23 -16 23 -16 23 -17 24 -16 26 -15 29 -15 29 -14 30]
,,,-80,0,0,0,0,0,0,0,0,0,0,-92,0,6,1726018796590,0,0,0,0,1726018796590,124,[-7 22 -6 22 -5 22 -5 21 -4 21 -3 20 -2 20 -1 20 0 20 1 20 1 19 1 19 2 19 3 19 2 19 1 18 2 18 1 18 1 17 0 16 -1 15 -2 13 -2 13 -3 12 -3 11 0 0 0 0 0 0 0 0 0 0 0 0 0 0 0 0 0 0 0 0 0 0 0 18 -1 19 -3 19 -5 19 -6 19 -8 20 -9 20 -10 20 -11 19 -12 19 -13 19 -13 18 -12 18 -12 18 -12 18 -12 18 -11 19 -11 19 -10 19 -9 20 -9 21 -8 21 -8 22 -8 22 -8 22 -7 24]
,,,-80,0,0,0,0,0,0,0,0,0,0,-92,0,6,1726018796610,0,0,0,0,1726018796610,124,[-10 21 -10 21 -8 21 -8 21 -7 20 -6 20 -5 20 -4 20 -2 19 -1 20 -2 19 -1 19 -1 19 -1 19 0 20 -1 18 -1 18 -1 17 -2 16 -2 16 -3 14 -4 13 -4 12 -4 12 -5 13 10 0 0 0 0 0 0 0 0 0 0 0 0 0 0 0 0 0 0 0 0 0 0 -2 18 -4 19 -6 18 -7 19 -9 19 -11 20 -12 19 -13 19 -14 18 -15 17 -15 18 -15 17 -15 17 -15 17 -15 16 -15 17 -14 17 -13 17 -14 18 -13 18 -13 19 -12 19 -11 20 -11 21 -10 22 -10]
,,,-80,0,0,0,0,0,0,0,0,0,0,-92,0,6,1726018796633,0,0,0,0,1726018796633,124,[-8 -21 -8 -21 -8 -21 -8 -20 -8 -19 -9 -18 -9 -18 -10 -17 -10 -17 -11 -16 -11 -15 -11 -14 -12 -14 -12 -15 -11 -15 -11 -14 -10 -14 -10 -14 -9 -14 -8 -14 -7 -13 -6 -12 -5 -11 -4 -12 -3 -10 0 0 0 0 0 0 0 0 0 0 0 0 0 0 0 0 0 0 0 0 0 0 -9 -14 -7 -15 -7 -16 -6 -17 -5 -18 -4 -19 -3 -20 -2 -20 -1 -21 0 -21 0 -21 0 -21 0 -20 0 -20 0 -20 0 -21 -1 -20 -1 -21 -2 -20 -3 -20 -3 -20 -4 -21 -5 -21 -6 -21 -6 -22 -6 -22]
,,,-80,0,0,0,0,0,0,0,0,0,0,-92,0,6,1726018796663,0,0,0,0,1726018796663,124,[14 -20 15 -20 13 -20 13 -19 11 -19 13 10 -19 9 -19 8 -20 7 -19 6 -20 6 -19 5 -20 5 -20 5 -20 5 -21 5 -19 5 -19 5 -19 5 -18 5 -18 7 -16 7 -14 7 -13 7 -12 8 -11 0 0 0 0 0 0 0 0 0 0 0 0 0 0 0 0 0 0 0 0 0 0 7 -18 9 -18 13 10 -17 12 -17 13 -16 15 -16 16 -16 17 -16 18 -14 18 -13 19 -13 18 -13 18 -13 18 -12 18 -12 18 -13 17 -14 16 -14 17 -15 16 -16 16 -17 16 -17 15 -19 16 -19 16 -19]
,,,-80,0,0,0,0,0,0,0,0,0,0,-92,0,6,1726018796675,0,0,0,0,1726018796675,124,[20 -4 20 -4 19 -4 19 -5 18 -5 17 -6 16 -6 15 -7 15 -8 14 -8 14 -8 14 -9 14 -9 13 -9 13 -9 14 -9 13 -9 13 -8 12 -7 12 -7 12 -5 12 -5 12 -4 13 10 -3 13 10 -2 0 0 0 0 0 0 0 0 0 0 0 0 0 0 0 0 0 0 0 0 0 0 14 -6 15 -5 16 -4 17 -3 17 -2 18 -1 18 0 18 1 18 2 18 3 18 3 18 3 18 3 17 3 18 3 17 2 17 2 17 1 18 1 18 0 19 -1 19 -1 19 -1 20 -2 21 -3]
,,,-80,0,0,0,0,0,0,0,0,0,0,-92,0,6,1726018796691,0,0,0,0,1726018796691,124,[21 0 21 0 19 -1 20 -1 19 -2 18 -3 18 -4 16 -5 16 -5 16 -6 16 -6 15 -7 16 -7 15 -7 15 -7 15 -7 15 -7 14 -6 14 -5 13 -5 13 -4 13 -3 12 -2 13 10 -2 13 10 -1 0 0 0 0 0 0 0 0 0 0 0 0 0 0 0 0 0 0 0 0 0 0 17 -4 18 -3 18 -2 20 -1 19 1 21 2 21 4 20 4 20 6 20 6 20 7 19 7 20 7 19 7 19 7 18 6 19 5 19 5 20 4 20 4 20 3 21 2 20 2 22 2 22 1]
,,,-80,0,0,0,0,0,0,0,0,0,0,-92,0,6,1726018796717,0,0,0,0,1726018796717,124,[-16 12 -15 12 -14 12 -13 12 -13 12 -12 12 -11 12 -9 13 -8 13 -8 14 -8 13 -7 14 -7 14 -6 14 -6 14 -7 14 -7 14 -7 12 -7 12 -7 11 -8 9 -8 8 -8 8 -7 7 -7 6 0 0 0 0 0 0 0 0 0 0 0 0 0 0 0 0 0 0 0 0 0 0 -13 13 -14 12 -16 11 -17 11 -18 13 10 -19 13 10 -19 8 -20 7 -20 7 -21 6 -21 7 -20 6 -20 5 -19 6 -19 6 -19 6 -18 7 -18 7 -18 7 -18 8 -17 9 -17 13 10 -17 11 -17 11 -17]
,,,-80,0,0,0,0,0,0,0,0,0,0,-92,0,6,1726018796730,0,0,0,0,1726018796730,124,[-8 21 -8 21 -7 20 -7 20 -6 20 -5 19 -4 18 -2 19 -1 18 0 18 0 18 1 18 1 19 2 18 2 19 1 18 1 18 1 18 0 17 0 17 -2 15 -2 14 -3 14 -3 13 -5 11 0 0 0 0 0 0 0 0 0 0 0 0 0 0 0 0 0 0 0 0 0 0 -4 20 -7 21 -8 20 -10 20 -11 19 -13 20 -14 19 -14 18 -15 18 -15 17 -15 18 -15 17 -15 16 -14 16 -14 16 -14 16 -13 17 -13 17 -12 18 -12 18 -11 18 -11 19 -10 19 -10 20 -9 21 -9 22]
,,,-80,0,0,0,0,0,0,0,0,0,0,-92,0,6,1726018796758,0,0,0,0,1726018796758,124,[18 8 19 8 18 7 19 7 18 6 17 5 17 4 16 4 17 2 17 1 18 1 17 0 18 -1 17 -1 18 -1 17 -1 18 -1 17 -1 16 -1 16 0 15 1 14 2 14 2 12 3 12 3 0 0 0 0 0 0 0 0 0 0 0 0 0 0 0 0 0 0 0 0 0 0 15 3 15 5 15 5 16 7 15 8 15 13 10 14 11 13 11 14 12 13 13 13 13 12 13 12 13 12 13 12 12 12 12 12 12 12 11 14 13 10 14 11 15 13 10 16 13 10 16 13 10 17]
,,,-80,0,0,0,0,0,0,0,0,0,0,-92,0,6,1726018796775,0,0,0,0,1726018796775,124,[-9 22 -8 22 -8 22 -7 22 -6 22 -5 21 -4 20 -3 20 -2 20 -1 20 0 20 1 20 2 20 2 21 3 21 2 21 3 21 2 20 2 20 1 19 0 18 -1 17 -2 16 -3 16 -4 14 0 0 0 0 0 0 0 0 0 0 0 0 0 0 0 0 0 0 0 0 0 0 1 16 -1 17 -3 17 -4 17 -5 18 -7 19 -9 19 -10 18 -11 18 -12 17 -13 17 -13 16 -13 16 -13 15 -13 15 -13 16 -12 17 -12 17 -12 18 -12 18 -11 19 -10 19 -10 21 -11 21 -11 22 -9 23]
,,,-80,0,0,0,0,0,0,0,0,0,0,-92,0,6,1726018796796,0,0,0,0,1726018796796,124,[8 -20 8 -20 7 -20 7 -19 6 -19 5 -19 4 -18 3 -19 1 -19 0 -19 0 -19 0 -19 -1 -19 -1 -19 -1 -20 -1 -19 -1 -19 -1 -19 -1 -18 0 -18 1 -17 1 -16 2 -15 3 -15 4 -14 0 0 0 0 0 0 0 0 0 0 0 0 0 0 0 0 0 0 0 0 0 0 -2 -13 0 -14 1 -14 3 -14 4 -15 6 -16 7 -15 8 -15 9 -15 13 10 -14 13 10 -15 11 -14 11 -14 11 -14 11 -14 11 -14 11 -14 13 10 -15 13 10 -16 13 10 -15 13 10 -17 13 10 -17 9]
,,,-80,0,0,0,0,0,0,0,0,0,0,-92,0,6,1726018796818,0,0,0,0,1726018796818,124,[16 -14 16 -15 15 -14 15 -15 14 -15 13 -15 12 -15 13 10 -16 13 10 -16 9 -17 9 -17 8 -17 8 -18 7 -18 7 -18 8 -18 8 -18 7 -18 8 -16 8 -16 9 -15 9 -13 13 10 -13 9 -12 13 10 -11 0 0 0 0 0 0 0 0 0 0 0 0 0 0 0 0 0 0 0 0 0 0 3 -12 5 -12 7 -11 8 -11 9 -11 11 -11 12 -10 13 -9 14 -9 14 -8 15 -8 15 -8 15 -7 15 -7 16 -7 15 -8 15 -8 15 -9 16 -9 16 -10 16 -11 16 -11 16 -11 17 -13]
,,,-80,0,0,0,0,0,0,0,0,0,0,-92,0,6,1726018796830,0,0,0,0,1726018796830,124,[1 21 1 22 2 20 2 21 3 20 4 19 5 18 6 18 7 17 8 17 8 17 9 17 9 17 9 17 13 10 18 9 17 13 10 17 9 17 8 16 8 16 6 15 5 15 4 14 3 14 2 14 0 0 0 0 0 0 0 0 0 0 0 0 0 0 0 0 0 0 0 0 0 0 7 13 10 6 12 4 12 4 13 2 13 2 16 0 16 -1 16 -2 17 -2 16 -3 17 -3 17 -3 17 -4 17 -4 17 -4 17 -4 18 -3 17 -2 18 -2 19 -1 19 -1 20 0 20 0 21 1]
,,,-80,0,0,0,0,0,0,0,0,0,0,-92,0,6,1726018796863,0,0,0,0,1726018796863,124,[13 -16 13 -16 11 -16 12 -16 13 10 -16 9 -16 9 -16 7 -16 6 -17 5 -17 5 -17 4 -17 4 -18 3 -18 4 -19 4 -18 4 -18 4 -17 5 -17 5 -16 6 -15 6 -13 6 -13 6 -12 6 -11 0 0 0 0 0 0 0 0 0 0 0 0 0 0 0 0 0 0 0 0 0 0 2 -12 4 -13 5 -12 7 -12 8 -12 9 -12 13 10 -11 11 -11 12 -11 12 -10 13 -11 13 -10 13 -10 13 -9 14 -9 13 -10 13 -10 13 -10 14 -11 14 -11 14 -12 14 -13 12 -13 13 -15 13 -15]
,,,-80,0,0,0,0,0,0,0,0,0,0,-92,0,6,1726018796875,0,0,0,0,1726018796875,124,[19 -5 19 -5 18 -6 18 -6 18 -6 17 -7 16 -7 15 -8 14 -9 14 -10 14 -10 14 -10 14 -11 13 -11 13 -12 14 -11 13 -11 13 -11 13 -10 13 -9 13 -8 12 -7 12 -6 11 -5 11 -4 0 0 0 0 0 0 0 0 0 0 0 0 0 0 0 0 0 0 0 0 0 0 8 -8 13 10 -7 11 -6 12 -6 13 -5 14 -5 14 -3 15 -3 15 -1 16 -1 16 -1 16 0 16 0 16 0 16 0 16 0 16 -1 16 -1 17 -1 18 -1 18 -2 18 -2 18 -3 19 -3 20 -4 20]
,,,-80,0,0,0,0,0,0,0,0,0,0,-92,0,6,1726018796895,0,0,0,0,1726018796895,124,[32 5 33 4 30 4 31 3 30 2 29 1 28 -1 27 -1 26 -3 26 -5 27 -6 26 -7 26 -8 25 -8 26 -8 26 -8 26 -6 25 -7 24 -5 23 -4 23 -2 22 -1 21 -1 19 0 17 1 0 0 0 0 0 0 0 0 0 0 0 0 0 0 0 0 0 0 0 0 0 0 18 -8 20 -6 22 -4 23 -3 24 -2 25 1 25 3 25 4 25 6 25 7 25 8 24 8 25 9 25 9 24 9 24 9 25 8 26 8 28 7 28 8 29 7 30 6 29 6 32 6 32 5 33 4]
,,,-80,0,0,0,0,0,0,0,0,0,0,-92,0,6,1726018796912,0,0,0,0,1726018796912,124,[-34 4 -33 2 -31 5 -31 4 -30 6 -30 7 -27 8 -25 9 -25 13 10 -25 12 -25 12 -24 13 -24 14 -23 15 -23 16 -24 15 -23 14 -23 13 -22 12 -23 11 -22 9 -21 7 -21 6 -19 5 -18 3 0 0 0 0 0 0 0 0 0 0 0 0 0 0 0 0 0 0 0 0 0 0 -22 13 10 -25 7 -25 7 -26 4 -27 4 -28 2 -29 -1 -29 -3 -28 -3 -30 -6 -29 -6 -28 -6 -28 -7 -29 -6 -28 -5 -29 -4 -28 -4 -29 -5 -30 -4 -30 -1 -30 -2 -31 0 -32 -1 -33 0 -33 2]
,,,-80,0,0,0,0,0,0,0,0,0,0,-92,0,6,1726018796932,0,0,0,0,1726018796932,124,[-22 -8 -23 -8 -20 -7 -21 -6 -21 -5 -20 -5 -20 -3 -20 -2 -19 -2 -20 -1 -20 0 -20 1 -21 2 -19 1 -20 1 -19 1 -20 0 -18 0 -17 -1 -17 -1 -16 -3 -15 -2 -14 -3 -12 -4 -11 -5 0 0 0 0 0 0 0 0 0 0 0 0 0 0 0 0 0 0 0 0 0 0 -18 -3 -20 -5 -18 -6 -20 -8 -18 -9 -19 -11 -18 -12 -18 -13 -17 -13 -17 -13 -17 -14 -17 -14 -17 -14 -17 -14 -18 -14 -17 -13 -17 -13 -17 -12 -19 -12 -19 -12 -20 -11 -20 -11 -20 -10 -21 -10 -22 -9 -22 -10]
,,,-80,0,0,0,0,0,0,0,0,0,0,-92,0,6,1726018796951,0,0,0,0,1726018796951,124,[21 13 10 21 13 10 20 9 19 8 20 7 19 6 19 4 19 3 19 3 19 2 19 1 19 0 19 0 19 -1 19 0 20 0 19 1 18 1 17 2 16 2 16 2 15 3 14 4 11 5 13 10 5 0 0 0 0 0 0 0 0 0 0 0 0 0 0 0 0 0 0 0 0 0 0 19 7 18 9 19 9 18 11 19 12 17 14 17 15 16 16 16 16 15 17 15 18 14 17 15 17 14 16 15 16 15 15 15 15 16 15 17 14 18 14 18 13 19 12 19 13 20 13 20]
,,,-80,0,0,0,0,0,0,0,0,0,0,-92,0,6,1726018796970,0,0,0,0,1726018796970,124,[-18 -5 -19 -4 -17 -3 -17 -3 -17 -2 -16 -1 -15 0 -15 0 -14 1 -15 2 -15 2 -15 3 -15 3 -14 3 -15 3 -14 3 -14 3 -13 2 -13 1 -13 1 -12 0 -11 0 -11 -1 -9 -2 -8 -2 0 0 0 0 0 0 0 0 0 0 0 0 0 0 0 0 0 0 0 0 0 0 -18 -2 -18 -4 -18 -5 -19 -6 -18 -7 -18 -9 -18 -10 -17 -10 -17 -10 -17 -11 -16 -12 -16 -11 -16 -11 -16 -11 -16 -11 -16 -10 -16 -9 -16 -9 -17 -8 -17 -7 -18 -7 -18 -7 -18 -6 -19 -7 -19 -6 -19 -6]
,,,-80,0,0,0,0,0,0,0,0,0,0,-92,0,6,1726018796997,0,0,0,0,1726018796997,124,[12 -25 11 -26 13 10 -25 9 -25 8 -24 6 -23 4 -23 3 -23 1 -23 1 -23 1 -22 0 -21 -1 -22 -1 -23 -2 -24 -1 -22 -1 -22 -1 -21 1 -20 1 -20 2 -17 3 -15 4 -15 5 -14 6 -12 0 0 0 0 0 0 0 0 0 0 0 0 0 0 0 0 0 0 0 0 0 0 4 -26 7 -27 8 -26 11 -27 12 -25 15 -27 15 -26 17 -25 17 -25 18 -23 20 -23 20 -23 19 -22 19 -21 19 -22 17 -22 16 -23 16 -24 16 -25 15 -25 14 -25 15 -27 14 -27 15 -27 15 -27 13]
,,,-80,0,0,0,0,0,0,0,0,0,0,-92,0,6,1726018797028,0,0,0,0,1726018797028,124,[-19 -13 -18 -13 -18 -12 -17 -11 -17 -10 -17 -9 -17 -8 -16 -8 -17 -6 -17 -6 -17 -5 -17 -4 -18 -4 -17 -5 -17 -5 -17 -4 -17 -5 -15 -5 -15 -5 -14 -6 -13 -6 -12 -6 -11 -6 -10 -7 -8 -7 0 0 0 0 0 0 0 0 0 0 0 0 0 0 0 0 0 0 0 0 0 0 -17 -7 -16 -9 -17 -11 -16 -12 -16 -13 -15 -15 -15 -15 -14 -16 -14 -17 -13 -17 -13 -17 -12 -17 -13 -17 -12 -17 -13 -16 -13 -16 -13 -16 -14 -15 -15 -15 -16 -15 -17 -15 -17 -14 -17 -15 -18 -15 -19 -14 -19 -14]
,,,-80,0,0,0,0,0,0,0,0,0,0,-92,0,6,1726018797039,0,0,0,0,1726018797039,124,[-16 18 -16 18 -14 19 -14 17 -13 18 -12 17 -10 17 -8 17 -7 18 -7 18 -6 18 -6 18 -6 18 -4 18 -5 18 -5 18 -5 18 -6 17 -5 16 -6 15 -7 13 -7 12 -8 11 -7 13 10 -8 8 0 0 0 0 0 0 0 0 0 0 0 0 0 0 0 0 0 0 0 0 0 0 -9 17 -11 17 -13 16 -14 16 -15 15 -17 16 -17 15 -18 14 -19 13 -20 12 -20 13 -20 13 -19 12 -20 12 -19 12 -18 13 -18 13 -17 14 -18 15 -17 16 -18 16 -17 17 -17 18 -17 19 -17 19 -16]
,,,-80,0,0,0,0,0,0,0,0,0,0,-92,0,6,1726018797066,0,0,0,0,1726018797066,124,[-12 -22 -12 -22 -11 -21 -12 -20 -12 -19 -13 -18 -13 -17 -13 -16 -14 -16 -15 -15 -15 -14 -15 -13 -16 -13 -16 -13 -16 -13 -15 -13 -15 -14 -14 -14 -13 -14 -12 -14 -11 -13 -10 -12 -9 -12 -7 -12 -6 -12 0 0 0 0 0 0 0 0 0 0 0 0 0 0 0 0 0 0 0 0 0 0 -14 -13 -13 -15 -12 -16 -12 -17 -10 -18 -10 -21 -9 -20 -7 -21 -7 -21 -6 -22 -5 -23 -5 -22 -5 -22 -5 -22 -6 -22 -6 -22 -6 -22 -6 -22 -8 -22 -9 -22 -9 -22 -10 -22 -10 -22 -11 -23 -11 -23 -12 -24]
,,,-80,0,0,0,0,0,0,0,0,0,0,-92,0,6,1726018797078,0,0,0,0,1726018797078,124,[7 -21 6 -21 6 -21 5 -20 5 -20 4 -19 3 -19 2 -19 0 -19 0 -19 -1 -18 -1 -18 -2 -18 -1 -19 -2 -19 -2 -18 -1 -18 0 -18 0 -17 1 -16 1 -14 2 -14 2 -13 3 -12 3 -11 0 0 0 0 0 0 0 0 0 0 0 0 0 0 0 0 0 0 0 0 0 0 -1 -17 1 -18 2 -18 3 -18 4 -18 6 -19 7 -19 8 -19 9 -18 13 10 -18 13 10 -18 13 10 -18 13 10 -17 13 10 -17 13 10 -17 13 10 -18 13 10 -18 9 -18 9 -19 9 -19 9 -20 9 -20]
,,,-80,0,0,0,0,0,0,0,0,0,0,-92,0,6,1726018797094,0,0,0,0,1726018797094,124,[-29 -12 -28 -11 -27 -11 -27 -9 -27 -8 -26 -6 -26 -4 -25 -3 -25 -3 -25 -2 -25 -2 -25 0 -25 1 -25 2 -25 2 -25 2 -25 1 -24 1 -23 0 -22 -1 -21 -1 -20 -3 -19 -4 -16 -5 -15 -5 0 0 0 0 0 0 0 0 0 0 0 0 0 0 0 0 0 0 0 0 0 0 -22 -2 -23 -5 -24 -6 -24 -7 -24 -9 -23 -12 -24 -13 -23 -14 -22 -15 -22 -17 -21 -19 -20 -19 -21 -19 -21 -18 -21 -18 -22 -17 -22 -17 -23 -16 -24 -16 -25 -15 -25 -15 -27 -14 -26 -15 -28 -15 -28 -16 -28 -15]
,,,-80,0,0,0,0,0,0,0,0,0,0,-92,0,6,1726018797109,0,0,0,0,1726018797109,124,[-15 15 -15 15 -13 15 -13 15 -12 15 -11 15 -10 15 -9 15 -7 16 -6 16 -7 16 -6 16 -5 17 -5 16 -4 17 -5 16 -4 17 -5 16 -5 15 -5 15 -6 13 -6 12 -7 12 -7 11 -7 13 10 0 0 0 0 0 0 0 0 0 0 0 0 0 0 0 0 0 0 0 0 0 0 -6 16 -8 16 -10 15 -11 15 -12 14 -14 14 -15 14 -16 13 -16 12 -17 13 10 -18 11 -17 13 10 -17 13 10 -17 9 -17 13 10 -17 13 10 -17 11 -16 11 -16 12 -16 12 -16 13 -16 14 -16 14]
,,,-80,0,0,0,0,0,0,0,0,0,0,-92,0,6,1726018797129,0,0,0,0,1726018797129,124,[-12 18 -11 19 -10 18 -10 18 -9 17 -8 17 -6 17 -5 17 -4 17 -2 17 -3 17 -2 16 -2 17 -1 17 -1 17 -1 16 -1 17 -1 16 -1 15 -2 15 -3 14 -3 13 -3 12 -4 12 -5 11 0 0 0 0 0 0 0 0 0 0 0 0 0 0 0 0 0 0 0 0 0 0 -3 18 -5 19 -7 18 -9 18 -10 17 -12 18 -14 17 -14 16 -15 16 -15 14 -15 14 -15 14 -15 13 -15 13 -15 13 -14 13 -14 14 -13 14 -14 15 -13 15 -13 15 -13 17 -13 17 -13 18 -13 18 -12 19]
,,,-80,0,0,0,0,0,0,0,0,0,0,-92,0,6,1726018797151,0,0,0,0,1726018797151,124,[20 -21 19 -20 19 -21 17 -20 16 -20 15 -20 13 -20 11 -21 9 -22 7 -23 7 -22 6 -23 6 -22 5 -24 5 -23 6 -23 6 -23 6 -22 6 -21 7 -20 7 -18 8 -17 7 -16 8 -16 9 -14 0 0 0 0 0 0 0 0 0 0 0 0 0 0 0 0 0 0 0 0 0 0 16 -25 18 -23 20 -23 22 -21 25 -20 26 -19 27 -17 28 -16 28 -14 29 -13 28 -13 28 -12 27 -12 26 -12 25 -11 26 -14 23 -14 24 -15 23 -15 24 -16 24 -17 24 -19 23 -20 23 -20 23 -21 22 -21]
,,,-80,0,0,0,0,0,0,0,0,0,0,-92,0,6,1726018797170,0,0,0,0,1726018797170,124,[19 -11 19 -11 17 -11 17 -12 16 -12 14 -13 13 -13 11 -13 13 10 -14 13 10 -15 13 10 -15 9 -15 9 -16 8 -15 8 -16 9 -15 8 -15 8 -14 8 -13 8 -13 9 -11 8 -10 9 -10 8 -9 8 -7 0 0 0 0 0 0 0 0 0 0 0 0 0 0 0 0 0 0 0 0 0 0 18 -14 20 -13 21 -11 22 -10 23 -9 24 -8 24 -6 24 -6 24 -5 24 -4 24 -4 24 -4 23 -3 23 -4 23 -4 22 -5 21 -5 21 -6 22 -7 21 -8 21 -9 22 -9 21 -10 22 -11 22]
,,,-80,0,0,0,0,0,0,0,0,0,0,-92,0,6,1726018797189,0,0,0,0,1726018797189,124,[-31 -5 -31 -5 -29 -3 -29 -2 -28 -2 -27 -1 -26 1 -24 2 -24 4 -24 5 -24 5 -24 6 -24 6 -22 6 -23 6 -23 5 -22 4 -21 4 -20 3 -19 2 -19 0 -19 0 -18 -1 -15 -1 -14 -4 0 0 0 0 0 0 0 0 0 0 0 0 0 0 0 0 0 0 0 0 0 0 -30 1 -31 -2 -31 -4 -32 -6 -32 -8 -33 -10 -32 -12 -31 -14 -30 -14 -31 -15 -31 -15 -29 -15 -29 -15 -29 -15 -29 -15 -29 -13 -29 -12 -29 -12 -31 -11 -30 -10 -31 -9 -31 -9 -31 -8 -33 -7 -33 -6 -33 -6]
,,,-80,0,0,0,0,0,0,0,0,0,0,-92,0,6,1726018797209,0,0,0,0,1726018797209,124,[-24 -3 -24 -3 -22 -2 -22 -2 -22 -1 -21 0 -21 1 -19 2 -19 2 -19 3 -19 3 -19 4 -18 4 -18 4 -18 4 -18 3 -17 3 -16 2 -15 1 -15 0 -14 0 -13 -1 -13 -2 -10 -2 -9 -3 0 0 0 0 0 0 0 0 0 0 0 0 0 0 0 0 0 0 0 0 0 0 -21 1 -22 -1 -23 -2 -23 -3 -23 -5 -23 -6 -23 -8 -23 -8 -22 -10 -23 -10 -23 -10 -22 -10 -22 -10 -22 -10 -21 -9 -22 -9 -22 -8 -22 -8 -23 -7 -23 -6 -24 -6 -24 -5 -24 -5 -26 -5 -26 -4 -25 -4]
,,,-80,0,0,0,0,0,0,0,0,0,0,-92,0,6,1726018797229,0,0,0,0,1726018797229,124,[19 -3 19 -3 17 -4 17 -4 16 -5 16 -5 15 -5 14 -6 13 -7 13 -7 13 -7 13 -8 12 -7 11 -7 11 -8 12 -7 11 -7 13 10 -6 13 10 -6 13 10 -5 9 -4 9 -4 9 -3 8 -3 7 -2 0 0 0 0 0 0 0 0 0 0 0 0 0 0 0 0 0 0 0 0 0 0 14 -8 16 -7 16 -6 18 -5 18 -3 19 -3 19 -2 19 -1 19 0 19 1 19 1 18 1 19 1 18 1 18 1 18 0 18 -1 18 -1 19 -1 19 -2 19 -2 20 -2 19 -2 21 -3 20]
,,,-80,0,0,0,0,0,0,0,0,0,0,-92,0,6,1726018797249,0,0,0,0,1726018797249,124,[-8 -20 -8 -20 -8 -19 -8 -18 -8 -17 -9 -16 -9 -15 -10 -14 -10 -13 -11 -13 -12 -12 -12 -11 -12 -11 -11 -11 -11 -11 -11 -10 -11 -10 -10 -10 -9 -10 -9 -9 -8 -9 -8 -8 -7 -8 -6 -8 -4 -8 0 0 0 0 0 0 0 0 0 0 0 0 0 0 0 0 0 0 0 0 0 0 -11 -15 -10 -17 -9 -17 -9 -19 -8 -19 -6 -21 -5 -21 -4 -22 -3 -22 -3 -21 -2 -22 -3 -22 -3 -21 -3 -21 -3 -21 -3 -21 -4 -21 -4 -21 -5 -22 -5 -21 -6 -22 -6 -22 -6 -22 -7 -22 -8 -22 -8 -22]
,,,-80,0,0,0,0,0,0,0,0,0,0,-92,0,6,1726018797269,0,0,0,0,1726018797269,124,[4 21 5 21 5 20 5 19 6 18 6 17 7 16 7 16 9 15 13 10 14 13 10 13 13 10 12 13 10 12 11 13 11 12 13 10 12 13 10 12 9 12 8 12 7 12 6 11 6 11 5 13 10 4 11 2 13 10 0 0 0 0 0 0 0 0 0 0 0 0 0 0 0 0 0 0 0 0 0 0 9 15 9 16 7 18 6 18 5 20 4 21 3 22 1 22 0 22 -1 22 0 23 -1 22 -1 22 -1 21 -1 21 -1 22 0 22 0 22 1 22 1 22 1 22 2 22]
,,,-80,0,0,0,0,0,0,0,0,0,0,-92,0,6,1726018797289,0,0,0,0,1726018797289,124,[-22 -20 -22 -21 -21 -20 -22 -18 -22 -17 -22 -16 -22 -14 -22 -13 -22 -11 -23 -10 -24 -9 -24 -8 -25 -7 -24 -8 -25 -8 -24 -7 -24 -9 -23 -10 -20 -10 -20 -10 -18 -10 -17 -10 -17 -11 -14 -11 -12 -12 0 0 0 0 0 0 0 0 0 0 0 0 0 0 0 0 0 0 0 0 0 0 -22 -12 -22 -16 -21 -16 -22 -18 -19 -19 -19 -23 -18 -24 -17 -25 -15 -25 -15 -25 -15 -26 -14 -25 -15 -25 -15 -25 -15 -25 -15 -25 -15 -24 -15 -24 -17 -25 -18 -24 -19 -24 -19 -24 -19 -23 -21 -23 -22 -23 -22 -23]
,,,-80,0,0,0,0,0,0,0,0,0,0,-92,0,6,1726018797309,0,0,0,0,1726018797309,124,[9 17 8 17 9 16 13 10 16 13 10 14 9 14 13 10 12 13 10 12 13 10 11 11 13 10 11 13 10 11 9 12 9 12 9 12 9 12 9 11 13 10 13 10 9 13 10 9 9 9 8 8 8 9 6 9 5 9 4 9 0 0 0 0 0 0 0 0 0 0 0 0 0 0 0 0 0 0 0 0 0 0 11 12 13 10 14 9 14 9 15 8 16 7 17 6 18 5 18 5 19 4 18 3 19 4 18 4 18 4 17 4 17 4 17 4 18 5 17 6 17 7 17 8]
